* Source of data    : Royal Netherlands Meterological Institute (www.knmi.nl)
* File content      : Meteo from www.knmi.nl; input file for Swap 3.2 (www.swap.alterra.nl)
* File generated by : Alterra - Wageningen-UR (www.alterra.wur.nl)
* File generated at : 2017-02-27 11:38:43
Station,DD,MM,YYYY,Rad,Tmin,Tmax,Hum,Wind,Rain,ETref,Wet
'260',01,01,1993,3960.0,-8.5,-0.4,0.385,1.5,0.0,0.4,0.000
'260',02,01,1993,4030.0,-8.8,0.4,0.295,3.6,0.0,0.4,0.000
'260',03,01,1993,3710.0,-10.3,-3.3,0.273,3.1,0.0,0.3,0.000
'260',04,01,1993,1880.0,-9.6,-1.9,0.309,3.6,0.0,0.2,0.000
'260',05,01,1993,740.0,-1.9,5.4,0.514,5.1,9.1,0.1,0.413
'260',06,01,1993,450.0,5.3,9.6,1.019,5.7,13.4,0.1,0.446
'260',07,01,1993,2250.0,0.2,9.4,0.864,3.1,1.2,0.3,0.100
'260',08,01,1993,3380.0,1.3,9.7,0.728,4.1,2.4,0.4,0.096
'260',09,01,1993,670.0,0.7,11.2,0.871,6.2,3.2,0.1,0.146
'260',10,01,1993,520.0,8.1,12.4,1.109,8.2,2.5,0.1,0.212
'260',11,01,1993,860.0,6.6,11.7,0.954,8.2,3.5,0.1,0.092
'260',12,01,1993,3510.0,3.3,7.8,0.672,6.7,3.4,0.5,0.196
'260',13,01,1993,1450.0,4.1,15.1,0.990,7.7,2.3,0.2,0.163
'260',14,01,1993,3990.0,4.1,8.6,0.683,5.7,0.0,0.5,0.000
'260',15,01,1993,1830.0,3.6,12.5,0.874,6.7,0.2,0.3,0.017
'260',16,01,1993,1300.0,9.4,14.1,1.124,7.2,0.0,0.2,0.000
'260',17,01,1993,2030.0,5.1,11.5,0.821,5.7,0.5,0.3,0.029
'260',18,01,1993,4610.0,3.6,8.4,0.698,4.1,0.0,0.6,0.000
'260',19,01,1993,1420.0,3.7,9.3,0.757,5.1,0.9,0.2,0.071
'260',20,01,1993,480.0,8.7,11.0,1.118,7.7,16.1,0.1,0.767
'260',21,01,1993,2850.0,7.4,12.3,1.022,7.7,3.2,0.4,0.121
'260',22,01,1993,660.0,6.4,12.2,0.873,8.2,8.3,0.1,0.167
'260',23,01,1993,2960.0,5.3,11.6,0.881,6.2,0.6,0.4,0.079
'260',24,01,1993,2150.0,4.7,12.0,0.746,9.8,3.1,0.3,0.096
'260',25,01,1993,1700.0,0.9,7.1,0.556,6.7,3.4,0.2,0.142
'260',26,01,1993,1160.0,0.9,5.6,0.630,5.7,2.8,0.1,0.188
'260',27,01,1993,2470.0,1.4,6.1,0.594,2.6,0.0,0.3,0.000
'260',28,01,1993,1750.0,2.6,9.3,0.860,3.6,3.3,0.2,0.183
'260',29,01,1993,570.0,-0.1,8.6,0.739,3.6,1.1,0.1,0.117
'260',30,01,1993,2560.0,-1.2,3.9,0.572,3.6,0.0,0.3,0.000
'260',31,01,1993,3500.0,-2.3,3.9,0.605,1.5,0.0,0.4,0.000
'260',01,02,1993,6690.0,-5.1,1.5,0.468,3.1,0.0,0.7,0.000
'260',02,02,1993,800.0,0.4,3.1,0.681,3.1,0.1,0.1,0.042
'260',03,02,1993,1130.0,-0.1,3.7,0.681,2.1,0.0,0.1,0.000
'260',04,02,1993,1830.0,-1.2,0.9,0.602,2.1,0.0,0.2,0.000
'260',05,02,1993,1020.0,0.2,4.0,0.672,3.6,0.0,0.1,0.000
'260',06,02,1993,990.0,3.1,7.0,0.837,3.1,1.1,0.1,0.179
'260',07,02,1993,1540.0,3.9,7.1,0.838,1.5,0.1,0.2,0.042
'260',08,02,1993,1860.0,3.6,6.3,0.825,2.6,0.0,0.2,0.000
'260',09,02,1993,1500.0,3.6,5.5,0.833,3.6,0.1,0.2,0.004
'260',10,02,1993,2430.0,1.9,3.9,0.710,3.1,0.0,0.3,0.000
'260',11,02,1993,1050.0,-0.3,2.1,0.588,3.1,0.0,0.1,0.000
'260',12,02,1993,5930.0,-1.4,5.7,0.615,1.5,0.0,0.7,0.000
'260',13,02,1993,3620.0,-2.1,1.1,0.592,1.5,0.0,0.4,0.000
'260',14,02,1993,1650.0,-2.3,0.0,0.542,2.6,0.0,0.2,0.000
'260',15,02,1993,2480.0,-0.5,3.3,0.612,2.6,0.0,0.3,0.000
'260',16,02,1993,4810.0,0.4,8.6,0.733,2.6,1.2,0.6,0.117
'260',17,02,1993,1960.0,3.5,8.4,0.835,4.1,2.7,0.3,0.263
'260',18,02,1993,2390.0,2.6,7.9,0.791,4.1,1.4,0.3,0.071
'260',19,02,1993,4750.0,3.2,7.9,0.691,7.7,1.1,0.6,0.088
'260',20,02,1993,4950.0,1.7,7.5,0.656,5.7,3.0,0.6,0.108
'260',21,02,1993,5440.0,1.0,6.3,0.592,7.7,2.1,0.7,0.150
'260',22,02,1993,7420.0,-0.9,5.2,0.557,3.6,2.7,0.8,0.167
'260',23,02,1993,10620.0,-2.9,3.6,0.393,3.1,0.0,1.1,0.000
'260',24,02,1993,5510.0,-3.2,1.6,0.498,2.1,0.0,0.6,0.000
'260',25,02,1993,2500.0,-0.8,3.8,0.593,2.6,0.0,0.3,0.000
'260',26,02,1993,1780.0,1.5,3.8,0.694,3.1,4.7,0.2,0.583
'260',27,02,1993,8280.0,-2.2,4.7,0.454,4.6,1.6,0.9,0.142
'260',28,02,1993,6870.0,-3.9,4.3,0.535,2.6,4.5,0.7,0.200
'260',01,03,1993,6450.0,-3.7,4.1,0.494,5.7,0.0,0.7,0.000
'260',02,03,1993,9420.0,-0.1,6.1,0.486,8.2,0.0,1.1,0.000
'260',03,03,1993,10640.0,-2.8,2.5,0.423,4.6,0.0,1.1,0.000
'260',04,03,1993,3410.0,-2.5,3.1,0.479,2.1,0.0,0.4,0.000
'260',05,03,1993,3910.0,-2.3,5.5,0.549,2.6,1.8,0.5,0.133
'260',06,03,1993,3590.0,5.0,8.9,0.875,3.6,0.3,0.5,0.021
'260',07,03,1993,3520.0,3.4,7.5,0.795,2.6,0.1,0.5,0.004
'260',08,03,1993,13300.0,0.3,9.1,0.586,4.1,0.0,1.6,0.000
'260',09,03,1993,13330.0,-1.3,8.3,0.480,4.1,0.0,1.6,0.000
'260',10,03,1993,10040.0,0.6,12.2,0.695,2.6,0.0,1.3,0.000
'260',11,03,1993,9140.0,2.8,13.8,0.780,2.1,0.0,1.2,0.000
'260',12,03,1993,12070.0,0.6,16.1,0.694,2.1,0.0,1.7,0.000
'260',13,03,1993,12960.0,1.5,16.2,0.657,2.1,0.0,1.8,0.000
'260',14,03,1993,11130.0,0.2,17.3,0.791,2.1,0.0,1.6,0.000
'260',15,03,1993,13250.0,3.9,17.6,0.845,2.1,0.0,2.0,0.000
'260',16,03,1993,4220.0,7.2,12.7,0.996,5.7,0.0,0.6,0.000
'260',17,03,1993,8700.0,7.3,13.7,0.995,6.7,3.0,1.3,0.179
'260',18,03,1993,4060.0,5.1,12.3,0.836,5.7,0.2,0.6,0.042
'260',19,03,1993,14520.0,1.2,10.7,0.628,3.1,0.0,1.9,0.000
'260',20,03,1993,14980.0,-1.4,12.2,0.627,2.6,0.0,1.9,0.000
'260',21,03,1993,12860.0,0.6,15.3,0.738,2.6,0.0,1.8,0.000
'260',22,03,1993,5630.0,6.7,14.1,1.031,4.1,3.6,0.8,0.229
'260',23,03,1993,11810.0,1.9,9.5,0.625,4.6,0.0,1.6,0.000
'260',24,03,1993,14350.0,0.0,9.9,0.549,3.1,0.0,1.8,0.000
'260',25,03,1993,10410.0,1.5,8.8,0.590,4.6,0.4,1.3,0.021
'260',26,03,1993,14000.0,-0.2,10.1,0.506,4.1,0.1,1.8,0.021
'260',27,03,1993,16260.0,-4.5,8.3,0.407,2.1,0.0,1.9,0.000
'260',28,03,1993,19020.0,-3.6,7.8,0.415,3.6,0.0,2.2,0.000
'260',29,03,1993,18290.0,-2.9,9.6,0.363,3.1,0.0,2.2,0.000
'260',30,03,1993,15400.0,-0.9,13.0,0.439,4.1,0.0,2.1,0.000
'260',31,03,1993,5150.0,7.2,14.9,0.942,3.1,1.3,0.8,0.263
'260',01,04,1993,3510.0,6.6,13.8,1.052,2.6,2.3,0.5,0.121
'260',02,04,1993,6140.0,0.4,10.1,0.694,3.1,0.0,0.8,0.000
'260',03,04,1993,16400.0,-0.4,12.3,0.640,2.1,0.0,2.2,0.000
'260',04,04,1993,6120.0,1.3,8.5,0.691,3.1,0.7,0.8,0.083
'260',05,04,1993,5840.0,0.5,10.3,0.692,5.7,7.2,0.8,0.217
'260',06,04,1993,5160.0,6.4,10.6,0.877,6.7,5.2,0.7,0.296
'260',07,04,1993,4090.0,2.5,9.2,0.787,3.1,0.0,0.6,0.000
'260',08,04,1993,8540.0,-0.1,10.1,0.618,2.1,0.0,1.1,0.000
'260',09,04,1993,14330.0,2.3,13.1,0.638,5.1,0.5,2.0,0.050
'260',10,04,1993,14210.0,4.1,12.9,0.770,3.1,0.0,2.0,0.000
'260',11,04,1993,5410.0,4.3,10.9,0.931,3.1,1.5,0.7,0.117
'260',12,04,1993,7920.0,3.6,12.5,0.876,2.1,4.5,1.1,0.150
'260',13,04,1993,11950.0,1.6,13.0,0.815,2.1,0.0,1.6,0.000
'260',14,04,1993,14960.0,3.7,14.3,0.883,2.6,0.0,2.1,0.000
'260',15,04,1993,15370.0,3.1,14.4,0.866,3.1,0.0,2.2,0.000
'260',16,04,1993,17470.0,4.3,15.7,0.834,3.1,0.0,2.5,0.000
'260',17,04,1993,2910.0,9.4,11.3,1.128,4.6,2.2,0.4,0.117
'260',18,04,1993,5500.0,7.4,13.3,1.128,5.7,14.0,0.8,0.554
'260',19,04,1993,3150.0,7.3,12.0,1.085,3.1,4.2,0.5,0.312
'260',20,04,1993,21830.0,7.3,21.8,1.052,3.1,0.0,3.6,0.000
'260',21,04,1993,14950.0,7.0,21.0,1.130,2.6,0.0,2.4,0.000
'260',22,04,1993,8470.0,6.3,18.0,1.123,2.6,2.6,1.3,0.108
'260',23,04,1993,18860.0,9.2,19.2,1.137,4.1,0.0,3.1,0.000
'260',24,04,1993,18930.0,12.8,21.8,1.168,4.1,0.0,3.3,0.000
'260',25,04,1993,19450.0,9.8,20.2,1.144,2.6,0.0,3.2,0.000
'260',26,04,1993,19620.0,10.3,20.9,1.169,3.1,0.0,3.2,0.000
'260',27,04,1993,23180.0,10.5,23.6,1.023,5.7,0.0,3.9,0.000
'260',28,04,1993,22310.0,10.1,26.9,0.958,5.7,0.0,4.0,0.000
'260',29,04,1993,21830.0,13.6,26.8,0.947,5.7,0.0,4.0,0.000
'260',30,04,1993,21440.0,13.9,26.9,1.009,3.6,0.0,3.9,0.000
'260',01,05,1993,21140.0,9.5,23.4,1.234,3.1,0.0,3.6,0.000
'260',02,05,1993,3730.0,9.0,13.0,1.169,3.6,0.0,0.6,0.000
'260',03,05,1993,13390.0,3.5,12.5,0.686,4.1,0.0,1.9,0.000
'260',04,05,1993,22180.0,0.2,13.9,0.612,3.1,0.0,3.1,0.000
'260',05,05,1993,21700.0,2.3,13.6,0.622,4.6,0.0,3.1,0.000
'260',06,05,1993,23100.0,3.2,15.3,0.729,5.7,0.0,3.3,0.000
'260',07,05,1993,7460.0,7.3,14.7,0.996,6.2,0.0,1.1,0.000
'260',08,05,1993,17320.0,9.3,19.4,1.055,6.7,0.0,2.8,0.000
'260',09,05,1993,19550.0,8.8,25.3,1.112,5.1,9.9,3.3,0.192
'260',10,05,1993,22000.0,11.6,25.2,1.336,4.1,1.5,3.9,0.050
'260',11,05,1993,24490.0,13.3,26.1,1.238,5.1,0.0,4.5,0.000
'260',12,05,1993,23310.0,12.7,25.2,1.211,3.6,0.0,4.2,0.000
'260',13,05,1993,5820.0,9.9,15.8,1.304,3.6,0.4,0.9,0.104
'260',14,05,1993,7150.0,9.0,14.4,1.136,3.1,0.0,1.1,0.000
'260',15,05,1993,12000.0,6.1,15.3,0.824,4.1,0.8,1.8,0.079
'260',16,05,1993,22330.0,5.1,18.9,0.825,4.1,0.0,3.5,0.000
'260',17,05,1993,25620.0,10.1,24.5,0.885,6.2,0.0,4.5,0.000
'260',18,05,1993,11120.0,14.5,21.9,1.571,2.6,5.3,1.9,0.125
'260',19,05,1993,16860.0,11.0,21.2,1.500,3.1,0.2,2.8,0.017
'260',20,05,1993,12950.0,11.2,22.9,1.518,3.6,4.7,2.2,0.121
'260',21,05,1993,9220.0,6.2,15.7,1.084,4.1,0.0,1.4,0.000
'260',22,05,1993,24160.0,4.4,19.5,0.962,2.6,0.0,3.8,0.000
'260',23,05,1993,25180.0,8.3,21.9,1.127,3.6,0.0,4.2,0.000
'260',24,05,1993,26180.0,11.0,25.5,1.354,3.6,0.0,4.7,0.000
'260',25,05,1993,22600.0,12.4,24.4,1.500,4.1,0.0,4.0,0.000
'260',26,05,1993,21630.0,10.5,24.1,1.392,5.1,0.3,3.8,0.037
'260',27,05,1993,4160.0,11.4,15.7,1.459,5.1,7.0,0.7,0.196
'260',28,05,1993,7060.0,10.3,13.1,1.207,3.1,14.8,1.1,0.408
'260',29,05,1993,25450.0,10.6,20.5,1.182,4.1,0.0,4.3,0.000
'260',30,05,1993,20070.0,12.7,20.8,1.253,5.1,0.0,3.4,0.000
'260',31,05,1993,14190.0,11.2,17.1,1.181,7.2,0.0,2.3,0.000
'260',01,06,1993,15140.0,10.2,20.2,1.296,3.1,0.0,2.5,0.000
'260',02,06,1993,12380.0,12.9,22.4,1.584,2.6,11.3,2.1,0.337
'260',03,06,1993,10130.0,12.5,17.5,1.455,3.1,6.3,1.6,0.246
'260',04,06,1993,18590.0,10.6,21.2,1.388,2.6,0.0,3.2,0.000
'260',05,06,1993,21430.0,14.7,23.7,1.569,3.1,0.0,3.8,0.000
'260',06,06,1993,25750.0,12.2,23.8,1.412,3.1,0.0,4.5,0.000
'260',07,06,1993,23700.0,9.8,24.4,1.385,2.1,0.0,4.1,0.000
'260',08,06,1993,27530.0,9.8,26.6,1.285,2.6,0.0,5.0,0.000
'260',09,06,1993,27960.0,13.5,29.0,1.433,3.6,0.0,5.3,0.000
'260',10,06,1993,19150.0,17.4,28.9,2.059,2.6,8.3,3.7,0.104
'260',11,06,1993,16390.0,13.9,22.7,1.594,5.1,0.0,2.9,0.000
'260',12,06,1993,7200.0,11.6,15.9,1.304,4.6,0.0,1.1,0.000
'260',13,06,1993,10210.0,8.5,17.4,1.221,2.6,0.0,1.6,0.000
'260',14,06,1993,5320.0,10.7,14.0,1.235,2.6,5.5,0.8,0.367
'260',15,06,1993,26480.0,9.5,17.7,1.153,3.1,0.1,4.2,0.037
'260',16,06,1993,2510.0,11.3,14.6,1.409,4.1,20.5,0.4,0.562
'260',17,06,1993,22450.0,10.8,19.6,1.371,3.6,0.0,3.7,0.000
'260',18,06,1993,5070.0,12.9,17.1,1.573,5.1,8.5,0.8,0.200
'260',19,06,1993,15990.0,13.6,18.4,1.477,3.6,3.0,2.7,0.062
'260',20,06,1993,25720.0,10.7,19.6,1.293,3.1,0.0,4.3,0.000
'260',21,06,1993,16990.0,8.1,18.5,1.200,2.1,0.0,2.8,0.000
'260',22,06,1993,14910.0,8.5,18.6,1.219,2.6,0.0,2.4,0.000
'260',23,06,1993,13520.0,7.7,18.2,1.231,3.1,0.0,2.1,0.000
'260',24,06,1993,23280.0,6.6,17.3,1.006,3.6,0.0,3.6,0.000
'260',25,06,1993,9280.0,8.9,15.9,1.109,2.1,0.0,1.5,0.000
'260',26,06,1993,9150.0,9.7,18.4,1.279,2.6,1.0,1.5,0.088
'260',27,06,1993,20560.0,10.5,18.8,1.318,4.1,0.0,3.4,0.000
'260',28,06,1993,12810.0,10.2,18.4,1.249,3.1,0.0,2.1,0.000
'260',29,06,1993,28930.0,9.7,24.0,1.318,4.1,0.0,5.1,0.000
'260',30,06,1993,28500.0,12.0,26.3,1.429,3.6,0.0,5.1,0.000
'260',01,07,1993,28160.0,11.4,24.8,1.559,4.1,0.0,5.0,0.000
'260',02,07,1993,26700.0,11.8,23.5,1.430,3.6,0.0,4.6,0.000
'260',03,07,1993,19970.0,10.6,23.7,1.533,3.6,0.0,3.6,0.000
'260',04,07,1993,22650.0,15.9,26.5,1.794,2.6,0.0,4.2,0.000
'260',05,07,1993,6950.0,11.4,17.7,1.363,3.6,16.4,1.2,0.275
'260',06,07,1993,19840.0,11.0,18.2,1.174,3.6,0.0,3.3,0.000
'260',07,07,1993,15540.0,11.2,17.5,1.272,3.6,0.0,2.6,0.000
'260',08,07,1993,18470.0,8.6,23.1,1.336,3.6,0.0,3.2,0.000
'260',09,07,1993,12900.0,12.3,23.1,1.520,4.6,0.0,2.2,0.000
'260',10,07,1993,19890.0,10.4,17.8,1.162,4.1,1.5,3.2,0.075
'260',11,07,1993,14880.0,7.3,17.1,1.091,2.1,1.6,2.3,0.029
'260',12,07,1993,14100.0,5.3,17.3,1.048,2.6,4.8,2.1,0.163
'260',13,07,1993,17000.0,7.0,19.0,1.050,2.6,0.3,2.8,0.075
'260',14,07,1993,4170.0,11.9,17.9,1.630,3.6,29.3,0.7,0.604
'260',15,07,1993,7870.0,12.3,18.1,1.515,1.5,5.7,1.3,0.346
'260',16,07,1993,13020.0,16.6,22.6,1.904,4.1,2.8,2.3,0.200
'260',17,07,1993,12100.0,14.9,20.2,1.571,4.6,0.0,2.1,0.000
'260',18,07,1993,19630.0,12.4,21.1,1.383,2.6,0.0,3.3,0.000
'260',19,07,1993,9800.0,13.1,18.1,1.460,3.1,6.3,1.6,0.362
'260',20,07,1993,11770.0,12.9,19.5,1.485,3.1,5.8,1.9,0.046
'260',21,07,1993,14720.0,10.4,17.9,1.290,3.1,11.8,2.4,0.033
'260',22,07,1993,17310.0,9.2,19.7,1.167,2.1,0.5,2.9,0.058
'260',23,07,1993,12690.0,13.5,21.9,1.673,4.6,1.0,2.2,0.062
'260',24,07,1993,11210.0,15.5,24.0,1.824,4.1,17.6,2.0,0.196
'260',25,07,1993,17730.0,11.7,18.8,1.300,4.6,15.0,2.9,0.263
'260',26,07,1993,19610.0,10.7,18.3,1.213,5.7,6.5,3.2,0.125
'260',27,07,1993,3230.0,12.9,17.5,1.594,5.1,23.4,0.5,0.596
'260',28,07,1993,10870.0,15.0,20.8,1.600,4.1,0.0,1.9,0.000
'260',29,07,1993,8720.0,16.0,22.7,1.815,3.6,0.6,1.5,0.104
'260',30,07,1993,3230.0,15.4,18.6,1.804,2.1,19.6,0.6,0.696
'260',31,07,1993,14320.0,13.2,19.0,1.406,3.6,0.5,2.4,0.050
'260',01,08,1993,10620.0,12.7,19.5,1.476,2.1,5.5,1.8,0.125
'260',02,08,1993,18930.0,14.3,24.3,1.394,2.1,0.0,3.4,0.000
'260',03,08,1993,12440.0,12.5,20.9,1.401,3.6,0.0,2.1,0.000
'260',04,08,1993,14610.0,13.9,21.5,1.441,2.6,0.0,2.5,0.000
'260',05,08,1993,10470.0,13.4,21.0,1.470,4.6,1.4,1.8,0.079
'260',06,08,1993,13940.0,10.0,18.6,1.199,5.1,0.2,2.3,0.025
'260',07,08,1993,14620.0,9.9,22.3,1.360,2.6,0.0,2.5,0.000
'260',08,08,1993,12100.0,10.4,21.5,1.452,2.1,4.5,2.0,0.058
'260',09,08,1993,5080.0,11.2,18.6,1.442,4.1,1.5,0.9,0.125
'260',10,08,1993,12870.0,9.8,17.2,1.145,4.1,0.0,2.1,0.000
'260',11,08,1993,6820.0,7.6,18.3,1.211,5.1,0.2,1.1,0.058
'260',12,08,1993,7640.0,12.6,19.2,1.424,5.7,6.2,1.3,0.229
'260',13,08,1993,20810.0,10.1,19.7,1.102,3.1,0.0,3.4,0.000
'260',14,08,1993,15170.0,10.5,22.4,1.388,2.6,0.2,2.6,0.042
'260',15,08,1993,10690.0,12.7,23.1,1.681,2.6,3.9,1.9,0.146
'260',16,08,1993,12340.0,12.6,20.9,1.511,3.1,0.0,2.1,0.000
'260',17,08,1993,23820.0,11.7,19.8,1.267,3.1,0.0,4.0,0.000
'260',18,08,1993,20360.0,9.3,21.7,1.059,2.6,0.0,3.4,0.000
'260',19,08,1993,19680.0,8.6,22.0,0.978,1.5,0.0,3.3,0.000
'260',20,08,1993,6280.0,12.8,20.9,1.594,2.6,0.0,1.1,0.000
'260',21,08,1993,12060.0,12.0,21.5,1.438,2.6,0.0,2.1,0.000
'260',22,08,1993,3410.0,7.8,14.7,1.199,3.6,7.6,0.5,0.254
'260',23,08,1993,14010.0,8.5,16.7,1.099,2.6,1.6,2.2,0.042
'260',24,08,1993,14080.0,7.5,18.0,1.112,2.6,0.3,2.2,0.042
'260',25,08,1993,10440.0,8.4,17.7,1.163,2.6,2.9,1.6,0.179
'260',26,08,1993,14770.0,9.2,18.4,1.131,2.1,0.1,2.4,0.012
'260',27,08,1993,8610.0,8.1,15.7,1.112,3.1,0.2,1.4,0.025
'260',28,08,1993,17050.0,6.4,18.2,0.998,2.6,0.0,2.7,0.000
'260',29,08,1993,13150.0,4.4,19.1,1.055,2.1,0.0,2.0,0.000
'260',30,08,1993,6710.0,10.7,17.4,1.276,3.6,1.7,1.1,0.137
'260',31,08,1993,11050.0,11.4,18.0,1.290,3.1,0.0,1.8,0.000
'260',01,09,1993,8960.0,10.5,18.2,1.322,1.5,0.0,1.5,0.000
'260',02,09,1993,4070.0,10.7,16.7,1.375,2.1,0.3,0.7,0.017
'260',03,09,1993,8750.0,11.6,16.3,1.228,4.1,8.5,1.4,0.267
'260',04,09,1993,8740.0,9.8,16.5,1.163,3.1,0.5,1.4,0.025
'260',05,09,1993,14860.0,7.4,17.9,1.038,2.6,0.0,2.3,0.000
'260',06,09,1993,16260.0,3.8,19.1,0.957,1.5,0.0,2.5,0.000
'260',07,09,1993,17890.0,7.9,20.5,1.002,4.1,0.0,2.9,0.000
'260',08,09,1993,5150.0,12.2,20.8,1.674,2.1,19.5,0.9,0.196
'260',09,09,1993,10010.0,12.6,21.0,1.637,3.1,0.0,1.7,0.000
'260',10,09,1993,7010.0,11.3,18.9,1.457,3.6,2.3,1.1,0.075
'260',11,09,1993,11460.0,10.0,18.8,1.324,2.1,0.0,1.8,0.000
'260',12,09,1993,16180.0,7.9,19.5,1.162,3.6,1.5,2.6,0.117
'260',13,09,1993,1430.0,9.3,13.8,1.304,5.1,14.8,0.2,0.500
'260',14,09,1993,3510.0,10.6,14.4,1.361,3.6,7.7,0.5,0.296
'260',15,09,1993,9740.0,12.1,17.5,1.379,3.6,4.7,1.6,0.175
'260',16,09,1993,2570.0,10.1,14.5,1.347,2.6,7.9,0.4,0.271
'260',17,09,1993,4040.0,4.7,12.0,0.988,2.1,1.4,0.6,0.112
'260',18,09,1993,15180.0,2.5,15.5,0.859,2.6,0.0,2.2,0.000
'260',19,09,1993,15520.0,6.0,18.9,1.085,3.1,0.0,2.4,0.000
'260',20,09,1993,12130.0,9.9,23.2,1.558,3.1,0.0,2.1,0.000
'260',21,09,1993,8920.0,9.7,19.2,1.352,4.1,0.1,1.5,0.021
'260',22,09,1993,3890.0,9.9,16.7,1.475,2.1,1.9,0.6,0.200
'260',23,09,1993,6770.0,11.3,17.6,1.404,2.1,0.0,1.1,0.000
'260',24,09,1993,8730.0,10.1,15.7,1.272,3.6,0.0,1.4,0.000
'260',25,09,1993,1380.0,11.0,13.0,1.273,5.1,12.9,0.2,0.700
'260',26,09,1993,5340.0,10.3,12.4,1.224,5.1,10.8,0.8,0.633
'260',27,09,1993,2420.0,10.4,14.1,1.363,4.1,13.2,0.4,0.446
'260',28,09,1993,3560.0,7.7,13.9,1.156,4.1,0.5,0.5,0.042
'260',29,09,1993,11670.0,7.2,16.2,1.120,3.1,0.0,1.8,0.000
'260',30,09,1993,5370.0,9.1,14.7,1.165,3.6,0.0,0.8,0.000
'260',01,10,1993,3740.0,10.9,15.1,1.246,6.2,7.9,0.6,0.263
'260',02,10,1993,8090.0,9.1,16.3,1.169,3.6,0.0,1.2,0.000
'260',03,10,1993,1640.0,8.6,12.9,1.206,3.6,14.7,0.2,0.583
'260',04,10,1993,5420.0,9.9,17.1,1.222,4.1,1.2,0.8,0.104
'260',05,10,1993,6310.0,9.3,18.1,1.357,3.6,2.0,1.0,0.100
'260',06,10,1993,8900.0,11.4,17.1,1.340,4.1,0.0,1.4,0.000
'260',07,10,1993,6650.0,9.3,16.4,1.164,4.1,0.0,1.0,0.000
'260',08,10,1993,6980.0,10.2,16.4,1.319,2.1,0.0,1.1,0.000
'260',09,10,1993,6150.0,8.9,14.4,1.141,4.1,0.0,0.9,0.000
'260',10,10,1993,6840.0,7.8,15.5,1.156,3.1,0.0,1.0,0.000
'260',11,10,1993,5940.0,11.0,17.7,1.393,3.6,0.8,1.0,0.104
'260',12,10,1993,3190.0,11.9,17.5,1.457,6.2,8.6,0.5,0.217
'260',13,10,1993,4940.0,11.5,16.4,1.360,4.1,0.4,0.8,0.054
'260',14,10,1993,1530.0,4.3,11.7,1.041,3.6,18.2,0.2,0.575
'260',15,10,1993,6280.0,0.7,11.3,0.763,2.1,0.8,0.8,0.046
'260',16,10,1993,5100.0,0.1,8.8,0.721,2.1,0.7,0.6,0.067
'260',17,10,1993,9700.0,-0.6,11.4,0.677,3.1,0.0,1.2,0.000
'260',18,10,1993,10430.0,-0.6,9.2,0.554,4.1,0.0,1.3,0.000
'260',19,10,1993,9100.0,-1.7,9.6,0.614,2.1,0.0,1.1,0.000
'260',20,10,1993,4500.0,-1.4,9.6,0.670,2.6,4.9,0.6,0.154
'260',21,10,1993,6470.0,4.5,10.4,0.919,2.6,5.7,0.9,0.229
'260',22,10,1993,5690.0,4.3,9.4,0.807,5.7,0.0,0.8,0.000
'260',23,10,1993,3580.0,4.3,8.7,0.776,6.7,0.0,0.5,0.000
'260',24,10,1993,8420.0,5.5,8.9,0.773,5.1,0.0,1.1,0.000
'260',25,10,1993,2370.0,6.6,10.8,0.958,3.1,0.0,0.3,0.000
'260',26,10,1993,3040.0,7.8,12.3,1.110,3.1,0.2,0.4,0.037
'260',27,10,1993,3320.0,8.1,10.6,1.103,2.6,0.6,0.5,0.100
'260',28,10,1993,5030.0,3.5,10.6,0.864,3.1,0.0,0.7,0.000
'260',29,10,1993,6900.0,1.4,10.5,0.808,3.1,0.0,0.9,0.000
'260',30,10,1993,5150.0,1.1,8.0,0.754,3.6,0.0,0.6,0.000
'260',31,10,1993,1260.0,1.7,3.9,0.745,2.6,0.0,0.1,0.000
'260',01,11,1993,680.0,1.8,3.1,0.699,2.1,0.0,0.1,0.000
'260',02,11,1993,2360.0,1.6,5.0,0.696,3.1,0.0,0.3,0.000
'260',03,11,1993,3750.0,4.1,11.4,0.926,3.1,0.0,0.5,0.000
'260',04,11,1993,5450.0,3.3,17.3,1.058,1.5,0.0,0.8,0.000
'260',05,11,1993,6160.0,3.0,10.0,0.827,3.6,0.0,0.8,0.000
'260',06,11,1993,1210.0,5.2,6.7,0.851,5.1,0.0,0.2,0.000
'260',07,11,1993,890.0,4.8,6.2,0.848,3.1,1.3,0.1,0.325
'260',08,11,1993,1210.0,3.7,7.3,0.858,2.1,0.2,0.2,0.050
'260',09,11,1993,2530.0,3.9,10.8,0.931,2.6,0.0,0.3,0.000
'260',10,11,1993,650.0,6.9,8.9,0.989,6.2,14.0,0.1,0.792
'260',11,11,1993,3640.0,6.0,10.3,0.917,4.6,3.1,0.5,0.233
'260',12,11,1993,4960.0,4.3,9.7,0.881,4.1,0.0,0.7,0.000
'260',13,11,1993,2160.0,4.6,9.1,0.901,5.7,2.0,0.3,0.263
'260',14,11,1993,390.0,5.6,11.5,1.038,9.3,24.5,0.1,0.821
'260',15,11,1993,2270.0,1.6,8.6,0.803,4.6,2.2,0.3,0.146
'260',16,11,1993,4400.0,-1.6,4.4,0.562,2.1,0.0,0.5,0.000
'260',17,11,1993,4550.0,-2.2,4.9,0.521,4.1,0.0,0.5,0.000
'260',18,11,1993,4730.0,-3.0,2.0,0.491,3.6,0.0,0.5,0.000
'260',19,11,1993,5490.0,-4.4,3.6,0.412,2.6,0.0,0.6,0.000
'260',20,11,1993,1360.0,-5.6,1.9,0.481,3.6,0.0,0.1,0.000
'260',21,11,1993,1530.0,-5.7,-1.4,0.403,4.6,0.0,0.1,0.000
'260',22,11,1993,3260.0,-8.4,-2.4,0.368,1.5,0.0,0.3,0.000
'260',23,11,1993,660.0,-8.9,0.2,0.432,3.1,0.0,0.1,0.000
'260',24,11,1993,4720.0,-6.3,0.3,0.408,3.1,0.0,0.4,0.000
'260',25,11,1993,3450.0,-3.9,3.5,0.560,2.1,0.0,0.4,0.000
'260',26,11,1993,1720.0,-5.0,1.7,0.542,2.1,0.0,0.2,0.000
'260',27,11,1993,600.0,-3.9,-1.9,0.471,3.6,0.0,0.1,0.000
'260',28,11,1993,1830.0,-3.9,-0.5,0.460,4.6,0.0,0.2,0.000
'260',29,11,1993,3770.0,-4.6,1.5,0.459,4.1,0.0,0.4,0.000
'260',30,11,1993,1200.0,-4.7,-1.0,0.435,4.1,3.0,0.1,0.342
'260',01,12,1993,800.0,-2.3,1.7,0.589,3.1,1.4,0.1,0.179
'260',02,12,1993,1710.0,1.7,9.9,0.913,6.2,0.0,0.2,0.000
'260',03,12,1993,1060.0,7.8,9.9,1.042,6.7,0.2,0.2,0.054
'260',04,12,1993,310.0,3.2,11.0,0.931,6.2,2.2,0.0,0.150
'260',05,12,1993,2400.0,2.3,7.9,0.836,4.6,0.0,0.3,0.000
'260',06,12,1993,540.0,6.1,7.8,0.953,4.6,0.0,0.1,0.000
'260',07,12,1993,270.0,3.1,6.9,0.753,6.2,10.5,0.0,0.388
'260',08,12,1993,650.0,2.6,10.8,0.860,7.2,9.8,0.1,0.462
'260',09,12,1993,560.0,5.9,9.8,0.822,10.8,2.9,0.1,0.167
'260',10,12,1993,540.0,4.5,8.1,0.824,5.7,1.2,0.1,0.117
'260',11,12,1993,2680.0,1.7,6.3,0.682,5.1,1.8,0.3,0.154
'260',12,12,1993,2090.0,-0.7,5.6,0.709,4.1,10.3,0.2,0.283
'260',13,12,1993,1000.0,2.3,10.0,0.882,6.7,8.6,0.1,0.346
'260',14,12,1993,3240.0,-0.6,3.6,0.538,4.6,0.8,0.4,0.146
'260',15,12,1993,220.0,0.5,3.9,0.633,7.2,3.9,0.0,0.208
'260',16,12,1993,780.0,3.6,7.2,0.749,7.7,13.8,0.1,0.392
'260',17,12,1993,2600.0,3.7,7.7,0.774,4.6,0.6,0.3,0.121
'260',18,12,1993,400.0,7.7,11.9,1.083,6.7,0.5,0.1,0.071
'260',19,12,1993,160.0,7.3,13.4,1.011,9.8,11.7,0.0,0.329
'260',20,12,1993,610.0,2.5,7.4,0.694,3.6,5.2,0.1,0.438
'260',21,12,1993,1300.0,0.6,4.2,0.627,4.1,13.9,0.1,0.383
'260',22,12,1993,390.0,3.7,6.8,0.715,6.7,15.8,0.0,0.525
'260',23,12,1993,1740.0,2.1,5.8,0.651,5.7,2.0,0.2,0.125
'260',24,12,1993,460.0,2.0,5.1,0.738,3.6,3.3,0.1,0.358
'260',25,12,1993,1670.0,-3.3,2.1,0.573,1.5,0.0,0.2,0.000
'260',26,12,1993,960.0,-0.7,3.0,0.579,3.6,0.9,0.1,0.150
'260',27,12,1993,900.0,1.5,4.2,0.696,1.5,0.6,0.1,0.129
'260',28,12,1993,1390.0,0.6,3.3,0.629,3.1,0.8,0.2,0.100
'260',29,12,1993,380.0,1.9,7.8,0.818,5.7,6.2,0.0,0.242
'260',30,12,1993,460.0,5.2,8.5,0.914,5.1,34.3,0.1,0.525
'260',31,12,1993,1560.0,2.9,8.0,0.776,5.1,5.9,0.2,0.267
