* Source of data    : Royal Netherlands Meterological Institute (www.knmi.nl)
* File content      : Meteo from www.knmi.nl; input file for Swap 3.2 (www.swap.alterra.nl)
* File generated by : Alterra - Wageningen-UR (www.alterra.wur.nl)
* File generated at : 2017-02-27 11:38:43
Station,DD,MM,YYYY,Rad,Tmin,Tmax,Hum,Wind,Rain,ETref,Wet
'260',01,01,1991,3320.0,2.3,7.0,0.740,4.6,2.8,0.4,0.083
'260',02,01,1991,540.0,6.4,12.1,1.045,8.2,20.4,0.1,0.542
'260',03,01,1991,1560.0,6.2,9.3,0.890,4.6,2.0,0.2,0.146
'260',04,01,1991,2790.0,4.5,9.0,0.782,5.1,0.4,0.4,0.008
'260',05,01,1991,690.0,2.7,8.3,0.695,7.7,3.7,0.1,0.158
'260',06,01,1991,1980.0,4.6,7.1,0.684,8.7,1.3,0.3,0.104
'260',07,01,1991,2860.0,5.0,9.2,0.778,5.7,1.2,0.4,0.021
'260',08,01,1991,2610.0,3.4,11.4,0.840,6.7,2.9,0.4,0.154
'260',09,01,1991,2480.0,4.6,10.4,0.762,6.7,4.8,0.3,0.137
'260',10,01,1991,1520.0,6.5,12.9,0.882,7.7,2.2,0.2,0.096
'260',11,01,1991,2160.0,4.4,9.1,0.831,5.1,1.5,0.3,0.058
'260',12,01,1991,1190.0,0.3,5.3,0.701,2.6,1.8,0.1,0.067
'260',13,01,1991,4420.0,-1.2,6.3,0.608,2.1,0.0,0.5,0.000
'260',14,01,1991,5160.0,-1.7,2.2,0.478,5.1,0.0,0.5,0.000
'260',15,01,1991,5030.0,-1.9,3.9,0.278,5.7,0.0,0.5,0.000
'260',16,01,1991,4730.0,-3.5,2.1,0.326,4.1,0.0,0.5,0.000
'260',17,01,1991,4320.0,-3.0,4.4,0.474,3.1,0.0,0.5,0.000
'260',18,01,1991,4410.0,-2.5,4.4,0.559,2.6,0.0,0.5,0.000
'260',19,01,1991,1520.0,-2.7,5.9,0.668,2.6,2.9,0.2,0.158
'260',20,01,1991,1340.0,-3.3,5.1,0.617,3.6,0.6,0.2,0.042
'260',21,01,1991,3070.0,2.4,7.3,0.751,3.1,0.1,0.4,0.012
'260',22,01,1991,2730.0,0.8,5.9,0.674,3.1,0.0,0.3,0.000
'260',23,01,1991,570.0,-0.4,1.2,0.584,1.5,0.0,0.1,0.000
'260',24,01,1991,1540.0,-3.0,2.5,0.535,0.5,0.0,0.2,0.000
'260',25,01,1991,710.0,-3.8,2.1,0.540,1.0,0.0,0.1,0.000
'260',26,01,1991,650.0,1.4,3.4,0.626,1.0,0.0,0.1,0.000
'260',27,01,1991,2430.0,1.4,5.8,0.633,1.5,0.0,0.3,0.000
'260',28,01,1991,4120.0,-2.4,5.9,0.560,2.1,0.0,0.5,0.000
'260',29,01,1991,5200.0,-4.7,0.6,0.506,2.1,0.0,0.5,0.000
'260',30,01,1991,5490.0,-3.8,2.4,0.483,3.6,0.0,0.6,0.000
'260',31,01,1991,4940.0,-4.8,0.9,0.450,2.6,0.0,0.5,0.000
'260',01,02,1991,1720.0,-8.1,-1.5,0.380,1.5,0.0,0.2,0.000
'260',02,02,1991,5690.0,-9.4,1.3,0.269,1.0,0.0,0.5,0.000
'260',03,02,1991,5610.0,-9.8,-2.5,0.301,2.1,0.0,0.4,0.000
'260',04,02,1991,5750.0,-9.9,0.1,0.281,2.6,0.0,0.5,0.000
'260',05,02,1991,6670.0,-4.5,2.1,0.430,4.6,0.0,0.7,0.000
'260',06,02,1991,4970.0,-11.9,-1.9,0.247,6.2,0.0,0.4,0.000
'260',07,02,1991,2490.0,-12.1,-5.5,0.258,5.7,0.0,0.2,0.000
'260',08,02,1991,1890.0,-11.5,-4.6,0.282,5.1,0.2,0.1,0.008
'260',09,02,1991,5720.0,-12.5,-3.3,0.279,2.1,0.0,0.4,0.000
'260',10,02,1991,4040.0,-7.0,-2.4,0.372,1.0,0.0,0.3,0.000
'260',11,02,1991,2450.0,-6.9,-1.4,0.419,3.1,3.1,0.2,0.175
'260',12,02,1991,6020.0,-10.1,1.3,0.410,1.0,0.3,0.6,0.125
'260',13,02,1991,6360.0,-9.2,1.5,0.406,1.5,0.9,0.6,0.121
'260',14,02,1991,4110.0,-11.1,1.7,0.449,1.5,0.6,0.4,0.067
'260',15,02,1991,1210.0,-1.5,3.0,0.607,4.6,9.9,0.1,0.408
'260',16,02,1991,6230.0,-2.4,3.1,0.518,3.1,0.0,0.7,0.000
'260',17,02,1991,8370.0,-3.6,3.9,0.494,1.0,0.0,0.9,0.000
'260',18,02,1991,3030.0,-3.2,4.9,0.536,0.5,0.0,0.3,0.000
'260',19,02,1991,9950.0,-6.7,5.3,0.457,1.0,0.0,1.0,0.000
'260',20,02,1991,4790.0,-5.5,4.5,0.544,2.6,0.0,0.5,0.000
'260',21,02,1991,2190.0,0.1,7.4,0.720,3.1,0.0,0.3,0.000
'260',22,02,1991,7110.0,3.0,7.3,0.694,6.2,0.9,0.9,0.117
'260',23,02,1991,1750.0,6.6,12.0,0.920,7.7,0.1,0.3,0.025
'260',24,02,1991,8730.0,4.2,13.0,0.869,4.1,0.0,1.3,0.000
'260',25,02,1991,6650.0,4.5,11.4,0.947,1.5,0.2,0.9,0.042
'260',26,02,1991,9730.0,2.4,12.2,0.825,2.6,0.0,1.3,0.000
'260',27,02,1991,4060.0,0.5,5.3,0.603,4.6,0.0,0.5,0.000
'260',28,02,1991,930.0,0.8,4.2,0.613,4.1,1.5,0.1,0.108
'260',01,03,1991,6250.0,0.7,8.6,0.679,1.5,2.9,0.8,0.167
'260',02,03,1991,3350.0,2.3,6.2,0.724,1.5,4.1,0.4,0.292
'260',03,03,1991,7930.0,2.0,10.0,0.759,3.6,0.0,1.0,0.000
'260',04,03,1991,9520.0,-1.8,13.0,0.650,4.1,0.0,1.3,0.000
'260',05,03,1991,3140.0,6.9,12.1,1.064,3.1,4.8,0.5,0.333
'260',06,03,1991,7620.0,8.8,16.0,1.085,3.6,0.6,1.2,0.025
'260',07,03,1991,6030.0,10.6,17.7,1.086,4.1,0.0,1.0,0.000
'260',08,03,1991,4730.0,10.0,15.1,1.069,2.6,0.0,0.7,0.000
'260',09,03,1991,3250.0,7.6,11.8,1.011,1.5,0.0,0.5,0.000
'260',10,03,1991,10080.0,8.2,15.9,0.952,3.1,0.0,1.5,0.000
'260',11,03,1991,6030.0,8.3,14.9,1.093,2.6,0.0,0.9,0.000
'260',12,03,1991,10060.0,5.8,16.3,0.957,1.5,0.0,1.5,0.000
'260',13,03,1991,12910.0,2.1,17.7,0.858,1.0,0.0,1.9,0.000
'260',14,03,1991,11120.0,4.4,17.6,1.046,2.6,0.0,1.7,0.000
'260',15,03,1991,2690.0,7.2,11.7,1.060,2.6,0.0,0.4,0.000
'260',16,03,1991,7570.0,7.3,16.0,1.082,3.1,0.0,1.2,0.000
'260',17,03,1991,4950.0,3.6,13.0,0.930,2.1,0.0,0.7,0.000
'260',18,03,1991,5390.0,3.0,12.3,0.912,2.6,0.0,0.8,0.000
'260',19,03,1991,1950.0,8.9,12.8,1.130,6.7,5.7,0.3,0.342
'260',20,03,1991,7230.0,8.7,14.3,1.116,5.1,1.8,1.1,0.071
'260',21,03,1991,6960.0,5.7,14.1,0.990,4.1,0.2,1.0,0.025
'260',22,03,1991,13130.0,0.4,11.5,0.647,2.1,0.2,1.7,0.017
'260',23,03,1991,14340.0,-1.9,10.0,0.561,2.1,0.0,1.8,0.000
'260',24,03,1991,15280.0,1.5,11.4,0.630,3.1,0.0,2.0,0.000
'260',25,03,1991,16710.0,2.2,11.2,0.572,7.2,0.0,2.2,0.000
'260',26,03,1991,8840.0,4.1,12.0,0.589,6.7,0.0,1.2,0.000
'260',27,03,1991,17340.0,2.0,13.7,0.619,4.6,0.0,2.4,0.000
'260',28,03,1991,9500.0,3.6,10.9,0.714,2.6,0.0,1.3,0.000
'260',29,03,1991,17710.0,-0.1,11.4,0.545,3.1,0.0,2.3,0.000
'260',30,03,1991,16930.0,-3.3,11.6,0.547,1.5,0.0,2.2,0.000
'260',31,03,1991,10260.0,5.0,11.4,0.888,2.1,0.0,1.5,0.000
'260',01,04,1991,7910.0,8.4,14.4,1.013,5.7,0.3,1.2,0.050
'260',02,04,1991,4480.0,8.6,14.1,0.989,5.1,0.2,0.7,0.037
'260',03,04,1991,13720.0,5.6,13.3,0.791,4.1,0.1,2.0,0.029
'260',04,04,1991,14200.0,2.3,12.9,0.659,5.7,0.5,2.0,0.150
'260',05,04,1991,11510.0,5.8,11.2,0.784,5.1,0.0,1.6,0.000
'260',06,04,1991,14720.0,4.5,14.1,0.795,3.6,0.6,2.1,0.012
'260',07,04,1991,11740.0,5.5,12.9,0.798,6.2,2.6,1.7,0.083
'260',08,04,1991,12620.0,5.7,13.2,0.858,4.1,0.2,1.8,0.029
'260',09,04,1991,16630.0,1.5,16.1,0.789,1.5,0.0,2.4,0.000
'260',10,04,1991,18170.0,3.1,18.7,0.824,2.6,0.0,2.8,0.000
'260',11,04,1991,17650.0,8.7,21.9,0.895,4.1,0.0,2.9,0.000
'260',12,04,1991,21140.0,8.2,22.0,0.695,3.6,0.0,3.5,0.000
'260',13,04,1991,19430.0,5.9,22.1,0.808,2.6,0.0,3.2,0.000
'260',14,04,1991,17620.0,8.2,19.4,1.064,4.1,0.0,2.8,0.000
'260',15,04,1991,19630.0,4.9,19.8,0.859,3.1,0.0,3.1,0.000
'260',16,04,1991,10760.0,3.0,10.0,0.644,5.1,0.1,1.4,0.004
'260',17,04,1991,13220.0,0.2,9.3,0.587,4.1,6.9,1.7,0.175
'260',18,04,1991,9290.0,-1.1,6.8,0.615,2.1,3.2,1.1,0.179
'260',19,04,1991,13620.0,-2.0,8.0,0.484,3.6,0.1,1.7,0.008
'260',20,04,1991,18250.0,-3.4,7.9,0.459,2.6,0.0,2.1,0.000
'260',21,04,1991,18510.0,-4.8,9.5,0.485,3.1,1.2,2.3,0.042
'260',22,04,1991,13940.0,2.6,9.5,0.740,3.6,4.7,1.8,0.117
'260',23,04,1991,10940.0,1.0,9.2,0.738,2.6,8.3,1.4,0.142
'260',24,04,1991,15370.0,-0.3,12.7,0.666,1.5,0.0,2.0,0.000
'260',25,04,1991,17080.0,1.1,14.2,0.640,3.1,0.0,2.4,0.000
'260',26,04,1991,17680.0,2.4,14.9,0.654,3.1,0.0,2.5,0.000
'260',27,04,1991,20350.0,3.0,13.8,0.739,2.6,0.0,2.8,0.000
'260',28,04,1991,18970.0,0.5,11.9,0.641,2.1,0.0,2.5,0.000
'260',29,04,1991,7530.0,2.9,10.0,0.747,2.1,0.0,1.0,0.000
'260',30,04,1991,6310.0,5.4,11.6,0.700,4.6,0.0,0.9,0.000
'260',01,05,1991,8320.0,4.4,11.4,0.798,4.6,0.0,1.1,0.000
'260',02,05,1991,5790.0,4.5,9.8,0.770,4.1,0.0,0.8,0.000
'260',03,05,1991,15950.0,3.5,10.3,0.710,4.6,1.3,2.1,0.025
'260',04,05,1991,16580.0,5.4,11.8,0.818,3.6,6.3,2.3,0.154
'260',05,05,1991,7510.0,4.8,9.7,0.832,2.1,4.9,1.0,0.158
'260',06,05,1991,5260.0,6.5,10.7,0.902,1.0,0.3,0.7,0.008
'260',07,05,1991,9100.0,6.0,12.8,0.875,1.5,0.0,1.3,0.000
'260',08,05,1991,22770.0,5.5,14.3,0.706,3.6,0.0,3.3,0.000
'260',09,05,1991,22480.0,2.7,15.0,0.758,3.1,0.0,3.3,0.000
'260',10,05,1991,21730.0,5.2,15.9,0.872,3.1,0.0,3.2,0.000
'260',11,05,1991,22450.0,2.1,16.7,0.831,2.6,0.0,3.3,0.000
'260',12,05,1991,18860.0,7.0,14.6,0.908,2.6,0.0,2.8,0.000
'260',13,05,1991,10170.0,5.6,16.1,1.050,2.6,2.9,1.6,0.125
'260',14,05,1991,14080.0,6.1,13.0,0.861,4.1,0.6,2.1,0.042
'260',15,05,1991,8610.0,4.6,10.7,0.789,3.6,2.5,1.2,0.171
'260',16,05,1991,16400.0,3.9,11.3,0.781,3.6,1.0,2.2,0.046
'260',17,05,1991,12550.0,3.4,11.0,0.767,2.1,0.0,1.7,0.000
'260',18,05,1991,19080.0,0.0,13.4,0.705,1.5,0.0,2.6,0.000
'260',19,05,1991,15340.0,1.3,15.5,0.869,1.5,0.0,2.3,0.000
'260',20,05,1991,7710.0,11.5,15.4,1.272,3.6,0.0,1.2,0.000
'260',21,05,1991,12610.0,12.7,18.4,1.331,2.6,0.0,2.1,0.000
'260',22,05,1991,24550.0,6.0,16.5,0.899,3.6,0.0,3.8,0.000
'260',23,05,1991,22670.0,5.1,14.2,0.799,4.1,0.0,3.3,0.000
'260',24,05,1991,26020.0,3.9,14.9,0.799,2.6,0.0,3.8,0.000
'260',25,05,1991,17920.0,5.9,15.7,0.949,2.6,0.0,2.7,0.000
'260',26,05,1991,12400.0,8.6,15.3,1.073,2.6,0.0,1.9,0.000
'260',27,05,1991,6690.0,9.5,12.8,1.105,2.1,0.0,1.0,0.000
'260',28,05,1991,7320.0,8.4,12.9,1.065,2.1,0.7,1.1,0.108
'260',29,05,1991,22560.0,8.2,17.3,1.132,3.6,0.0,3.5,0.000
'260',30,05,1991,26300.0,7.6,21.2,1.244,3.1,0.0,4.2,0.000
'260',31,05,1991,16970.0,8.9,16.3,1.120,3.1,0.0,2.6,0.000
'260',01,06,1991,20380.0,3.7,14.0,0.766,4.1,0.0,3.0,0.000
'260',02,06,1991,23930.0,1.1,16.4,0.682,1.5,0.0,3.5,0.000
'260',03,06,1991,6420.0,5.0,11.3,0.883,3.1,2.7,0.9,0.163
'260',04,06,1991,16980.0,4.3,12.4,0.810,3.6,5.0,2.4,0.117
'260',05,06,1991,14380.0,2.1,14.7,0.787,2.1,0.2,2.1,0.004
'260',06,06,1991,9360.0,8.7,14.8,1.070,2.6,0.0,1.4,0.000
'260',07,06,1991,13170.0,9.4,17.3,1.273,2.1,2.0,2.1,0.133
'260',08,06,1991,12410.0,9.4,15.3,1.134,2.6,0.3,1.9,0.021
'260',09,06,1991,11080.0,11.2,18.4,1.256,4.1,5.8,1.8,0.142
'260',10,06,1991,12210.0,11.6,17.2,1.256,5.7,1.7,2.0,0.104
'260',11,06,1991,16210.0,11.2,17.0,1.030,4.1,0.0,2.6,0.000
'260',12,06,1991,6000.0,11.9,15.4,1.259,4.6,9.0,1.0,0.229
'260',13,06,1991,16650.0,11.0,17.0,1.059,6.7,5.6,2.6,0.117
'260',14,06,1991,17790.0,10.8,17.6,1.093,5.1,0.0,2.9,0.000
'260',15,06,1991,2490.0,9.7,14.4,1.191,4.6,17.3,0.4,0.492
'260',16,06,1991,12260.0,5.5,14.8,1.023,3.1,7.2,1.9,0.100
'260',17,06,1991,16090.0,3.5,16.7,0.906,1.0,6.2,2.4,0.033
'260',18,06,1991,12350.0,8.9,15.4,1.081,2.1,6.3,1.9,0.137
'260',19,06,1991,6200.0,9.8,13.0,1.170,3.6,7.9,0.9,0.375
'260',20,06,1991,13500.0,7.8,15.8,1.122,1.5,0.0,2.1,0.000
'260',21,06,1991,19700.0,5.9,20.5,1.140,2.6,13.6,3.2,0.238
'260',22,06,1991,18790.0,10.9,20.5,1.368,3.1,0.0,3.1,0.000
'260',23,06,1991,14710.0,12.0,17.8,1.305,3.6,28.2,2.4,0.275
'260',24,06,1991,12390.0,13.4,18.2,1.417,2.6,2.5,2.1,0.137
'260',25,06,1991,5430.0,14.0,18.9,1.700,3.6,6.7,0.9,0.425
'260',26,06,1991,15720.0,12.6,18.4,1.304,5.1,8.8,2.6,0.254
'260',27,06,1991,5070.0,11.5,14.6,1.356,2.1,15.1,0.8,0.246
'260',28,06,1991,11590.0,10.2,15.6,1.094,3.6,0.1,1.8,0.004
'260',29,06,1991,11390.0,10.5,17.5,1.136,2.6,0.0,1.8,0.000
'260',30,06,1991,9190.0,11.2,17.4,1.407,3.6,2.6,1.5,0.033
'260',01,07,1991,9230.0,15.1,19.5,1.666,2.1,7.1,1.6,0.296
'260',02,07,1991,17960.0,15.4,26.8,1.879,2.6,3.1,3.3,0.108
'260',03,07,1991,23570.0,15.0,28.7,1.454,2.6,0.0,4.5,0.000
'260',04,07,1991,27930.0,18.4,27.1,1.429,5.1,0.0,5.3,0.000
'260',05,07,1991,25690.0,17.2,29.4,1.741,5.1,0.0,5.0,0.000
'260',06,07,1991,21720.0,18.0,29.8,1.863,3.1,0.0,4.2,0.000
'260',07,07,1991,24900.0,16.7,30.0,1.860,2.1,0.0,4.8,0.000
'260',08,07,1991,17860.0,17.5,24.9,1.946,3.1,10.8,3.3,0.125
'260',09,07,1991,9720.0,11.5,19.4,1.334,3.6,2.3,1.6,0.042
'260',10,07,1991,24900.0,10.4,25.0,1.343,2.1,0.0,4.4,0.000
'260',11,07,1991,24710.0,16.1,32.4,1.860,3.1,7.0,4.8,0.033
'260',12,07,1991,19120.0,16.3,20.9,1.653,3.6,5.4,3.4,0.050
'260',13,07,1991,8980.0,15.0,20.5,1.752,4.1,2.6,1.6,0.146
'260',14,07,1991,23110.0,11.8,21.5,1.453,2.6,0.5,4.0,0.058
'260',15,07,1991,5820.0,12.4,17.6,1.482,4.1,0.2,1.0,0.017
'260',16,07,1991,13220.0,13.3,19.3,1.423,3.6,0.5,2.2,0.037
'260',17,07,1991,23080.0,13.9,21.0,1.426,2.6,0.0,4.0,0.000
'260',18,07,1991,5410.0,11.0,17.2,1.268,3.1,4.4,0.9,0.292
'260',19,07,1991,8440.0,15.3,18.4,1.549,3.6,0.0,1.4,0.000
'260',20,07,1991,13270.0,14.2,20.0,1.549,2.6,0.3,2.3,0.025
'260',21,07,1991,22440.0,11.5,21.5,1.351,1.5,0.3,3.9,0.021
'260',22,07,1991,23680.0,8.9,22.7,1.240,1.0,0.0,4.1,0.000
'260',23,07,1991,24850.0,12.4,27.0,1.432,2.1,0.0,4.6,0.000
'260',24,07,1991,12770.0,13.4,20.5,1.461,3.6,10.7,2.2,0.179
'260',25,07,1991,16230.0,12.4,20.1,1.477,2.1,0.8,2.7,0.021
'260',26,07,1991,20450.0,12.1,21.9,1.468,2.1,0.0,3.5,0.000
'260',27,07,1991,22520.0,11.5,22.7,1.410,1.0,0.0,3.9,0.000
'260',28,07,1991,24560.0,12.0,26.8,1.452,2.6,0.0,4.5,0.000
'260',29,07,1991,25460.0,16.1,28.2,1.488,4.6,0.0,4.9,0.000
'260',30,07,1991,20610.0,17.5,29.2,1.510,3.6,0.0,4.0,0.000
'260',31,07,1991,8890.0,12.3,22.0,1.548,2.1,2.2,1.6,0.092
'260',01,08,1991,19860.0,10.8,23.9,1.449,1.0,0.0,3.5,0.000
'260',02,08,1991,20440.0,11.4,25.6,1.544,1.5,0.0,3.6,0.000
'260',03,08,1991,18620.0,13.9,25.1,1.607,1.5,0.0,3.3,0.000
'260',04,08,1991,14100.0,11.9,25.3,1.712,1.5,0.0,2.5,0.000
'260',05,08,1991,14540.0,12.7,25.2,1.728,2.1,0.0,2.7,0.000
'260',06,08,1991,19400.0,15.4,30.5,1.617,2.6,0.0,3.7,0.000
'260',07,08,1991,16590.0,15.9,24.2,1.785,2.6,0.0,3.0,0.000
'260',08,08,1991,9470.0,11.8,20.5,1.371,2.6,0.1,1.6,0.004
'260',09,08,1991,21200.0,8.6,23.8,1.237,2.1,0.1,3.7,0.004
'260',10,08,1991,6000.0,18.1,22.1,2.006,3.1,0.0,1.1,0.000
'260',11,08,1991,5970.0,17.2,21.9,1.924,3.1,2.5,1.1,0.096
'260',12,08,1991,20300.0,9.5,21.0,1.284,2.1,0.0,3.4,0.000
'260',13,08,1991,7770.0,9.6,20.7,1.349,1.0,0.1,1.3,0.017
'260',14,08,1991,17410.0,12.0,22.9,1.399,1.0,0.0,3.0,0.000
'260',15,08,1991,21180.0,10.8,26.0,1.387,1.5,0.0,3.8,0.000
'260',16,08,1991,17460.0,11.8,22.3,1.425,2.6,0.0,3.1,0.000
'260',17,08,1991,9660.0,12.9,20.3,1.450,3.1,1.2,1.6,0.067
'260',18,08,1991,15880.0,11.7,19.3,1.248,3.1,0.0,2.6,0.000
'260',19,08,1991,16120.0,8.1,20.7,1.163,2.6,0.0,2.7,0.000
'260',20,08,1991,14930.0,10.3,21.4,1.327,2.1,1.0,2.6,0.050
'260',21,08,1991,21040.0,7.7,25.3,1.251,1.5,0.0,3.7,0.000
'260',22,08,1991,15500.0,17.3,29.2,1.862,3.1,0.4,3.0,0.012
'260',23,08,1991,18430.0,15.9,22.5,1.458,3.6,0.9,3.3,0.050
'260',24,08,1991,13070.0,10.3,21.0,1.373,3.1,0.0,2.2,0.000
'260',25,08,1991,16340.0,10.0,24.1,1.313,1.0,0.0,2.8,0.000
'260',26,08,1991,15560.0,8.8,22.9,1.223,1.0,0.0,2.6,0.000
'260',27,08,1991,16670.0,11.2,22.9,1.357,2.1,0.0,2.9,0.000
'260',28,08,1991,12190.0,9.9,21.2,1.271,2.6,0.0,2.0,0.000
'260',29,08,1991,20380.0,9.0,23.3,1.129,2.6,0.0,3.5,0.000
'260',30,08,1991,20260.0,9.1,25.1,1.197,2.6,0.0,3.5,0.000
'260',31,08,1991,20200.0,11.3,26.6,1.219,3.1,0.0,3.6,0.000
'260',01,09,1991,19640.0,12.6,28.1,1.234,3.1,0.0,3.7,0.000
'260',02,09,1991,16870.0,10.3,27.2,1.648,1.5,0.0,3.0,0.000
'260',03,09,1991,18010.0,12.7,30.1,1.417,1.5,0.0,3.3,0.000
'260',04,09,1991,17290.0,13.3,26.7,1.503,3.1,0.0,3.1,0.000
'260',05,09,1991,7810.0,11.1,21.8,1.588,2.1,0.2,1.3,0.008
'260',06,09,1991,6520.0,9.7,17.2,1.032,2.1,0.0,1.1,0.000
'260',07,09,1991,6030.0,13.0,17.8,1.352,2.1,0.0,1.0,0.000
'260',08,09,1991,11170.0,8.5,21.4,1.269,1.5,0.0,1.8,0.000
'260',09,09,1991,7570.0,7.7,19.9,1.188,1.0,0.0,1.2,0.000
'260',10,09,1991,14440.0,6.4,24.4,1.179,1.0,0.0,2.4,0.000
'260',11,09,1991,5640.0,5.2,16.8,0.988,2.1,0.0,0.9,0.000
'260',12,09,1991,11890.0,2.5,19.1,0.874,1.5,0.0,1.8,0.000
'260',13,09,1991,17410.0,2.8,21.6,0.799,1.0,0.0,2.7,0.000
'260',14,09,1991,15360.0,3.9,24.0,0.914,1.5,0.0,2.6,0.000
'260',15,09,1991,3270.0,9.1,20.3,1.590,2.1,1.3,0.6,0.104
'260',16,09,1991,4960.0,7.2,18.4,1.386,2.6,10.6,0.8,0.163
'260',17,09,1991,11590.0,13.3,19.1,1.393,3.6,0.0,2.0,0.000
'260',18,09,1991,7240.0,12.5,20.4,1.468,2.6,1.8,1.2,0.062
'260',19,09,1991,10990.0,6.4,18.6,1.049,1.0,0.0,1.8,0.000
'260',20,09,1991,7670.0,4.9,18.5,0.987,0.5,0.0,1.1,0.000
'260',21,09,1991,14150.0,6.0,22.4,1.213,2.1,0.0,2.3,0.000
'260',22,09,1991,6370.0,12.5,18.1,1.242,3.6,3.2,1.1,0.067
'260',23,09,1991,7000.0,12.2,18.0,1.308,4.1,2.2,1.1,0.150
'260',24,09,1991,6420.0,14.7,20.1,1.579,5.7,0.1,1.1,0.017
'260',25,09,1991,2420.0,13.7,16.1,1.626,1.0,13.8,0.4,0.288
'260',26,09,1991,2790.0,12.4,16.4,1.513,1.5,8.2,0.5,0.067
'260',27,09,1991,2890.0,10.5,13.1,1.284,1.5,11.1,0.4,0.308
'260',28,09,1991,10060.0,7.4,15.8,1.101,3.6,0.7,1.5,0.154
'260',29,09,1991,4750.0,11.7,17.1,1.436,2.1,2.6,0.8,0.183
'260',30,09,1991,6140.0,9.0,14.9,1.158,2.6,15.6,0.9,0.288
'260',01,10,1991,5280.0,7.4,15.4,0.953,4.6,6.6,0.8,0.092
'260',02,10,1991,9160.0,9.7,16.1,1.060,4.1,1.6,1.4,0.054
'260',03,10,1991,8200.0,9.8,17.7,1.252,3.6,1.9,1.3,0.037
'260',04,10,1991,8920.0,6.7,17.3,1.044,1.0,0.0,1.4,0.000
'260',05,10,1991,9570.0,5.5,18.3,1.167,1.5,0.0,1.5,0.000
'260',06,10,1991,10910.0,4.2,15.5,0.870,2.1,0.3,1.6,0.067
'260',07,10,1991,5870.0,3.4,15.4,1.020,1.0,0.0,0.9,0.000
'260',08,10,1991,7830.0,8.6,18.1,1.265,1.5,0.0,1.3,0.000
'260',09,10,1991,7920.0,10.7,18.5,1.357,1.5,0.0,1.3,0.000
'260',10,10,1991,10050.0,9.7,21.6,1.337,2.1,0.0,1.7,0.000
'260',11,10,1991,9330.0,12.3,19.7,1.231,4.6,0.0,1.6,0.000
'260',12,10,1991,2250.0,10.4,16.1,1.374,1.5,9.6,0.4,0.263
'260',13,10,1991,1290.0,10.8,13.9,1.380,1.5,0.9,0.2,0.117
'260',14,10,1991,9110.0,7.9,17.8,1.297,1.5,0.0,1.4,0.000
'260',15,10,1991,6540.0,7.5,17.6,1.253,1.0,0.0,1.0,0.000
'260',16,10,1991,3660.0,10.3,14.7,1.252,5.7,1.4,0.6,0.112
'260',17,10,1991,5940.0,7.2,14.4,0.850,6.2,3.4,0.9,0.083
'260',18,10,1991,4720.0,5.8,11.2,0.915,4.1,11.8,0.7,0.267
'260',19,10,1991,5430.0,4.8,10.2,0.848,3.1,2.6,0.7,0.125
'260',20,10,1991,6590.0,-0.2,11.3,0.709,1.5,0.2,0.9,0.008
'260',21,10,1991,6390.0,-0.7,11.1,0.673,1.0,0.0,0.8,0.000
'260',22,10,1991,6240.0,1.7,13.8,0.890,1.0,0.0,0.9,0.000
'260',23,10,1991,3440.0,8.8,11.9,1.065,1.5,0.3,0.5,0.017
'260',24,10,1991,2260.0,8.7,12.5,1.134,1.0,0.0,0.3,0.000
'260',25,10,1991,1980.0,8.8,10.7,1.107,1.5,0.0,0.3,0.000
'260',26,10,1991,8250.0,2.7,10.7,0.721,3.6,0.0,1.1,0.000
'260',27,10,1991,8180.0,0.6,9.5,0.615,3.1,0.0,1.0,0.000
'260',28,10,1991,4790.0,3.9,9.4,0.667,3.6,0.0,0.6,0.000
'260',29,10,1991,4440.0,4.3,10.0,0.659,3.1,0.0,0.6,0.000
'260',30,10,1991,4630.0,2.2,8.8,0.671,3.6,0.0,0.6,0.000
'260',31,10,1991,5310.0,4.7,11.3,0.873,4.1,0.0,0.7,0.000
'260',01,11,1991,3280.0,6.3,13.6,1.008,5.1,1.5,0.5,0.133
'260',02,11,1991,4320.0,11.1,14.3,1.208,6.2,5.5,0.7,0.050
'260',03,11,1991,1150.0,5.5,12.3,0.937,6.2,6.5,0.2,0.196
'260',04,11,1991,1480.0,4.7,8.6,0.856,5.1,22.6,0.2,0.317
'260',05,11,1991,3640.0,3.3,9.9,0.813,2.1,1.6,0.5,0.058
'260',06,11,1991,3570.0,2.7,8.7,0.705,4.1,3.3,0.5,0.154
'260',07,11,1991,510.0,7.8,13.1,1.094,6.2,15.9,0.1,0.408
'260',08,11,1991,1240.0,7.1,12.5,1.033,4.6,7.1,0.2,0.288
'260',09,11,1991,2130.0,3.0,7.6,0.759,2.1,10.9,0.3,0.242
'260',10,11,1991,4710.0,1.9,8.5,0.728,3.6,1.9,0.6,0.083
'260',11,11,1991,890.0,3.8,8.6,0.854,5.1,7.7,0.1,0.508
'260',12,11,1991,3990.0,0.8,10.8,0.816,4.1,7.1,0.5,0.125
'260',13,11,1991,3470.0,4.7,10.0,0.800,5.1,4.4,0.5,0.075
'260',14,11,1991,960.0,1.8,7.2,0.751,4.1,0.6,0.1,0.025
'260',15,11,1991,3040.0,-0.8,8.1,0.720,2.6,5.2,0.4,0.104
'260',16,11,1991,3880.0,-2.1,4.1,0.647,1.0,0.0,0.4,0.000
'260',17,11,1991,2630.0,-0.8,4.0,0.670,2.1,0.0,0.3,0.000
'260',18,11,1991,670.0,3.7,8.5,0.914,3.1,3.8,0.1,0.238
'260',19,11,1991,700.0,1.2,6.8,0.773,5.1,18.2,0.1,0.342
'260',20,11,1991,1660.0,0.0,4.1,0.629,5.7,5.4,0.2,0.208
'260',21,11,1991,1580.0,-1.2,0.6,0.580,2.1,0.0,0.2,0.000
'260',22,11,1991,850.0,-0.1,4.9,0.702,2.6,0.5,0.1,0.208
'260',23,11,1991,820.0,4.5,5.6,0.812,2.1,0.0,0.1,0.000
'260',24,11,1991,2610.0,0.1,6.0,0.663,1.5,0.0,0.3,0.000
'260',25,11,1991,680.0,-1.1,2.1,0.591,3.1,0.0,0.1,0.000
'260',26,11,1991,1290.0,0.5,5.9,0.660,2.6,0.0,0.2,0.000
'260',27,11,1991,2240.0,3.2,8.7,0.819,1.0,0.0,0.3,0.000
'260',28,11,1991,2680.0,1.6,7.5,0.799,1.5,0.0,0.3,0.000
'260',29,11,1991,3590.0,1.4,7.7,0.779,2.1,0.0,0.4,0.000
'260',30,11,1991,4000.0,-1.1,8.6,0.656,2.6,0.0,0.5,0.000
'260',01,12,1991,1290.0,0.7,4.1,0.719,1.0,0.0,0.1,0.000
'260',02,12,1991,610.0,-0.5,4.2,0.674,2.6,0.0,0.1,0.000
'260',03,12,1991,690.0,-0.9,0.9,0.583,1.5,0.0,0.1,0.000
'260',04,12,1991,570.0,0.9,7.3,0.729,1.0,0.0,0.1,0.000
'260',05,12,1991,3940.0,-0.8,6.8,0.634,3.1,0.0,0.5,0.000
'260',06,12,1991,3850.0,-3.9,5.9,0.507,1.5,0.0,0.4,0.000
'260',07,12,1991,920.0,-0.2,6.5,0.659,0.5,0.0,0.1,0.000
'260',08,12,1991,1830.0,-0.7,6.4,0.627,0.5,0.0,0.2,0.000
'260',09,12,1991,3060.0,-1.7,5.5,0.579,2.1,0.0,0.4,0.000
'260',10,12,1991,3430.0,-4.3,0.0,0.316,4.1,0.0,0.3,0.000
'260',11,12,1991,3260.0,-3.2,1.3,0.403,3.6,0.0,0.3,0.000
'260',12,12,1991,2410.0,-2.5,3.3,0.524,2.1,0.0,0.3,0.000
'260',13,12,1991,2700.0,-3.0,3.4,0.530,2.6,0.0,0.3,0.000
'260',14,12,1991,3400.0,-2.8,6.2,0.504,2.1,0.0,0.4,0.000
'260',15,12,1991,3210.0,-3.9,2.2,0.460,1.5,0.0,0.3,0.000
'260',16,12,1991,570.0,-2.0,4.0,0.605,1.5,0.0,0.1,0.000
'260',17,12,1991,470.0,2.7,8.7,0.905,4.1,5.3,0.1,0.221
'260',18,12,1991,2350.0,4.9,9.0,0.812,5.7,6.6,0.3,0.100
'260',19,12,1991,90.0,5.1,11.1,0.849,7.7,10.8,0.0,0.371
'260',20,12,1991,1520.0,3.2,6.4,0.651,5.7,1.8,0.2,0.117
'260',21,12,1991,470.0,2.6,12.2,0.915,5.1,12.6,0.1,0.475
'260',22,12,1991,610.0,9.3,13.2,1.157,5.7,8.5,0.1,0.475
'260',23,12,1991,570.0,6.3,12.0,0.940,8.2,2.7,0.1,0.079
'260',24,12,1991,2240.0,3.8,8.5,0.772,3.6,0.2,0.3,0.008
'260',25,12,1991,2150.0,-0.1,7.0,0.694,2.6,0.0,0.3,0.000
'260',26,12,1991,670.0,4.2,9.2,0.842,6.2,1.6,0.1,0.088
'260',27,12,1991,1180.0,5.5,7.7,0.757,3.6,0.0,0.2,0.000
'260',28,12,1991,2410.0,5.0,8.6,0.828,2.1,0.0,0.3,0.000
'260',29,12,1991,250.0,5.3,6.3,0.865,2.1,0.8,0.0,0.296
'260',30,12,1991,900.0,5.4,7.2,0.911,0.5,0.0,0.1,0.000
'260',31,12,1991,420.0,3.9,5.6,0.786,2.1,0.0,0.1,0.000
