* Source of data    : Royal Netherlands Meterological Institute (www.knmi.nl)
* File content      : Meteo from www.knmi.nl; input file for Swap 3.2 (www.swap.alterra.nl)
* File generated by : Alterra - Wageningen-UR (www.alterra.wur.nl)
* File generated at : 2017-02-27 11:38:43
Station,DD,MM,YYYY,Rad,Tmin,Tmax,Hum,Wind,Rain,ETref,Wet
'260',01,01,1996,660.0,-2.2,-0.5,0.537,3.1,0.2,0.1,0.025
'260',02,01,1996,2090.0,-3.9,-0.3,0.462,2.6,0.0,0.2,0.000
'260',03,01,1996,3010.0,-3.5,0.8,0.471,2.6,0.0,0.3,0.000
'260',04,01,1996,2480.0,-1.0,2.3,0.535,4.6,0.0,0.3,0.000
'260',05,01,1996,3170.0,-2.3,1.5,0.378,5.7,0.0,0.3,0.000
'260',06,01,1996,2620.0,-5.5,-0.8,0.340,6.2,0.0,0.2,0.000
'260',07,01,1996,760.0,-0.8,8.0,0.723,4.1,4.0,0.1,0.296
'260',08,01,1996,2010.0,1.8,7.9,0.838,4.6,0.0,0.3,0.000
'260',09,01,1996,670.0,4.0,6.4,0.804,5.7,2.4,0.1,0.142
'260',10,01,1996,760.0,3.6,7.0,0.871,2.6,0.3,0.1,0.029
'260',11,01,1996,1600.0,3.3,9.3,0.875,4.6,0.2,0.2,0.021
'260',12,01,1996,2850.0,7.5,10.1,0.989,4.6,0.0,0.4,0.000
'260',13,01,1996,2600.0,6.3,10.1,0.973,4.6,0.0,0.4,0.000
'260',14,01,1996,3250.0,1.4,11.1,0.810,3.1,0.0,0.4,0.000
'260',15,01,1996,3510.0,0.6,7.1,0.738,3.1,0.0,0.4,0.000
'260',16,01,1996,1760.0,-0.2,2.6,0.669,2.6,0.0,0.2,0.000
'260',17,01,1996,1330.0,-0.5,1.8,0.642,3.1,0.0,0.1,0.000
'260',18,01,1996,830.0,-2.0,-0.1,0.561,3.1,0.0,0.1,0.000
'260',19,01,1996,640.0,-2.9,-0.8,0.517,4.1,0.0,0.1,0.000
'260',20,01,1996,1050.0,-2.8,0.2,0.450,6.7,0.0,0.1,0.000
'260',21,01,1996,2950.0,-1.6,-0.1,0.401,6.2,0.0,0.3,0.000
'260',22,01,1996,4320.0,-3.8,2.1,0.401,6.2,0.0,0.4,0.000
'260',23,01,1996,3910.0,-5.3,-1.5,0.327,6.7,0.0,0.4,0.000
'260',24,01,1996,2980.0,-6.2,-1.5,0.312,7.2,0.0,0.3,0.000
'260',25,01,1996,4610.0,-10.0,-6.2,0.176,7.7,0.0,0.3,0.000
'260',26,01,1996,1330.0,-10.0,-8.0,0.208,6.7,0.0,0.1,0.000
'260',27,01,1996,1910.0,-8.0,-3.5,0.304,5.1,0.0,0.2,0.000
'260',28,01,1996,5730.0,-7.8,-0.9,0.281,6.7,0.0,0.5,0.000
'260',29,01,1996,5240.0,-6.2,0.9,0.373,6.2,0.0,0.5,0.000
'260',30,01,1996,5690.0,-5.3,2.1,0.381,4.6,0.0,0.5,0.000
'260',31,01,1996,6300.0,-6.0,3.6,0.354,4.1,0.0,0.6,0.000
'260',01,02,1996,6170.0,-5.9,3.4,0.313,3.1,0.0,0.6,0.000
'260',02,02,1996,1610.0,-7.8,1.8,0.421,1.5,0.0,0.2,0.000
'260',03,02,1996,2240.0,-2.2,0.3,0.483,2.6,0.1,0.2,0.042
'260',04,02,1996,5760.0,-1.9,2.8,0.472,2.1,0.0,0.6,0.000
'260',05,02,1996,4730.0,-4.1,2.6,0.416,3.1,0.0,0.5,0.000
'260',06,02,1996,6940.0,-6.6,-0.2,0.321,6.2,0.0,0.6,0.000
'260',07,02,1996,2100.0,-7.4,-3.0,0.270,4.6,0.0,0.2,0.000
'260',08,02,1996,4680.0,-13.2,-4.9,0.212,2.1,0.0,0.3,0.000
'260',09,02,1996,2800.0,-14.1,1.5,0.327,3.6,0.0,0.2,0.000
'260',10,02,1996,2080.0,-0.4,5.7,0.649,5.1,1.7,0.2,0.137
'260',11,02,1996,680.0,2.8,5.1,0.765,5.1,8.2,0.1,0.354
'260',12,02,1996,1520.0,1.6,5.0,0.728,5.1,18.9,0.2,0.483
'260',13,02,1996,800.0,0.3,2.0,0.626,6.2,0.1,0.1,0.021
'260',14,02,1996,1090.0,-1.7,0.5,0.510,4.6,0.0,0.1,0.000
'260',15,02,1996,3430.0,-2.3,2.5,0.547,4.1,0.4,0.4,0.092
'260',16,02,1996,1840.0,2.5,8.4,0.762,5.1,1.4,0.2,0.146
'260',17,02,1996,3430.0,3.5,7.1,0.737,6.2,0.2,0.4,0.029
'260',18,02,1996,3290.0,2.2,7.1,0.707,6.2,17.9,0.4,0.462
'260',19,02,1996,2450.0,-2.0,3.1,0.588,5.1,5.5,0.3,0.350
'260',20,02,1996,2550.0,-4.6,-1.7,0.368,8.2,0.0,0.2,0.000
'260',21,02,1996,10040.0,-6.5,-1.2,0.331,4.6,0.0,0.9,0.000
'260',22,02,1996,7690.0,-6.4,2.5,0.410,2.1,1.0,0.8,0.042
'260',23,02,1996,7610.0,-2.9,2.1,0.488,4.1,0.0,0.8,0.000
'260',24,02,1996,2680.0,-0.5,5.6,0.662,6.2,0.6,0.3,0.033
'260',25,02,1996,2340.0,5.3,9.9,0.865,5.7,2.0,0.3,0.212
'260',26,02,1996,4110.0,-1.2,8.1,0.701,3.1,4.2,0.5,0.258
'260',27,02,1996,7250.0,-1.1,9.4,0.659,1.5,0.0,0.9,0.000
'260',28,02,1996,4260.0,-0.4,6.7,0.704,3.6,0.6,0.5,0.083
'260',29,02,1996,7380.0,-0.8,7.8,0.653,2.6,0.0,0.9,0.000
'260',01,03,1996,3890.0,-2.2,4.9,0.582,3.1,0.1,0.5,0.012
'260',02,03,1996,6660.0,-2.7,4.7,0.515,2.6,1.3,0.7,0.167
'260',03,03,1996,6570.0,-2.7,4.8,0.547,2.1,0.3,0.7,0.071
'260',04,03,1996,2340.0,-3.6,4.5,0.638,2.1,2.1,0.3,0.183
'260',05,03,1996,1930.0,1.3,4.2,0.698,2.6,0.3,0.2,0.050
'260',06,03,1996,3630.0,2.3,7.0,0.746,2.6,0.2,0.5,0.037
'260',07,03,1996,3600.0,1.2,5.8,0.629,6.7,0.0,0.4,0.000
'260',08,03,1996,12040.0,-0.6,7.8,0.518,6.7,0.0,1.4,0.000
'260',09,03,1996,12480.0,-0.8,8.2,0.505,5.7,0.0,1.5,0.000
'260',10,03,1996,12960.0,-1.3,8.0,0.418,4.6,0.0,1.5,0.000
'260',11,03,1996,9410.0,-4.1,3.0,0.389,5.1,0.0,1.0,0.000
'260',12,03,1996,13230.0,-5.9,1.4,0.315,5.1,0.0,1.3,0.000
'260',13,03,1996,12790.0,-5.3,2.9,0.340,5.1,0.0,1.3,0.000
'260',14,03,1996,12620.0,-4.0,5.5,0.417,6.7,0.0,1.4,0.000
'260',15,03,1996,9700.0,-0.4,7.9,0.504,5.7,0.0,1.2,0.000
'260',16,03,1996,6940.0,-0.5,9.2,0.626,4.6,0.0,0.8,0.000
'260',17,03,1996,3070.0,2.6,7.3,0.700,2.1,0.0,0.4,0.000
'260',18,03,1996,5020.0,3.2,7.8,0.694,2.6,0.0,0.6,0.000
'260',19,03,1996,3930.0,1.3,6.9,0.695,1.5,0.0,0.5,0.000
'260',20,03,1996,12660.0,-1.8,13.3,0.634,1.5,0.0,1.7,0.000
'260',21,03,1996,6780.0,2.1,12.2,0.874,2.6,1.1,0.9,0.142
'260',22,03,1996,2960.0,6.1,9.0,0.987,2.1,0.0,0.4,0.000
'260',23,03,1996,3160.0,6.3,11.0,1.075,2.6,0.2,0.4,0.050
'260',24,03,1996,4630.0,3.8,7.5,0.831,3.6,0.0,0.6,0.000
'260',25,03,1996,13910.0,3.0,12.6,0.798,4.6,0.0,1.9,0.000
'260',26,03,1996,2930.0,-0.1,5.4,0.574,5.1,0.0,0.3,0.000
'260',27,03,1996,17570.0,-2.3,7.2,0.438,3.1,0.0,2.0,0.000
'260',28,03,1996,7510.0,-2.6,7.6,0.519,4.1,1.9,0.9,0.121
'260',29,03,1996,10250.0,0.4,7.2,0.637,3.6,1.0,1.2,0.046
'260',30,03,1996,12530.0,-1.5,7.4,0.533,3.6,0.3,1.4,0.025
'260',31,03,1996,9470.0,-2.4,6.2,0.590,2.1,2.0,1.1,0.146
'260',01,04,1996,19050.0,-5.2,5.9,0.398,2.6,0.0,2.1,0.000
'260',02,04,1996,11790.0,-5.6,6.0,0.438,2.6,0.2,1.3,0.017
'260',03,04,1996,16760.0,-1.8,8.1,0.468,4.6,0.0,2.0,0.000
'260',04,04,1996,18490.0,-0.5,12.3,0.434,5.1,0.0,2.4,0.000
'260',05,04,1996,17250.0,0.3,13.3,0.619,5.1,0.0,2.3,0.000
'260',06,04,1996,7200.0,2.3,11.3,0.731,3.1,0.0,1.0,0.000
'260',07,04,1996,12800.0,-0.3,13.4,0.737,2.1,0.0,1.7,0.000
'260',08,04,1996,6480.0,0.5,10.4,0.667,2.1,0.0,0.9,0.000
'260',09,04,1996,8550.0,0.0,14.9,0.811,2.1,0.0,1.2,0.000
'260',10,04,1996,6420.0,8.2,14.4,1.110,2.1,2.0,1.0,0.229
'260',11,04,1996,1620.0,2.9,9.9,0.876,2.6,5.5,0.2,0.458
'260',12,04,1996,19520.0,-0.6,7.2,0.456,5.1,0.0,2.3,0.000
'260',13,04,1996,18440.0,-1.8,11.2,0.541,3.6,0.0,2.3,0.000
'260',14,04,1996,19830.0,0.0,13.0,0.584,2.6,0.0,2.6,0.000
'260',15,04,1996,20870.0,-1.0,16.6,0.537,2.1,0.0,3.0,0.000
'260',16,04,1996,20240.0,4.3,18.8,0.551,3.1,0.0,3.1,0.000
'260',17,04,1996,17570.0,7.1,20.2,0.706,4.1,0.0,2.8,0.000
'260',18,04,1996,14490.0,6.7,17.5,0.936,4.1,0.0,2.2,0.000
'260',19,04,1996,17190.0,8.4,19.9,0.969,3.1,0.0,2.8,0.000
'260',20,04,1996,16480.0,8.3,25.2,0.893,3.1,0.0,2.8,0.000
'260',21,04,1996,22110.0,9.3,24.6,0.680,3.6,0.0,3.9,0.000
'260',22,04,1996,16570.0,11.3,25.3,0.897,3.6,0.0,3.0,0.000
'260',23,04,1996,10780.0,9.3,19.6,1.011,5.7,0.1,1.8,0.025
'260',24,04,1996,13850.0,6.0,16.2,0.914,4.1,0.3,2.1,0.033
'260',25,04,1996,18590.0,3.6,16.7,0.838,3.6,0.0,2.8,0.000
'260',26,04,1996,16100.0,3.8,18.1,1.014,3.1,0.0,2.5,0.000
'260',27,04,1996,17950.0,3.7,20.5,0.965,1.5,0.0,2.8,0.000
'260',28,04,1996,18490.0,5.9,16.3,0.909,4.1,0.0,2.8,0.000
'260',29,04,1996,14550.0,4.2,11.3,0.690,2.1,0.0,2.0,0.000
'260',30,04,1996,17920.0,-0.3,14.7,0.658,2.1,0.0,2.5,0.000
'260',01,05,1996,12140.0,6.0,17.6,0.841,2.6,0.5,1.8,0.050
'260',02,05,1996,8580.0,7.2,14.7,1.080,2.1,0.0,1.3,0.000
'260',03,05,1996,3500.0,7.0,9.8,1.047,2.6,4.0,0.5,0.133
'260',04,05,1996,14270.0,4.1,11.4,0.722,4.1,0.0,1.9,0.000
'260',05,05,1996,12830.0,0.1,11.0,0.616,2.1,0.0,1.7,0.000
'260',06,05,1996,21480.0,-2.3,14.6,0.540,3.1,0.0,2.9,0.000
'260',07,05,1996,24690.0,4.2,16.9,0.689,6.2,0.0,3.6,0.000
'260',08,05,1996,19760.0,3.3,15.7,0.686,5.7,0.0,2.8,0.000
'260',09,05,1996,20640.0,5.1,13.2,0.802,5.7,0.0,3.0,0.000
'260',10,05,1996,6300.0,4.8,9.6,0.821,3.1,0.3,0.8,0.083
'260',11,05,1996,5850.0,6.2,10.9,0.874,2.1,0.0,0.8,0.000
'260',12,05,1996,5090.0,7.3,11.1,0.941,3.1,0.0,0.7,0.000
'260',13,05,1996,6520.0,7.0,10.9,0.931,3.1,0.0,0.9,0.000
'260',14,05,1996,7680.0,8.0,12.4,1.041,3.6,0.0,1.1,0.000
'260',15,05,1996,11720.0,3.8,12.8,0.777,4.1,0.0,1.7,0.000
'260',16,05,1996,19120.0,0.8,12.7,0.648,4.1,2.3,2.6,0.167
'260',17,05,1996,6910.0,5.3,11.8,0.988,3.1,2.4,1.0,0.042
'260',18,05,1996,8390.0,5.6,15.6,1.186,3.1,0.0,1.3,0.000
'260',19,05,1996,15600.0,8.7,16.2,0.984,3.6,0.0,2.5,0.000
'260',20,05,1996,24640.0,3.2,16.6,0.724,2.6,0.0,3.7,0.000
'260',21,05,1996,19780.0,4.2,18.9,0.784,2.1,4.5,3.0,0.100
'260',22,05,1996,11660.0,5.9,16.0,1.046,4.1,2.5,1.8,0.163
'260',23,05,1996,9330.0,9.9,16.1,1.244,5.1,4.0,1.5,0.275
'260',24,05,1996,9630.0,12.6,18.3,1.479,5.7,4.8,1.6,0.242
'260',25,05,1996,9330.0,10.7,15.3,1.150,3.1,11.6,1.5,0.325
'260',26,05,1996,17260.0,8.9,17.4,1.171,4.6,0.7,2.7,0.083
'260',27,05,1996,5430.0,6.7,13.4,1.062,4.6,4.3,0.8,0.179
'260',28,05,1996,24070.0,6.4,15.5,0.837,3.1,0.0,3.6,0.000
'260',29,05,1996,15200.0,11.5,21.6,1.542,4.6,0.0,2.6,0.000
'260',30,05,1996,22690.0,11.0,26.1,1.451,3.1,0.0,4.1,0.000
'260',31,05,1996,24800.0,13.0,20.4,1.183,4.6,0.0,4.3,0.000
'260',01,06,1996,22520.0,6.8,18.2,0.967,4.1,0.0,3.6,0.000
'260',02,06,1996,24230.0,5.6,19.9,0.857,2.1,2.1,3.9,0.062
'260',03,06,1996,26470.0,7.7,21.2,1.079,2.1,0.0,4.4,0.000
'260',04,06,1996,17840.0,12.6,21.2,1.381,3.1,0.0,3.0,0.000
'260',05,06,1996,27030.0,10.8,28.2,1.330,3.1,0.0,5.0,0.000
'260',06,06,1996,26890.0,15.1,30.9,1.566,2.6,0.0,5.2,0.000
'260',07,06,1996,25040.0,16.0,33.9,1.639,2.6,0.0,5.0,0.000
'260',08,06,1996,14540.0,17.6,27.6,2.074,2.6,6.0,2.7,0.096
'260',09,06,1996,7090.0,10.5,18.2,1.314,2.6,0.0,1.2,0.000
'260',10,06,1996,22510.0,10.5,26.9,1.503,2.6,0.0,4.1,0.000
'260',11,06,1996,27910.0,15.0,25.1,1.697,3.1,2.4,5.1,0.033
'260',12,06,1996,23140.0,9.2,18.7,1.024,4.1,0.0,3.9,0.000
'260',13,06,1996,26260.0,8.6,19.5,0.990,3.1,0.0,4.3,0.000
'260',14,06,1996,16050.0,5.8,17.1,0.978,2.6,0.0,2.5,0.000
'260',15,06,1996,28920.0,4.6,20.6,0.922,3.1,0.0,4.7,0.000
'260',16,06,1996,29530.0,6.9,22.2,1.126,2.6,0.0,4.9,0.000
'260',17,06,1996,28770.0,8.3,25.1,0.882,2.6,0.0,5.0,0.000
'260',18,06,1996,23170.0,10.5,20.6,1.148,3.6,0.0,3.9,0.000
'260',19,06,1996,8490.0,11.4,15.2,1.088,4.1,0.0,1.3,0.000
'260',20,06,1996,17870.0,7.3,16.2,0.921,3.1,0.0,2.8,0.000
'260',21,06,1996,14260.0,7.2,15.0,0.938,3.6,0.8,2.2,0.075
'260',22,06,1996,10340.0,9.5,14.7,1.147,3.6,0.8,1.6,0.062
'260',23,06,1996,7820.0,10.0,13.5,1.142,3.1,0.3,1.2,0.025
'260',24,06,1996,7690.0,10.0,14.8,1.218,2.6,0.9,1.2,0.079
'260',25,06,1996,6580.0,9.3,14.7,1.190,1.5,0.0,1.0,0.000
'260',26,06,1996,19810.0,9.2,22.4,1.213,2.1,0.0,3.3,0.000
'260',27,06,1996,12890.0,10.8,19.2,1.385,2.1,0.2,2.1,0.033
'260',28,06,1996,12440.0,10.5,20.6,1.337,3.6,1.1,2.1,0.096
'260',29,06,1996,7620.0,11.5,14.7,1.274,4.6,14.4,1.2,0.308
'260',30,06,1996,9860.0,12.5,17.2,1.366,5.1,9.1,1.6,0.042
'260',01,07,1996,13660.0,10.9,17.7,1.223,4.2,1.9,2.2,0.108
'260',02,07,1996,18700.0,9.8,17.6,1.218,4.1,0.7,3.0,0.008
'260',03,07,1996,12110.0,11.0,20.4,1.314,4.7,2.8,2.1,0.117
'260',04,07,1996,15860.0,13.3,19.4,1.402,6.2,6.3,2.7,0.183
'260',05,07,1996,11020.0,11.8,17.8,1.399,2.9,3.4,1.8,0.083
'260',06,07,1996,9470.0,7.5,15.4,1.140,2.2,8.4,1.5,0.204
'260',07,07,1996,17290.0,6.0,18.0,1.045,2.5,0.2,2.7,0.046
'260',08,07,1996,15020.0,8.3,15.9,1.080,3.7,0.6,2.3,0.017
'260',09,07,1996,12940.0,9.4,17.9,1.230,3.3,4.1,2.1,0.250
'260',10,07,1996,8890.0,10.6,17.4,1.378,3.1,2.0,1.4,0.154
'260',11,07,1996,21160.0,9.1,23.4,1.513,2.6,0.0,3.7,0.000
'260',12,07,1996,16760.0,12.2,22.1,1.621,1.9,0.0,2.9,0.000
'260',13,07,1996,10210.0,13.8,22.4,1.770,4.0,0.0,1.8,0.000
'260',14,07,1996,4770.0,13.7,19.3,1.761,2.6,0.0,0.8,0.000
'260',15,07,1996,24220.0,10.4,20.1,1.207,3.2,0.0,4.0,0.000
'260',16,07,1996,21540.0,10.4,18.5,1.192,3.6,0.0,3.5,0.000
'260',17,07,1996,26630.0,9.1,20.7,1.208,3.3,0.0,4.4,0.000
'260',18,07,1996,16600.0,7.2,17.7,1.146,3.0,0.0,2.7,0.000
'260',19,07,1996,21380.0,7.4,22.6,1.269,1.8,0.0,3.6,0.000
'260',20,07,1996,27010.0,8.3,25.7,1.092,2.1,0.0,4.8,0.000
'260',21,07,1996,25550.0,10.1,27.4,1.202,1.9,0.0,4.6,0.000
'260',22,07,1996,25690.0,13.2,29.0,1.215,2.8,0.0,4.9,0.000
'260',23,07,1996,15280.0,16.7,28.0,1.810,3.9,3.3,2.8,0.088
'260',24,07,1996,7980.0,13.5,18.3,1.589,4.7,8.3,1.3,0.325
'260',25,07,1996,9270.0,14.1,19.0,1.637,4.2,4.3,1.6,0.083
'260',26,07,1996,19080.0,12.3,23.1,1.570,1.7,0.0,3.3,0.000
'260',27,07,1996,8900.0,9.3,20.8,1.495,2.1,0.0,1.5,0.000
'260',28,07,1996,20180.0,6.4,21.6,1.203,1.8,0.0,3.4,0.000
'260',29,07,1996,13740.0,12.6,23.6,1.596,2.5,0.1,2.4,0.017
'260',30,07,1996,14780.0,12.5,23.0,1.652,2.8,0.0,2.6,0.000
'260',31,07,1996,7510.0,15.6,20.5,1.774,4.0,0.0,1.3,0.000
'260',01,08,1996,11890.0,11.8,20.6,1.361,3.6,0.0,2.0,0.000
'260',02,08,1996,21160.0,8.8,21.6,1.193,2.5,0.0,3.6,0.000
'260',03,08,1996,14490.0,8.7,21.2,1.293,1.6,0.0,2.4,0.000
'260',04,08,1996,22660.0,9.3,24.2,1.169,2.9,0.0,3.9,0.000
'260',05,08,1996,26050.0,11.8,25.2,1.117,5.2,0.0,4.7,0.000
'260',06,08,1996,9110.0,14.1,21.5,1.532,4.4,13.6,1.6,0.192
'260',07,08,1996,7800.0,11.5,17.8,1.460,3.7,0.0,1.3,0.000
'260',08,08,1996,21010.0,11.6,23.3,1.277,2.2,0.0,3.6,0.000
'260',09,08,1996,15920.0,12.4,27.3,1.460,2.4,0.0,2.9,0.000
'260',10,08,1996,9730.0,17.0,24.5,1.642,2.9,0.0,1.8,0.000
'260',11,08,1996,12840.0,14.8,24.1,1.659,2.2,2.9,2.3,0.188
'260',12,08,1996,5560.0,12.4,20.3,1.673,1.7,8.8,1.0,0.242
'260',13,08,1996,11000.0,16.2,21.9,1.831,3.9,0.0,2.0,0.000
'260',14,08,1996,12550.0,15.0,22.5,1.793,3.2,0.0,2.2,0.000
'260',15,08,1996,9650.0,14.3,22.4,1.804,2.9,0.0,1.7,0.000
'260',16,08,1996,6970.0,10.5,19.6,1.433,1.3,0.0,1.2,0.000
'260',17,08,1996,18180.0,8.6,23.5,1.384,1.4,0.0,3.1,0.000
'260',18,08,1996,20880.0,8.9,26.0,1.528,1.9,0.0,3.7,0.000
'260',19,08,1996,21900.0,13.7,29.0,1.494,3.8,0.0,4.1,0.000
'260',20,08,1996,20210.0,16.2,29.8,1.689,3.5,0.0,3.9,0.000
'260',21,08,1996,4710.0,13.6,21.1,1.817,1.8,1.8,0.8,0.071
'260',22,08,1996,20640.0,10.5,25.2,1.324,1.8,0.0,3.6,0.000
'260',23,08,1996,12510.0,13.0,24.8,1.641,4.0,5.7,2.2,0.096
'260',24,08,1996,14980.0,12.9,21.8,1.580,4.0,0.0,2.5,0.000
'260',25,08,1996,12520.0,11.0,21.4,1.446,4.1,10.1,2.1,0.121
'260',26,08,1996,16240.0,9.6,21.5,1.303,2.2,0.0,2.7,0.000
'260',27,08,1996,10100.0,9.1,21.7,1.409,1.6,2.2,1.6,0.062
'260',28,08,1996,5880.0,10.8,18.5,1.500,2.5,11.5,1.0,0.354
'260',29,08,1996,4060.0,13.3,17.1,1.536,3.0,2.2,0.7,0.146
'260',30,08,1996,11030.0,13.8,20.2,1.637,4.0,3.4,1.9,0.092
'260',31,08,1996,10800.0,8.6,17.3,1.185,2.9,1.0,1.7,0.054
'260',01,09,1996,8210.0,7.5,17.6,1.243,1.4,2.7,1.3,0.121
'260',02,09,1996,16690.0,5.4,20.4,0.988,1.4,0.0,2.6,0.000
'260',03,09,1996,18550.0,7.7,20.3,1.145,3.0,0.0,3.1,0.000
'260',04,09,1996,10120.0,10.5,18.2,1.293,3.0,0.0,1.7,0.000
'260',05,09,1996,19850.0,8.6,20.7,1.230,3.8,0.0,3.3,0.000
'260',06,09,1996,17500.0,5.3,19.5,0.989,2.6,0.0,2.8,0.000
'260',07,09,1996,18330.0,4.5,18.3,0.894,2.0,0.0,2.8,0.000
'260',08,09,1996,13010.0,4.2,18.8,0.966,1.7,0.0,2.0,0.000
'260',09,09,1996,14340.0,5.9,20.4,1.159,2.1,0.0,2.3,0.000
'260',10,09,1996,5520.0,8.3,16.6,1.235,2.6,0.4,0.9,0.054
'260',11,09,1996,5440.0,8.4,15.3,1.131,2.0,1.9,0.8,0.167
'260',12,09,1996,11560.0,8.8,17.2,1.100,4.4,6.5,1.8,0.200
'260',13,09,1996,10090.0,8.6,16.0,1.123,4.5,0.2,1.6,0.033
'260',14,09,1996,8650.0,10.3,17.3,1.250,3.0,0.2,1.4,0.037
'260',15,09,1996,9340.0,5.6,17.1,1.118,1.8,0.0,1.4,0.000
'260',16,09,1996,12540.0,4.5,18.1,0.940,2.0,0.0,1.9,0.000
'260',17,09,1996,17660.0,5.4,17.2,0.846,4.3,0.0,2.7,0.000
'260',18,09,1996,10860.0,8.3,15.2,1.021,5.9,0.0,1.6,0.000
'260',19,09,1996,12040.0,7.6,13.6,1.020,6.6,0.0,1.8,0.000
'260',20,09,1996,10100.0,7.2,15.0,1.033,5.4,0.0,1.5,0.000
'260',21,09,1996,11110.0,6.1,13.9,0.929,4.7,0.0,1.6,0.000
'260',22,09,1996,1870.0,8.8,10.3,1.076,3.8,2.1,0.3,0.167
'260',23,09,1996,3740.0,8.7,12.5,1.179,1.6,2.4,0.5,0.179
'260',24,09,1996,7620.0,4.0,15.1,0.999,1.0,0.0,1.1,0.000
'260',25,09,1996,11570.0,3.4,18.6,1.076,1.5,0.0,1.7,0.000
'260',26,09,1996,11060.0,5.7,19.3,1.219,3.0,1.3,1.8,0.067
'260',27,09,1996,9650.0,11.6,18.4,1.396,4.2,7.0,1.6,0.183
'260',28,09,1996,5650.0,9.0,17.9,1.333,4.0,0.1,0.9,0.012
'260',29,09,1996,1560.0,11.8,17.7,1.559,7.0,14.0,0.3,0.467
'260',30,09,1996,4680.0,9.6,17.8,1.366,3.3,10.6,0.8,0.354
'260',01,10,1996,3320.0,5.8,12.8,1.126,1.8,5.8,0.5,0.300
'260',02,10,1996,9460.0,3.4,16.1,0.994,1.6,0.8,1.3,0.008
'260',03,10,1996,9490.0,3.4,17.7,1.058,4.4,0.0,1.5,0.000
'260',04,10,1996,10870.0,8.7,15.4,1.035,4.3,6.2,1.7,0.179
'260',05,10,1996,7870.0,5.1,14.1,0.994,2.2,0.9,1.1,0.083
'260',06,10,1996,9880.0,2.0,16.0,0.926,1.5,0.0,1.4,0.000
'260',07,10,1996,11960.0,3.9,16.4,0.926,1.5,0.0,1.7,0.000
'260',08,10,1996,7280.0,3.5,17.6,1.067,1.0,0.0,1.1,0.000
'260',09,10,1996,2160.0,11.1,15.1,1.433,1.5,1.1,0.3,0.079
'260',10,10,1996,3690.0,9.4,14.6,1.238,1.2,1.8,0.6,0.125
'260',11,10,1996,4260.0,7.3,13.0,1.170,1.9,0.0,0.6,0.000
'260',12,10,1996,2410.0,6.3,11.8,1.079,2.5,0.0,0.3,0.000
'260',13,10,1996,10020.0,5.4,17.6,1.203,3.0,0.0,1.5,0.000
'260',14,10,1996,9560.0,11.6,20.2,1.369,3.5,0.0,1.6,0.000
'260',15,10,1996,2850.0,10.2,16.9,1.336,2.8,0.0,0.4,0.000
'260',16,10,1996,5830.0,5.0,13.9,0.976,1.7,0.0,0.8,0.000
'260',17,10,1996,7410.0,3.6,14.4,0.945,1.6,0.0,1.0,0.000
'260',18,10,1996,6960.0,3.2,13.6,0.937,3.9,0.7,1.0,0.054
'260',19,10,1996,6950.0,8.1,15.2,1.093,3.7,0.2,1.1,0.017
'260',20,10,1996,1530.0,8.9,15.5,1.327,3.6,13.4,0.2,0.450
'260',21,10,1996,4630.0,6.7,15.5,1.133,3.6,9.0,0.7,0.233
'260',22,10,1996,7630.0,3.7,15.5,0.997,1.6,0.0,1.1,0.000
'260',23,10,1996,8210.0,5.4,14.3,0.946,3.3,0.0,1.2,0.000
'260',24,10,1996,8710.0,5.9,14.7,0.899,3.9,0.0,1.3,0.000
'260',25,10,1996,4970.0,7.6,14.1,1.125,3.3,0.0,0.7,0.000
'260',26,10,1996,6210.0,8.1,15.0,1.103,4.0,0.4,0.9,0.042
'260',27,10,1996,780.0,7.6,15.3,1.242,6.3,10.8,0.1,0.404
'260',28,10,1996,2170.0,11.6,15.3,1.243,6.8,1.3,0.3,0.092
'260',29,10,1996,4440.0,8.6,13.5,0.980,6.8,8.9,0.7,0.454
'260',30,10,1996,4020.0,7.7,12.2,0.918,4.2,0.1,0.6,0.008
'260',31,10,1996,1870.0,7.7,12.9,1.026,5.6,13.1,0.3,0.392
'260',01,11,1996,3240.0,8.8,13.5,1.102,4.3,1.1,0.5,0.096
'260',02,11,1996,770.0,12.5,15.0,1.453,7.1,3.1,0.1,0.183
'260',03,11,1996,600.0,13.3,14.4,1.487,7.3,10.6,0.1,0.333
'260',04,11,1996,620.0,11.3,14.1,1.363,7.1,8.3,0.1,0.342
'260',05,11,1996,2660.0,7.6,12.2,1.046,6.6,8.4,0.4,0.292
'260',06,11,1996,3880.0,7.9,14.1,0.973,9.4,3.6,0.6,0.104
'260',07,11,1996,1110.0,6.6,11.2,1.035,3.8,16.4,0.2,0.308
'260',08,11,1996,6580.0,3.4,11.0,0.757,2.9,0.3,0.9,0.021
'260',09,11,1996,3960.0,4.4,11.0,0.854,4.5,1.1,0.5,0.012
'260',10,11,1996,770.0,4.1,8.3,0.886,4.2,11.1,0.1,0.508
'260',11,11,1996,1610.0,3.1,9.7,0.923,2.9,5.7,0.2,0.208
'260',12,11,1996,2460.0,5.7,10.1,1.002,2.8,4.7,0.3,0.108
'260',13,11,1996,3400.0,1.4,9.2,0.742,3.0,1.7,0.4,0.108
'260',14,11,1996,4870.0,-1.4,9.4,0.641,1.8,0.1,0.6,0.008
'260',15,11,1996,5840.0,-1.9,5.2,0.564,2.5,0.0,0.6,0.000
'260',16,11,1996,2940.0,-0.4,5.6,0.641,1.6,0.0,0.3,0.000
'260',17,11,1996,1610.0,-0.3,3.8,0.643,3.8,0.0,0.2,0.000
'260',18,11,1996,610.0,2.3,6.2,0.787,2.6,4.3,0.1,0.312
'260',19,11,1996,2930.0,0.6,5.3,0.596,4.9,5.7,0.3,0.246
'260',20,11,1996,750.0,3.0,7.0,0.748,3.9,6.8,0.1,0.200
'260',21,11,1996,2970.0,1.9,7.1,0.723,3.8,7.4,0.4,0.233
'260',22,11,1996,4040.0,0.6,7.1,0.669,6.1,0.4,0.5,0.062
'260',23,11,1996,2310.0,-0.9,4.7,0.636,3.3,5.1,0.3,0.288
'260',24,11,1996,2200.0,-1.2,5.4,0.674,4.3,0.8,0.3,0.092
'260',25,11,1996,380.0,1.3,6.2,0.764,5.0,14.0,0.0,0.571
'260',26,11,1996,1020.0,0.5,6.2,0.721,3.0,1.2,0.1,0.058
'260',27,11,1996,2010.0,-1.5,2.9,0.590,2.2,0.0,0.2,0.000
'260',28,11,1996,2660.0,-1.2,5.5,0.641,2.0,0.0,0.3,0.000
'260',29,11,1996,510.0,-0.2,6.3,0.721,5.0,8.7,0.1,0.312
'260',30,11,1996,1260.0,0.2,6.4,0.707,2.9,5.8,0.2,0.150
'260',01,12,1996,1440.0,0.4,8.2,0.727,4.3,1.6,0.2,0.075
'260',02,12,1996,640.0,6.1,8.5,0.791,5.5,0.8,0.1,0.075
'260',03,12,1996,390.0,2.9,8.8,0.818,6.3,8.5,0.1,0.354
'260',04,12,1996,3110.0,4.0,8.6,0.809,5.5,0.4,0.4,0.021
'260',05,12,1996,1720.0,3.7,7.2,0.816,1.5,0.0,0.2,0.000
'260',06,12,1996,1830.0,3.5,7.3,0.827,2.1,0.0,0.2,0.000
'260',07,12,1996,1500.0,3.6,7.0,0.856,2.1,0.9,0.2,0.067
'260',08,12,1996,920.0,0.4,3.7,0.705,2.1,0.0,0.1,0.000
'260',09,12,1996,280.0,-0.7,0.6,0.575,3.0,0.0,0.0,0.000
'260',10,12,1996,220.0,-1.0,-0.2,0.546,2.3,0.0,0.0,0.000
'260',11,12,1996,300.0,-1.5,-0.6,0.554,1.8,0.0,0.0,0.000
'260',12,12,1996,180.0,-1.5,0.5,0.556,1.8,0.0,0.0,0.000
'260',13,12,1996,1020.0,-2.2,4.7,0.584,1.8,0.0,0.1,0.000
'260',14,12,1996,2360.0,-4.8,3.9,0.533,3.5,0.0,0.3,0.000
'260',15,12,1996,1260.0,2.7,9.2,0.860,4.3,0.0,0.2,0.000
'260',16,12,1996,840.0,2.8,6.5,0.824,2.1,0.0,0.1,0.000
'260',17,12,1996,580.0,1.6,4.5,0.735,1.9,0.0,0.1,0.000
'260',18,12,1996,1090.0,2.1,8.3,0.875,2.3,0.4,0.1,0.033
'260',19,12,1996,290.0,3.5,7.8,0.911,4.7,23.1,0.0,0.763
'260',20,12,1996,820.0,-2.7,3.5,0.506,7.0,0.0,0.1,0.000
'260',21,12,1996,3750.0,-4.8,-0.7,0.314,5.8,0.0,0.3,0.000
'260',22,12,1996,2570.0,-5.4,2.6,0.226,5.0,0.0,0.2,0.000
'260',23,12,1996,3260.0,-4.3,0.0,0.278,6.9,0.0,0.3,0.000
'260',24,12,1996,3880.0,-7.2,-1.3,0.313,5.0,0.0,0.3,0.000
'260',25,12,1996,1310.0,-6.7,0.0,0.355,2.8,0.0,0.1,0.000
'260',26,12,1996,4700.0,-8.7,-0.7,0.332,2.0,0.0,0.4,0.000
'260',27,12,1996,1290.0,-8.9,-3.2,0.272,3.3,0.0,0.1,0.000
'260',28,12,1996,3750.0,-10.5,-4.7,0.235,3.4,0.0,0.3,0.000
'260',29,12,1996,600.0,-11.3,2.2,0.372,2.6,1.3,0.1,0.158
'260',30,12,1996,1100.0,-5.7,0.3,0.416,5.8,0.0,0.1,0.000
'260',31,12,1996,3310.0,-12.0,-5.7,0.209,6.0,0.0,0.2,0.000
