* Source of data    : Royal Netherlands Meterological Institute (www.knmi.nl)
* File content      : Meteo from www.knmi.nl; input file for Swap 3.2 (www.swap.alterra.nl)
* File generated by : Alterra - Wageningen-UR (www.alterra.wur.nl)
* File generated at : 2017-02-27 11:38:43
Station,DD,MM,YYYY,Rad,Tmin,Tmax,Hum,Wind,Rain,ETref,Wet
'260',01,01,2007,1690.0,5.5,11.6,0.851,5.6,0.5,0.2,0.037
'260',02,01,2007,1250.0,3.3,7.7,0.783,3.7,5.8,0.2,0.238
'260',03,01,2007,950.0,2.8,9.1,0.842,5.0,1.7,0.1,0.158
'260',04,01,2007,1240.0,7.8,10.2,0.960,6.4,2.3,0.2,0.150
'260',05,01,2007,990.0,6.2,10.4,0.996,4.2,2.4,0.1,0.183
'260',06,01,2007,1340.0,5.6,10.7,1.007,3.3,12.4,0.2,0.371
'260',07,01,2007,570.0,6.0,8.9,0.917,5.1,0.7,0.1,0.108
'260',08,01,2007,2930.0,8.1,11.9,1.036,5.9,8.5,0.4,0.296
'260',09,01,2007,1510.0,11.8,13.7,1.193,8.4,0.0,0.2,0.000
'260',10,01,2007,600.0,7.1,13.4,0.987,7.2,5.5,0.1,0.158
'260',11,01,2007,300.0,5.6,11.1,0.830,8.6,3.9,0.0,0.217
'260',12,01,2007,1340.0,7.7,12.1,0.950,6.6,0.0,0.2,0.000
'260',13,01,2007,1090.0,9.9,11.9,1.105,6.4,0.1,0.2,0.029
'260',14,01,2007,4150.0,3.3,11.2,0.757,4.5,0.8,0.6,0.029
'260',15,01,2007,3350.0,3.4,8.8,0.746,4.0,0.0,0.4,0.000
'260',16,01,2007,820.0,4.0,9.6,0.884,4.6,0.6,0.1,0.096
'260',17,01,2007,1450.0,7.8,11.9,1.035,6.1,13.9,0.2,0.200
'260',18,01,2007,400.0,7.6,14.1,0.952,9.4,24.8,0.1,0.467
'260',19,01,2007,2830.0,8.8,11.9,0.963,5.4,0.8,0.4,0.158
'260',20,01,2007,1320.0,6.6,13.1,0.956,6.9,3.8,0.2,0.137
'260',21,01,2007,2810.0,3.7,8.5,0.724,6.0,7.1,0.4,0.121
'260',22,01,2007,3080.0,-4.0,5.5,0.484,3.1,2.4,0.4,0.088
'260',23,01,2007,3630.0,-5.3,3.2,0.441,1.2,0.0,0.4,0.000
'260',24,01,2007,3980.0,-4.1,3.9,0.548,1.7,0.0,0.4,0.000
'260',25,01,2007,6180.0,-4.4,1.4,0.386,2.6,0.0,0.6,0.000
'260',26,01,2007,1220.0,-1.3,5.0,0.598,3.9,3.4,0.1,0.188
'260',27,01,2007,3610.0,1.0,7.8,0.674,2.7,0.9,0.4,0.025
'260',28,01,2007,950.0,5.9,8.5,0.838,4.8,1.0,0.1,0.104
'260',29,01,2007,3170.0,7.3,10.8,0.939,2.9,0.1,0.4,0.012
'260',30,01,2007,1900.0,7.0,9.8,0.947,2.5,0.0,0.3,0.000
'260',31,01,2007,4160.0,5.6,8.8,0.856,4.4,0.4,0.6,0.137
'260',01,02,2007,1260.0,7.1,10.8,1.095,1.7,0.0,0.2,0.000
'260',02,02,2007,1980.0,2.9,10.5,0.899,2.9,0.0,0.3,0.000
'260',03,02,2007,6590.0,0.7,11.1,0.721,2.3,0.0,0.8,0.000
'260',04,02,2007,4290.0,-1.3,7.1,0.673,1.1,0.0,0.5,0.000
'260',05,02,2007,2390.0,-1.9,5.4,0.676,1.5,0.2,0.3,0.033
'260',06,02,2007,4230.0,-2.3,4.8,0.591,2.0,0.2,0.5,0.033
'260',07,02,2007,5620.0,-2.3,4.7,0.587,2.7,0.0,0.6,0.000
'260',08,02,2007,1180.0,-2.7,3.6,0.608,4.2,5.2,0.1,0.246
'260',09,02,2007,2730.0,1.0,4.2,0.625,3.0,0.0,0.3,0.000
'260',10,02,2007,1700.0,1.0,7.1,0.749,4.7,3.6,0.2,0.167
'260',11,02,2007,1980.0,5.9,10.0,0.957,4.9,10.7,0.3,0.312
'260',12,02,2007,2990.0,6.5,11.2,0.945,5.1,7.9,0.4,0.308
'260',13,02,2007,2770.0,5.4,9.4,0.889,4.9,1.5,0.4,0.158
'260',14,02,2007,1390.0,4.7,7.1,0.844,3.2,7.7,0.2,0.513
'260',15,02,2007,8370.0,2.3,11.3,0.775,3.2,0.0,1.1,0.000
'260',16,02,2007,6740.0,4.1,11.4,0.701,5.9,0.0,0.9,0.000
'260',17,02,2007,5690.0,2.1,10.3,0.725,4.3,0.0,0.8,0.000
'260',18,02,2007,2260.0,0.9,6.8,0.723,2.1,0.0,0.3,0.000
'260',19,02,2007,3640.0,3.1,7.2,0.747,2.3,0.0,0.5,0.000
'260',20,02,2007,5420.0,4.8,11.5,0.904,2.6,0.0,0.8,0.000
'260',21,02,2007,1900.0,5.6,9.7,0.946,3.7,1.5,0.3,0.171
'260',22,02,2007,6490.0,4.0,11.6,0.836,3.5,0.3,0.9,0.033
'260',23,02,2007,4020.0,6.1,11.4,0.984,3.5,0.9,0.6,0.075
'260',24,02,2007,3870.0,7.8,12.4,1.030,5.1,4.4,0.6,0.171
'260',25,02,2007,1770.0,6.6,9.1,0.953,3.8,9.8,0.2,0.417
'260',26,02,2007,1940.0,5.5,8.5,0.840,4.1,0.9,0.3,0.096
'260',27,02,2007,1880.0,4.6,11.0,0.919,4.4,9.3,0.3,0.442
'260',28,02,2007,5080.0,8.3,11.7,0.962,7.4,3.8,0.7,0.121
'260',01,03,2007,7230.0,5.1,10.5,0.811,6.0,16.1,1.0,0.279
'260',02,03,2007,4910.0,0.8,8.7,0.640,3.5,1.7,0.6,0.046
'260',03,03,2007,3640.0,2.8,9.3,0.782,4.0,11.1,0.5,0.396
'260',04,03,2007,5950.0,3.1,11.9,0.816,4.5,0.0,0.8,0.000
'260',05,03,2007,8470.0,7.1,11.0,0.855,5.7,11.3,1.2,0.154
'260',06,03,2007,1550.0,8.0,9.5,0.938,6.2,16.2,0.2,0.746
'260',07,03,2007,4270.0,7.2,11.4,1.001,3.8,2.2,0.6,0.117
'260',08,03,2007,10900.0,2.7,13.1,0.835,2.3,0.0,1.5,0.000
'260',09,03,2007,2860.0,4.4,9.3,0.819,3.3,5.2,0.4,0.188
'260',10,03,2007,10560.0,1.7,12.7,0.725,3.5,0.0,1.4,0.000
'260',11,03,2007,9430.0,4.2,13.8,0.968,3.2,0.0,1.3,0.000
'260',12,03,2007,13950.0,2.3,16.3,0.730,1.8,0.0,2.0,0.000
'260',13,03,2007,11260.0,1.3,13.3,0.790,2.3,0.0,1.5,0.000
'260',14,03,2007,8500.0,-0.5,13.3,0.698,1.2,0.0,1.1,0.000
'260',15,03,2007,12520.0,-0.9,13.3,0.688,2.0,0.0,1.7,0.000
'260',16,03,2007,5570.0,6.6,12.5,0.936,3.2,0.0,0.8,0.000
'260',17,03,2007,6150.0,9.1,13.4,1.060,5.7,0.2,0.9,0.037
'260',18,03,2007,8510.0,3.1,10.2,0.636,7.1,12.2,1.2,0.392
'260',19,03,2007,7750.0,0.0,7.4,0.591,2.8,4.4,0.9,0.188
'260',20,03,2007,9720.0,-1.0,8.5,0.625,4.0,2.0,1.2,0.088
'260',21,03,2007,6310.0,1.6,8.3,0.660,4.1,2.2,0.8,0.062
'260',22,03,2007,12500.0,4.2,9.1,0.687,6.0,0.0,1.7,0.000
'260',23,03,2007,3900.0,4.1,8.7,0.669,4.9,0.0,0.5,0.000
'260',24,03,2007,5720.0,4.9,12.4,0.862,4.2,0.0,0.8,0.000
'260',25,03,2007,13010.0,6.8,14.5,0.752,5.2,0.0,1.9,0.000
'260',26,03,2007,16420.0,6.8,17.4,0.738,5.6,0.0,2.5,0.000
'260',27,03,2007,16680.0,5.4,17.2,0.622,4.3,0.0,2.5,0.000
'260',28,03,2007,16660.0,4.0,17.3,0.735,3.0,0.0,2.5,0.000
'260',29,03,2007,7700.0,2.3,14.3,0.894,2.4,0.0,1.1,0.000
'260',30,03,2007,10870.0,5.4,14.4,0.940,2.7,0.0,1.6,0.000
'260',31,03,2007,15560.0,6.2,16.0,0.829,5.1,0.0,2.3,0.000
'260',01,04,2007,17900.0,6.8,17.7,0.654,5.1,0.0,2.8,0.000
'260',02,04,2007,17020.0,5.8,19.1,0.717,4.0,0.0,2.6,0.000
'260',03,04,2007,6970.0,5.0,10.5,0.761,4.6,0.3,0.9,0.033
'260',04,04,2007,19390.0,0.9,12.1,0.603,3.3,0.0,2.6,0.000
'260',05,04,2007,16960.0,-0.2,16.0,0.850,2.1,0.0,2.4,0.000
'260',06,04,2007,17420.0,2.6,17.3,0.894,2.8,0.0,2.6,0.000
'260',07,04,2007,13270.0,4.3,14.0,0.791,2.3,0.0,1.9,0.000
'260',08,04,2007,19510.0,0.4,15.9,0.718,2.6,0.0,2.8,0.000
'260',09,04,2007,18000.0,7.0,16.4,0.963,3.1,0.0,2.7,0.000
'260',10,04,2007,12240.0,9.1,16.6,1.070,2.7,0.0,1.9,0.000
'260',11,04,2007,15400.0,8.2,17.2,0.972,2.3,0.0,2.4,0.000
'260',12,04,2007,19230.0,7.0,20.9,0.987,3.0,0.0,3.1,0.000
'260',13,04,2007,15090.0,9.0,24.4,1.141,2.6,0.0,2.6,0.000
'260',14,04,2007,19740.0,10.2,27.6,1.139,2.0,0.0,3.5,0.000
'260',15,04,2007,21380.0,8.6,28.9,0.926,1.6,0.0,3.8,0.000
'260',16,04,2007,20480.0,7.7,27.3,1.155,2.6,0.0,3.5,0.000
'260',17,04,2007,14630.0,5.7,15.0,0.896,3.0,0.0,2.2,0.000
'260',18,04,2007,15260.0,4.5,14.7,0.756,1.8,0.0,2.2,0.000
'260',19,04,2007,22000.0,1.4,17.4,0.775,3.3,0.0,3.3,0.000
'260',20,04,2007,20280.0,3.0,12.3,0.683,2.5,0.0,2.8,0.000
'260',21,04,2007,21450.0,1.2,15.8,0.654,2.0,0.0,3.0,0.000
'260',22,04,2007,22750.0,0.3,20.3,0.654,1.5,0.0,3.5,0.000
'260',23,04,2007,16970.0,6.4,22.8,0.808,2.3,0.0,2.9,0.000
'260',24,04,2007,14020.0,10.5,23.0,1.239,1.8,0.0,2.4,0.000
'260',25,04,2007,17930.0,11.6,27.7,1.190,2.3,0.0,3.2,0.000
'260',26,04,2007,18450.0,11.6,25.6,1.537,2.2,0.0,3.2,0.000
'260',27,04,2007,22690.0,11.2,27.3,1.119,3.3,0.0,4.1,0.000
'260',28,04,2007,23050.0,11.0,26.4,1.204,3.4,0.0,4.1,0.000
'260',29,04,2007,23970.0,11.0,21.9,0.952,4.9,0.0,4.0,0.000
'260',30,04,2007,25750.0,6.9,20.2,0.575,5.5,0.0,4.2,0.000
'260',01,05,2007,25210.0,9.0,22.5,0.754,4.7,0.0,4.2,0.000
'260',02,05,2007,25640.0,6.9,22.0,0.719,4.0,0.0,4.2,0.000
'260',03,05,2007,22360.0,7.7,21.0,0.982,3.4,0.0,3.6,0.000
'260',04,05,2007,23000.0,8.0,22.8,0.975,4.1,0.0,3.8,0.000
'260',05,05,2007,24970.0,7.0,18.2,1.076,4.3,0.0,3.9,0.000
'260',06,05,2007,15320.0,6.3,17.5,1.037,3.6,0.0,2.4,0.000
'260',07,05,2007,2270.0,11.5,13.8,1.334,2.7,40.9,0.4,0.592
'260',08,05,2007,13940.0,8.7,16.3,1.103,5.1,15.6,2.2,0.154
'260',09,05,2007,14690.0,10.8,17.0,1.181,3.7,4.2,2.3,0.163
'260',10,05,2007,14410.0,10.7,17.3,1.137,5.2,12.7,2.3,0.471
'260',11,05,2007,9010.0,10.3,15.5,1.166,4.4,13.7,1.4,0.471
'260',12,05,2007,12840.0,10.5,17.4,1.169,5.5,3.4,2.0,0.108
'260',13,05,2007,12970.0,11.1,19.0,1.254,3.8,0.0,2.2,0.000
'260',14,05,2007,9300.0,9.7,17.9,1.255,4.5,2.2,1.5,0.100
'260',15,05,2007,20590.0,7.0,16.7,0.903,2.7,0.3,3.2,0.029
'260',16,05,2007,19410.0,8.7,16.4,1.107,3.4,8.8,3.0,0.296
'260',17,05,2007,16800.0,6.3,15.8,0.966,1.8,2.2,2.5,0.229
'260',18,05,2007,18350.0,5.8,22.8,1.386,3.9,0.0,3.1,0.000
'260',19,05,2007,24620.0,7.1,18.8,1.043,3.6,0.0,4.0,0.000
'260',20,05,2007,17290.0,5.2,20.1,1.003,1.8,3.3,2.8,0.275
'260',21,05,2007,9900.0,13.8,19.4,1.701,2.0,0.0,1.7,0.000
'260',22,05,2007,7890.0,7.9,17.6,1.267,1.8,0.1,1.3,0.021
'260',23,05,2007,27550.0,6.2,21.1,1.025,1.8,0.0,4.6,0.000
'260',24,05,2007,27010.0,9.2,24.6,1.324,2.0,0.0,4.8,0.000
'260',25,05,2007,22640.0,11.7,25.5,1.545,2.0,0.0,4.0,0.000
'260',26,05,2007,12240.0,11.9,17.2,1.172,3.6,1.4,2.0,0.067
'260',27,05,2007,11460.0,11.1,18.6,1.361,2.5,18.4,1.9,0.196
'260',28,05,2007,8540.0,11.0,16.2,1.329,1.5,1.4,1.4,0.083
'260',29,05,2007,8530.0,7.9,12.9,1.048,3.8,2.7,1.3,0.096
'260',30,05,2007,25050.0,7.1,20.4,0.971,4.0,0.0,4.1,0.000
'260',31,05,2007,13920.0,11.3,18.7,1.357,2.2,6.6,2.3,0.188
'260',01,06,2007,17860.0,10.4,22.9,1.322,2.0,0.0,3.1,0.000
'260',02,06,2007,25310.0,10.5,23.5,1.294,2.8,0.0,4.5,0.000
'260',03,06,2007,18930.0,13.5,22.0,1.607,2.3,0.0,3.3,0.000
'260',04,06,2007,23160.0,12.6,22.9,1.364,3.0,0.0,4.1,0.000
'260',05,06,2007,19720.0,15.1,23.6,1.608,3.4,0.0,3.5,0.000
'260',06,06,2007,19450.0,14.5,22.4,1.641,3.2,0.0,3.4,0.000
'260',07,06,2007,23570.0,14.9,27.0,1.891,3.3,0.0,4.4,0.000
'260',08,06,2007,21410.0,17.1,31.5,1.982,2.3,1.3,4.1,0.021
'260',09,06,2007,10060.0,14.8,21.1,1.847,1.8,2.6,1.8,0.075
'260',10,06,2007,14900.0,15.0,23.2,1.854,1.5,14.1,2.7,0.092
'260',11,06,2007,19630.0,15.0,25.5,1.921,2.1,0.0,3.6,0.000
'260',12,06,2007,5350.0,14.5,18.6,1.685,2.3,0.4,0.9,0.037
'260',13,06,2007,15300.0,13.5,21.5,1.625,2.5,0.0,2.6,0.000
'260',14,06,2007,13980.0,12.7,24.7,1.621,2.4,12.5,2.5,0.129
'260',15,06,2007,13770.0,16.0,22.1,1.729,3.1,0.6,2.5,0.017
'260',16,06,2007,15390.0,13.9,20.8,1.606,3.6,1.7,2.6,0.033
'260',17,06,2007,12900.0,13.8,19.8,1.500,3.4,0.3,2.2,0.033
'260',18,06,2007,11500.0,12.0,21.4,1.574,2.0,6.7,2.0,0.288
'260',19,06,2007,28210.0,10.0,25.5,1.352,2.3,0.0,5.1,0.000
'260',20,06,2007,21160.0,12.6,23.2,1.476,2.8,1.2,3.8,0.092
'260',21,06,2007,9790.0,12.4,21.3,1.415,1.6,6.6,1.7,0.167
'260',22,06,2007,16510.0,12.3,22.0,1.435,2.4,6.8,2.8,0.129
'260',23,06,2007,16580.0,13.5,20.2,1.673,3.5,14.1,2.8,0.163
'260',24,06,2007,14250.0,12.8,19.5,1.491,3.3,5.5,2.4,0.179
'260',25,06,2007,13390.0,11.3,20.7,1.585,2.8,3.1,2.2,0.125
'260',26,06,2007,11410.0,9.8,15.3,1.202,4.5,2.4,1.8,0.121
'260',27,06,2007,20750.0,8.3,17.5,0.990,4.6,2.4,3.3,0.100
'260',28,06,2007,26350.0,12.0,18.7,1.180,3.8,1.4,4.4,0.054
'260',29,06,2007,6720.0,12.6,17.4,1.500,4.8,4.0,1.1,0.171
'260',30,06,2007,12820.0,14.0,19.4,1.523,2.9,2.4,2.2,0.033
'260',01,07,2007,18330.0,15.5,23.3,1.730,2.7,7.8,3.3,0.100
'260',02,07,2007,17170.0,14.2,21.6,1.555,3.5,10.3,3.0,0.137
'260',03,07,2007,11820.0,13.6,18.8,1.572,3.9,0.9,2.0,0.104
'260',04,07,2007,9950.0,12.0,17.4,1.449,3.0,26.9,1.6,0.304
'260',05,07,2007,16800.0,12.5,19.6,1.482,3.4,27.4,2.8,0.288
'260',06,07,2007,4940.0,13.2,17.1,1.395,5.9,3.5,0.8,0.100
'260',07,07,2007,18710.0,11.2,20.3,1.341,4.0,0.0,3.2,0.000
'260',08,07,2007,19040.0,9.2,21.5,1.186,1.9,0.7,3.2,0.012
'260',09,07,2007,19630.0,9.8,20.4,1.289,2.0,0.2,3.2,0.012
'260',10,07,2007,18340.0,8.3,18.6,1.260,2.3,0.0,3.0,0.000
'260',11,07,2007,9780.0,10.8,18.0,1.336,3.4,3.3,1.6,0.046
'260',12,07,2007,10390.0,12.0,19.5,1.488,3.7,0.6,1.8,0.133
'260',13,07,2007,15450.0,16.9,24.6,1.986,3.5,0.0,2.8,0.000
'260',14,07,2007,17720.0,13.7,24.9,1.776,3.5,0.0,3.2,0.000
'260',15,07,2007,14360.0,13.5,28.9,2.100,2.3,0.0,2.7,0.000
'260',16,07,2007,16530.0,16.6,27.5,2.037,2.3,3.9,3.1,0.083
'260',17,07,2007,21570.0,15.8,23.8,1.640,4.0,0.4,3.9,0.029
'260',18,07,2007,19040.0,11.6,23.1,1.482,2.5,0.0,3.3,0.000
'260',19,07,2007,22760.0,10.4,25.1,1.294,1.9,0.0,4.1,0.000
'260',20,07,2007,7270.0,13.7,21.1,1.677,3.2,6.7,1.3,0.117
'260',21,07,2007,24650.0,12.0,23.6,1.408,3.0,0.0,4.3,0.000
'260',22,07,2007,15430.0,10.2,19.9,1.470,2.1,11.2,2.6,0.088
'260',23,07,2007,8810.0,9.1,20.2,1.377,3.5,9.6,1.5,0.275
'260',24,07,2007,15840.0,12.5,19.3,1.423,4.7,4.3,2.7,0.067
'260',25,07,2007,22060.0,11.9,22.5,1.466,3.6,0.0,3.9,0.000
'260',26,07,2007,9190.0,16.1,22.5,1.855,3.9,10.5,1.6,0.188
'260',27,07,2007,22800.0,14.9,21.6,1.399,5.0,0.0,4.0,0.000
'260',28,07,2007,17130.0,14.5,20.4,1.536,3.0,12.9,2.9,0.254
'260',29,07,2007,13260.0,10.5,19.1,1.292,3.1,17.7,2.2,0.267
'260',30,07,2007,21060.0,10.8,18.0,1.120,3.9,1.8,3.4,0.029
'260',31,07,2007,19180.0,8.6,19.8,1.142,2.2,0.0,3.1,0.000
'260',01,08,2007,24560.0,7.6,22.0,1.151,2.0,0.0,4.2,0.000
'260',02,08,2007,13810.0,10.8,22.1,1.346,2.3,0.0,2.4,0.000
'260',03,08,2007,19350.0,11.1,23.0,1.336,1.9,0.0,3.3,0.000
'260',04,08,2007,25480.0,11.0,26.2,1.500,2.6,0.0,4.6,0.000
'260',05,08,2007,25440.0,13.8,28.6,1.583,3.6,0.0,4.8,0.000
'260',06,08,2007,17490.0,17.5,28.0,2.037,3.0,0.3,3.3,0.025
'260',07,08,2007,10350.0,15.0,21.8,1.493,2.0,0.0,1.8,0.000
'260',08,08,2007,12860.0,12.9,19.6,1.429,2.8,0.3,2.2,0.012
'260',09,08,2007,3090.0,14.5,17.5,1.558,4.5,1.6,0.5,0.158
'260',10,08,2007,12250.0,12.9,21.1,1.588,3.6,0.0,2.1,0.000
'260',11,08,2007,21380.0,10.1,21.5,1.272,2.1,0.0,3.6,0.000
'260',12,08,2007,17620.0,8.3,23.6,1.343,1.8,3.1,3.0,0.037
'260',13,08,2007,18370.0,11.3,22.4,1.381,3.3,0.0,3.2,0.000
'260',14,08,2007,17370.0,10.9,24.6,1.443,4.3,7.6,3.1,0.092
'260',15,08,2007,13930.0,17.2,25.5,1.908,5.0,4.3,2.6,0.204
'260',16,08,2007,15420.0,12.7,19.1,1.354,4.0,9.2,2.6,0.117
'260',17,08,2007,13190.0,11.1,19.4,1.278,3.0,4.5,2.2,0.129
'260',18,08,2007,17210.0,10.1,21.0,1.327,3.0,0.0,2.9,0.000
'260',19,08,2007,16130.0,14.2,23.1,1.534,2.7,0.0,2.8,0.000
'260',20,08,2007,11230.0,12.9,20.4,1.595,2.3,3.9,1.9,0.042
'260',21,08,2007,12050.0,11.9,21.5,1.530,2.8,4.0,2.1,0.154
'260',22,08,2007,12230.0,13.1,21.5,1.593,5.1,0.0,2.1,0.000
'260',23,08,2007,9780.0,12.7,22.2,1.624,2.0,0.9,1.7,0.042
'260',24,08,2007,16580.0,12.6,25.4,1.719,1.5,0.0,3.0,0.000
'260',25,08,2007,19280.0,12.6,24.7,1.679,1.9,0.0,3.4,0.000
'260',26,08,2007,17160.0,10.1,21.8,1.389,2.6,0.0,3.0,0.000
'260',27,08,2007,16560.0,9.3,20.0,1.200,1.9,0.0,2.7,0.000
'260',28,08,2007,15180.0,8.7,18.2,1.038,2.0,0.0,2.4,0.000
'260',29,08,2007,17130.0,6.5,19.2,0.940,1.9,0.0,2.7,0.000
'260',30,08,2007,9530.0,6.2,19.6,1.147,2.8,0.1,1.6,0.008
'260',31,08,2007,5590.0,14.8,18.5,1.600,2.8,2.4,1.0,0.058
'260',01,09,2007,10350.0,12.3,20.4,1.494,2.5,0.0,1.8,0.000
'260',02,09,2007,10120.0,14.9,20.9,1.588,3.7,6.0,1.8,0.108
'260',03,09,2007,15200.0,8.3,18.4,1.187,2.9,14.1,2.4,0.175
'260',04,09,2007,16780.0,6.1,17.0,0.941,2.9,2.0,2.6,0.033
'260',05,09,2007,4550.0,4.7,15.3,1.153,1.5,1.7,0.7,0.221
'260',06,09,2007,11220.0,12.7,20.7,1.589,2.9,0.0,1.9,0.000
'260',07,09,2007,13470.0,10.9,20.1,1.363,3.0,0.0,2.3,0.000
'260',08,09,2007,5840.0,10.2,18.7,1.436,2.2,1.1,1.0,0.029
'260',09,09,2007,8900.0,11.1,17.9,1.300,2.3,0.0,1.5,0.000
'260',10,09,2007,8160.0,12.2,17.7,1.375,4.0,18.7,1.3,0.137
'260',11,09,2007,10400.0,8.1,18.4,1.238,2.8,0.3,1.7,0.008
'260',12,09,2007,9530.0,7.4,19.0,1.257,1.4,0.0,1.5,0.000
'260',13,09,2007,9920.0,7.2,18.5,1.174,1.1,0.0,1.6,0.000
'260',14,09,2007,9630.0,5.8,20.4,1.252,2.4,0.2,1.5,0.017
'260',15,09,2007,15290.0,5.9,19.2,1.072,1.4,0.0,2.4,0.000
'260',16,09,2007,14540.0,7.8,22.1,1.338,3.8,0.0,2.4,0.000
'260',17,09,2007,2850.0,11.3,15.5,1.464,2.5,10.3,0.5,0.483
'260',18,09,2007,11750.0,5.7,15.3,0.871,3.0,3.6,1.8,0.121
'260',19,09,2007,9820.0,5.2,17.1,1.038,4.4,0.3,1.5,0.025
'260',20,09,2007,4380.0,12.5,17.5,1.493,5.2,5.8,0.7,0.108
'260',21,09,2007,8350.0,11.1,20.7,1.410,3.6,0.0,1.4,0.000
'260',22,09,2007,6960.0,9.3,20.7,1.428,1.4,0.0,1.1,0.000
'260',23,09,2007,13630.0,7.9,23.2,1.315,2.3,0.0,2.3,0.000
'260',24,09,2007,5490.0,10.0,19.7,1.394,4.1,3.1,0.9,0.096
'260',25,09,2007,7970.0,9.0,15.9,1.264,3.3,14.3,1.2,0.275
'260',26,09,2007,5620.0,7.2,12.5,1.119,2.2,2.1,0.8,0.183
'260',27,09,2007,11990.0,7.8,16.6,1.157,4.5,0.0,1.9,0.000
'260',28,09,2007,6910.0,12.2,16.9,1.399,3.6,8.2,1.1,0.250
'260',29,09,2007,2150.0,11.6,13.6,1.408,2.5,4.8,0.3,0.321
'260',30,09,2007,7370.0,6.2,16.5,1.065,2.1,0.2,1.1,0.012
'260',01,10,2007,3200.0,6.1,13.4,1.093,2.6,0.0,0.5,0.000
'260',02,10,2007,5430.0,10.5,14.6,1.285,2.9,0.0,0.8,0.000
'260',03,10,2007,1770.0,11.8,15.6,1.516,1.7,11.2,0.3,0.188
'260',04,10,2007,5920.0,5.8,17.6,1.236,2.1,0.0,0.9,0.000
'260',05,10,2007,7420.0,4.1,17.8,1.102,1.3,0.0,1.1,0.000
'260',06,10,2007,12490.0,6.7,17.2,1.109,2.5,0.0,1.9,0.000
'260',07,10,2007,11610.0,4.7,18.2,1.075,1.2,0.0,1.7,0.000
'260',08,10,2007,6980.0,3.7,15.7,1.094,1.2,0.0,1.0,0.000
'260',09,10,2007,6720.0,10.0,14.7,1.277,2.2,0.6,1.0,0.117
'260',10,10,2007,8070.0,8.4,16.9,1.220,2.3,0.0,1.3,0.000
'260',11,10,2007,9500.0,4.6,15.8,1.008,1.6,0.0,1.4,0.000
'260',12,10,2007,6530.0,11.1,19.0,1.447,2.6,0.0,1.1,0.000
'260',13,10,2007,10660.0,7.0,16.5,1.059,1.5,0.0,1.6,0.000
'260',14,10,2007,11120.0,4.8,17.0,1.040,2.3,0.0,1.7,0.000
'260',15,10,2007,8460.0,6.2,18.7,1.263,3.0,0.0,1.3,0.000
'260',16,10,2007,9410.0,10.4,18.0,1.289,3.8,0.0,1.5,0.000
'260',17,10,2007,2200.0,7.1,14.6,1.123,3.1,7.5,0.3,0.163
'260',18,10,2007,8020.0,6.0,13.3,0.926,2.4,0.5,1.1,0.033
'260',19,10,2007,5170.0,4.8,11.5,0.880,1.8,0.2,0.7,0.021
'260',20,10,2007,9320.0,-0.6,11.7,0.606,1.1,0.0,1.2,0.000
'260',21,10,2007,5230.0,2.7,13.8,0.896,2.3,0.3,0.7,0.054
'260',22,10,2007,9680.0,0.8,9.4,0.695,2.8,0.0,1.2,0.000
'260',23,10,2007,9570.0,-1.4,9.5,0.641,3.3,0.0,1.2,0.000
'260',24,10,2007,4350.0,1.9,11.5,0.835,4.2,0.0,0.6,0.000
'260',25,10,2007,1890.0,7.0,9.9,0.962,3.3,0.0,0.3,0.000
'260',26,10,2007,2800.0,7.7,9.9,0.914,2.1,0.0,0.4,0.000
'260',27,10,2007,1970.0,7.7,10.3,0.972,2.8,0.0,0.3,0.000
'260',28,10,2007,3910.0,8.9,12.1,1.057,5.0,1.8,0.6,0.079
'260',29,10,2007,870.0,5.9,10.3,1.072,2.5,5.8,0.1,0.346
'260',30,10,2007,5440.0,2.7,12.5,0.914,1.5,4.0,0.7,0.071
'260',31,10,2007,4310.0,1.6,14.3,1.000,2.7,0.0,0.6,0.000
'260',01,11,2007,2270.0,11.5,14.2,1.315,2.7,0.0,0.4,0.000
'260',02,11,2007,1550.0,12.3,14.9,1.521,1.8,0.2,0.2,0.067
'260',03,11,2007,1990.0,6.9,14.1,1.214,1.8,0.5,0.3,0.083
'260',04,11,2007,2750.0,6.7,12.4,0.963,1.3,0.0,0.4,0.000
'260',05,11,2007,2410.0,7.5,13.0,1.052,3.3,6.0,0.4,0.096
'260',06,11,2007,4680.0,5.8,11.1,0.865,3.1,1.4,0.7,0.054
'260',07,11,2007,1280.0,8.5,12.7,1.050,4.0,0.8,0.2,0.058
'260',08,11,2007,2730.0,5.7,13.0,1.090,4.0,7.7,0.4,0.196
'260',09,11,2007,3320.0,2.9,8.5,0.696,4.4,7.7,0.4,0.304
'260',10,11,2007,3450.0,5.5,11.4,0.910,4.1,11.5,0.5,0.375
'260',11,11,2007,3540.0,3.6,11.7,0.795,4.8,4.5,0.5,0.071
'260',12,11,2007,4040.0,2.0,10.7,0.733,2.8,0.5,0.5,0.033
'260',13,11,2007,1000.0,2.4,6.1,0.708,3.2,0.8,0.1,0.083
'260',14,11,2007,4890.0,0.3,6.5,0.613,2.3,0.1,0.6,0.004
'260',15,11,2007,5500.0,-2.9,6.0,0.494,1.5,0.0,0.6,0.000
'260',16,11,2007,2310.0,-2.5,7.7,0.677,2.3,0.0,0.3,0.000
'260',17,11,2007,4420.0,-1.9,9.1,0.670,2.4,0.0,0.5,0.000
'260',18,11,2007,4950.0,-2.6,6.7,0.615,4.2,0.0,0.6,0.000
'260',19,11,2007,2270.0,2.5,5.7,0.682,4.3,1.0,0.3,0.075
'260',20,11,2007,2990.0,4.8,10.5,0.821,3.9,0.6,0.4,0.129
'260',21,11,2007,830.0,6.0,11.2,0.886,3.5,0.7,0.1,0.071
'260',22,11,2007,4240.0,4.0,12.7,0.961,3.0,0.0,0.6,0.000
'260',23,11,2007,2290.0,0.6,8.3,0.704,2.7,1.0,0.3,0.096
'260',24,11,2007,2670.0,-0.6,8.2,0.653,3.6,1.3,0.3,0.050
'260',25,11,2007,2560.0,3.2,8.9,0.776,3.8,2.3,0.3,0.117
'260',26,11,2007,2930.0,2.2,8.3,0.658,3.0,0.2,0.4,0.008
'260',27,11,2007,2640.0,1.0,8.6,0.690,1.9,0.0,0.3,0.000
'260',28,11,2007,1060.0,4.7,7.0,0.795,4.0,0.2,0.1,0.054
'260',29,11,2007,550.0,5.0,8.0,0.842,4.4,2.6,0.1,0.129
'260',30,11,2007,780.0,2.8,9.8,0.877,4.8,6.7,0.1,0.271
'260',01,12,2007,3780.0,7.4,10.8,0.936,7.1,2.6,0.5,0.154
'260',02,12,2007,550.0,6.8,11.4,0.941,7.2,13.0,0.1,0.233
'260',03,12,2007,2870.0,2.6,9.1,0.733,4.3,5.6,0.4,0.196
'260',04,12,2007,1390.0,4.0,11.3,0.937,3.8,0.6,0.2,0.075
'260',05,12,2007,950.0,9.8,12.8,1.126,6.9,2.4,0.1,0.092
'260',06,12,2007,470.0,8.0,13.1,1.146,6.2,23.9,0.1,0.454
'260',07,12,2007,1930.0,7.1,13.8,0.995,7.8,7.1,0.3,0.179
'260',08,12,2007,2180.0,4.2,8.7,0.835,5.8,10.8,0.3,0.367
'260',09,12,2007,3330.0,6.6,9.4,0.893,5.0,5.1,0.5,0.246
'260',10,12,2007,2140.0,5.1,8.8,0.896,3.4,0.1,0.3,0.029
'260',11,12,2007,2830.0,0.1,8.0,0.680,3.4,0.0,0.4,0.000
'260',12,12,2007,1080.0,-1.0,5.3,0.698,1.1,0.0,0.1,0.000
'260',13,12,2007,1360.0,-1.8,3.9,0.626,1.8,0.0,0.2,0.000
'260',14,12,2007,2590.0,-2.4,4.3,0.569,1.9,0.0,0.3,0.000
'260',15,12,2007,2120.0,-1.7,4.1,0.538,3.3,0.0,0.2,0.000
'260',16,12,2007,3670.0,-3.6,2.3,0.444,3.4,0.0,0.4,0.000
'260',17,12,2007,1100.0,-2.5,1.1,0.472,4.7,0.0,0.1,0.000
'260',18,12,2007,2850.0,-3.4,0.5,0.484,3.0,0.0,0.3,0.000
'260',19,12,2007,4300.0,-4.4,0.1,0.477,2.4,0.0,0.4,0.000
'260',20,12,2007,660.0,-4.7,-3.1,0.444,2.0,0.0,0.1,0.000
'260',21,12,2007,930.0,-5.7,-3.7,0.428,1.2,0.0,0.1,0.000
'260',22,12,2007,3950.0,-6.9,0.0,0.475,1.7,0.0,0.4,0.000
'260',23,12,2007,2950.0,-3.4,7.4,0.735,1.5,0.0,0.3,0.000
'260',24,12,2007,1190.0,-0.4,3.8,0.638,3.3,0.0,0.1,0.000
'260',25,12,2007,1860.0,0.8,5.2,0.581,4.8,0.7,0.2,0.075
'260',26,12,2007,1550.0,2.9,5.9,0.795,3.5,0.0,0.2,0.000
'260',27,12,2007,770.0,3.2,8.1,0.872,5.5,0.0,0.1,0.000
'260',28,12,2007,1810.0,5.4,8.3,0.861,6.0,0.0,0.2,0.000
'260',29,12,2007,3310.0,4.1,8.7,0.788,6.7,2.8,0.4,0.175
'260',30,12,2007,2130.0,0.0,9.3,0.695,3.5,0.3,0.3,0.050
'260',31,12,2007,1450.0,-1.0,6.9,0.694,1.5,1.5,0.2,0.154
