* Source of data    : Royal Netherlands Meterological Institute (www.knmi.nl)
* File content      : Meteo from www.knmi.nl; input file for Swap 3.2 (www.swap.alterra.nl)
* File generated by : Alterra - Wageningen-UR (www.alterra.wur.nl)
* File generated at : 2017-02-27 11:38:43
Station,DD,MM,YYYY,Rad,Tmin,Tmax,Hum,Wind,Rain,ETref,Wet
'260',01,01,2004,710.0,-1.7,0.5,0.521,4.0,0.9,0.1,0.175
'260',02,01,2004,3880.0,-6.0,0.3,0.399,3.8,0.0,0.4,0.000
'260',03,01,2004,2170.0,-7.2,-0.9,0.405,2.0,0.7,0.2,0.033
'260',04,01,2004,1980.0,-3.6,6.1,0.578,2.9,1.2,0.2,0.154
'260',05,01,2004,1410.0,3.4,6.0,0.793,2.4,1.9,0.2,0.200
'260',06,01,2004,240.0,3.5,9.2,0.889,4.3,3.0,0.0,0.258
'260',07,01,2004,1020.0,1.8,8.3,0.868,2.9,0.0,0.1,0.000
'260',08,01,2004,540.0,3.8,6.9,0.804,5.7,4.6,0.1,0.137
'260',09,01,2004,1070.0,4.4,7.2,0.853,3.5,1.3,0.1,0.071
'260',10,01,2004,2530.0,2.2,8.6,0.831,3.3,0.0,0.3,0.000
'260',11,01,2004,910.0,6.1,11.7,0.936,5.7,10.9,0.1,0.396
'260',12,01,2004,810.0,4.6,6.5,0.813,4.3,2.7,0.1,0.183
'260',13,01,2004,1590.0,4.5,9.7,0.827,6.9,7.4,0.2,0.200
'260',14,01,2004,970.0,1.4,7.2,0.687,4.2,9.3,0.1,0.308
'260',15,01,2004,2050.0,2.3,6.4,0.734,4.5,2.3,0.3,0.133
'260',16,01,2004,810.0,5.2,7.2,0.812,7.2,14.8,0.1,0.562
'260',17,01,2004,740.0,3.6,6.1,0.748,5.5,4.0,0.1,0.125
'260',18,01,2004,4910.0,0.3,4.2,0.544,3.8,0.0,0.6,0.000
'260',19,01,2004,500.0,3.1,9.1,0.877,5.0,29.9,0.1,0.950
'260',20,01,2004,2880.0,-0.7,9.0,0.663,2.0,0.6,0.3,0.042
'260',21,01,2004,5050.0,0.3,3.8,0.538,1.9,0.0,0.6,0.000
'260',22,01,2004,800.0,0.6,2.8,0.567,3.6,0.1,0.1,0.017
'260',23,01,2004,3190.0,0.3,4.5,0.599,2.9,0.0,0.4,0.000
'260',24,01,2004,1220.0,1.0,7.2,0.693,2.8,4.4,0.1,0.200
'260',25,01,2004,4370.0,-2.4,7.4,0.629,1.8,0.0,0.5,0.000
'260',26,01,2004,1710.0,-2.7,2.3,0.576,2.6,0.0,0.2,0.000
'260',27,01,2004,2890.0,-1.3,4.1,0.611,1.9,0.0,0.3,0.000
'260',28,01,2004,3450.0,-1.2,5.4,0.588,3.6,5.7,0.4,0.246
'260',29,01,2004,3050.0,-2.8,4.1,0.566,3.8,5.3,0.3,0.171
'260',30,01,2004,2730.0,0.8,4.6,0.502,5.1,0.0,0.3,0.000
'260',31,01,2004,480.0,2.1,11.3,0.726,8.5,12.1,0.1,0.479
'260',01,02,2004,4330.0,9.1,12.3,1.052,7.2,10.2,0.6,0.196
'260',02,02,2004,680.0,9.6,12.0,1.155,5.8,9.7,0.1,0.275
'260',03,02,2004,3190.0,10.9,16.1,1.115,6.8,0.0,0.5,0.000
'260',04,02,2004,2050.0,11.3,16.6,1.168,7.2,1.3,0.3,0.071
'260',05,02,2004,1140.0,10.6,14.5,1.181,5.7,6.8,0.2,0.321
'260',06,02,2004,640.0,9.7,13.0,1.141,5.8,3.9,0.1,0.133
'260',07,02,2004,3190.0,4.9,9.8,0.808,7.0,8.0,0.4,0.212
'260',08,02,2004,4230.0,1.7,6.8,0.641,6.8,8.5,0.5,0.333
'260',09,02,2004,3820.0,1.3,6.2,0.651,3.6,1.9,0.5,0.058
'260',10,02,2004,2420.0,0.3,7.9,0.710,4.8,10.2,0.3,0.333
'260',11,02,2004,2050.0,3.2,8.0,0.827,3.2,1.3,0.3,0.150
'260',12,02,2004,2800.0,1.8,7.8,0.775,1.5,0.0,0.4,0.000
'260',13,02,2004,2370.0,6.5,9.9,0.943,1.9,0.0,0.3,0.000
'260',14,02,2004,3040.0,2.2,9.0,0.810,1.9,0.0,0.4,0.000
'260',15,02,2004,2990.0,2.5,8.2,0.770,1.1,0.0,0.4,0.000
'260',16,02,2004,3340.0,-0.8,5.4,0.683,1.2,0.0,0.4,0.000
'260',17,02,2004,3030.0,1.6,7.1,0.718,2.1,0.2,0.4,0.021
'260',18,02,2004,4160.0,2.3,8.7,0.737,3.8,2.5,0.5,0.096
'260',19,02,2004,8470.0,-1.1,4.8,0.497,5.1,0.0,0.9,0.000
'260',20,02,2004,10130.0,-2.6,4.7,0.398,4.8,0.0,1.1,0.000
'260',21,02,2004,4170.0,-2.8,1.8,0.435,3.0,0.0,0.4,0.000
'260',22,02,2004,5980.0,-2.4,7.6,0.502,3.8,0.0,0.7,0.000
'260',23,02,2004,9070.0,-3.3,6.4,0.458,2.9,0.0,1.0,0.000
'260',24,02,2004,5290.0,-2.5,6.2,0.531,4.1,5.6,0.6,0.358
'260',25,02,2004,6240.0,-2.2,4.0,0.550,2.7,2.4,0.7,0.175
'260',26,02,2004,7550.0,-1.6,5.3,0.603,4.1,6.9,0.8,0.167
'260',27,02,2004,3280.0,-4.2,1.0,0.468,2.7,0.0,0.3,0.000
'260',28,02,2004,9520.0,-7.8,4.2,0.406,1.2,0.0,0.9,0.000
'260',29,02,2004,10510.0,-5.8,4.5,0.454,2.8,0.0,1.1,0.000
'260',01,03,2004,9810.0,-5.9,5.6,0.416,2.2,0.0,1.1,0.000
'260',02,03,2004,7480.0,-1.9,8.8,0.586,2.8,0.0,0.9,0.000
'260',03,03,2004,8450.0,-3.0,8.7,0.524,2.3,0.0,1.0,0.000
'260',04,03,2004,7410.0,0.3,9.8,0.574,3.4,0.0,0.9,0.000
'260',05,03,2004,5100.0,1.0,7.8,0.598,3.4,5.0,0.6,0.229
'260',06,03,2004,4720.0,0.2,5.2,0.589,2.0,1.1,0.5,0.167
'260',07,03,2004,7190.0,-1.6,8.7,0.623,2.5,0.3,0.9,0.021
'260',08,03,2004,9520.0,-3.8,7.6,0.553,2.8,0.0,1.1,0.000
'260',09,03,2004,8220.0,-0.1,4.2,0.495,4.5,0.0,0.9,0.000
'260',10,03,2004,2180.0,-0.2,2.5,0.571,3.6,0.0,0.2,0.000
'260',11,03,2004,7830.0,-0.6,6.0,0.531,2.8,0.0,0.9,0.000
'260',12,03,2004,7360.0,-0.3,6.4,0.555,4.5,0.0,0.9,0.000
'260',13,03,2004,3500.0,4.9,10.1,0.848,4.6,1.3,0.5,0.129
'260',14,03,2004,8310.0,4.8,13.5,0.824,6.3,0.0,1.2,0.000
'260',15,03,2004,5470.0,10.3,13.6,1.076,6.3,0.0,0.8,0.000
'260',16,03,2004,4250.0,8.6,16.1,1.200,4.5,0.0,0.7,0.000
'260',17,03,2004,12870.0,5.7,18.6,1.012,2.5,0.0,1.9,0.000
'260',18,03,2004,5680.0,3.4,14.6,0.976,3.0,2.9,0.8,0.104
'260',19,03,2004,4190.0,7.1,11.9,0.946,6.5,14.7,0.6,0.263
'260',20,03,2004,1440.0,6.8,12.6,0.963,8.8,7.0,0.2,0.258
'260',21,03,2004,9640.0,5.2,11.4,0.751,7.4,0.6,1.4,0.037
'260',22,03,2004,8750.0,0.3,9.7,0.688,4.1,8.1,1.1,0.137
'260',23,03,2004,11910.0,-1.6,9.7,0.588,1.7,0.0,1.4,0.000
'260',24,03,2004,6610.0,-1.2,8.8,0.611,2.3,0.2,0.8,0.012
'260',25,03,2004,11280.0,-1.4,8.0,0.544,2.1,0.0,1.4,0.000
'260',26,03,2004,10370.0,-3.6,8.2,0.528,2.3,0.8,1.2,0.050
'260',27,03,2004,10740.0,-3.5,9.2,0.537,1.2,0.0,1.3,0.000
'260',28,03,2004,13490.0,0.1,12.2,0.623,2.6,0.0,1.8,0.000
'260',29,03,2004,9660.0,-0.3,14.0,0.679,1.8,0.0,1.3,0.000
'260',30,03,2004,17920.0,3.2,16.7,0.703,4.8,0.0,2.7,0.000
'260',31,03,2004,17450.0,4.9,17.9,0.715,3.6,0.0,2.7,0.000
'260',01,04,2004,16310.0,6.9,20.0,0.822,3.9,0.0,2.6,0.000
'260',02,04,2004,8750.0,8.7,17.7,1.061,3.3,0.0,1.4,0.000
'260',03,04,2004,7070.0,8.8,14.6,1.056,4.4,0.6,1.1,0.062
'260',04,04,2004,12300.0,8.2,13.7,0.910,6.2,5.4,1.8,0.212
'260',05,04,2004,9600.0,4.3,11.7,0.786,5.3,3.0,1.3,0.100
'260',06,04,2004,9370.0,4.4,8.9,0.768,4.0,5.6,1.2,0.150
'260',07,04,2004,11590.0,3.2,10.7,0.782,3.7,5.7,1.5,0.221
'260',08,04,2004,9650.0,1.9,9.6,0.745,3.0,1.6,1.3,0.067
'260',09,04,2004,6270.0,-0.6,9.5,0.675,2.0,0.0,0.8,0.000
'260',10,04,2004,6180.0,-0.8,8.8,0.619,3.0,0.4,0.8,0.033
'260',11,04,2004,7670.0,-0.6,9.5,0.622,1.8,0.5,1.0,0.071
'260',12,04,2004,19130.0,-1.2,14.3,0.733,2.0,0.0,2.6,0.000
'260',13,04,2004,11070.0,3.1,13.5,0.834,2.3,0.0,1.6,0.000
'260',14,04,2004,16760.0,-0.6,15.7,0.709,1.2,0.0,2.3,0.000
'260',15,04,2004,19100.0,2.5,18.5,0.748,2.6,0.0,2.8,0.000
'260',16,04,2004,20650.0,3.2,20.1,0.773,2.5,0.0,3.3,0.000
'260',17,04,2004,18030.0,7.3,20.6,0.992,3.1,0.5,2.8,0.046
'260',18,04,2004,8850.0,6.6,12.7,0.840,5.8,1.2,1.3,0.096
'260',19,04,2004,10720.0,1.5,12.4,0.694,3.8,0.0,1.4,0.000
'260',20,04,2004,21090.0,-0.3,15.6,0.650,1.6,0.0,2.9,0.000
'260',21,04,2004,13360.0,5.1,18.2,1.035,3.2,0.0,2.1,0.000
'260',22,04,2004,15580.0,5.7,18.2,1.007,2.2,2.1,2.4,0.054
'260',23,04,2004,22420.0,2.9,17.6,0.755,2.6,0.0,3.3,0.000
'260',24,04,2004,12940.0,4.5,16.4,0.893,1.5,0.0,1.9,0.000
'260',25,04,2004,19980.0,1.8,18.7,0.733,1.6,0.0,3.1,0.000
'260',26,04,2004,21050.0,5.2,20.3,0.861,2.0,0.0,3.3,0.000
'260',27,04,2004,19090.0,8.6,21.3,1.005,3.4,0.0,3.2,0.000
'260',28,04,2004,13640.0,12.1,21.2,1.307,3.3,6.5,2.2,0.092
'260',29,04,2004,9560.0,11.9,17.7,1.238,3.5,0.0,1.6,0.000
'260',30,04,2004,20270.0,11.9,24.3,1.382,3.9,0.0,3.5,0.000
'260',01,05,2004,13540.0,10.5,21.2,1.352,2.8,0.0,2.2,0.000
'260',02,05,2004,6840.0,10.2,14.6,1.212,2.5,0.0,1.1,0.000
'260',03,05,2004,21040.0,8.7,19.7,1.011,3.2,0.2,3.4,0.008
'260',04,05,2004,11760.0,6.5,12.5,0.870,4.6,1.9,1.7,0.258
'260',05,05,2004,18290.0,3.3,14.7,0.778,3.9,0.0,2.7,0.000
'260',06,05,2004,16820.0,2.2,15.5,0.782,2.0,0.0,2.5,0.000
'260',07,05,2004,4110.0,8.6,12.6,1.168,3.5,11.9,0.6,0.588
'260',08,05,2004,8400.0,6.8,13.3,0.960,3.0,0.0,1.3,0.000
'260',09,05,2004,17340.0,6.0,17.3,1.011,1.9,0.3,2.7,0.017
'260',10,05,2004,17990.0,10.0,18.7,1.333,1.8,0.0,2.9,0.000
'260',11,05,2004,15220.0,9.2,15.0,1.113,3.2,0.0,2.3,0.000
'260',12,05,2004,16120.0,8.9,14.3,0.917,3.5,0.0,2.4,0.000
'260',13,05,2004,12940.0,8.8,13.9,1.005,3.0,0.0,2.0,0.000
'260',14,05,2004,17300.0,6.9,17.2,0.998,1.7,0.0,2.7,0.000
'260',15,05,2004,24950.0,10.4,20.4,1.234,2.7,0.0,4.1,0.000
'260',16,05,2004,22290.0,8.7,20.2,1.191,2.4,0.0,3.7,0.000
'260',17,05,2004,22530.0,6.1,22.4,1.107,1.1,0.0,3.7,0.000
'260',18,05,2004,24540.0,6.5,20.9,1.092,2.0,0.0,4.0,0.000
'260',19,05,2004,25840.0,5.7,22.2,0.797,2.8,0.0,4.2,0.000
'260',20,05,2004,21040.0,6.9,20.2,1.008,2.5,0.0,3.4,0.000
'260',21,05,2004,18680.0,6.8,15.9,0.840,4.0,0.0,2.8,0.000
'260',22,05,2004,18300.0,4.1,14.8,0.756,3.3,0.5,2.6,0.021
'260',23,05,2004,25970.0,3.6,14.9,0.731,3.5,0.4,3.8,0.012
'260',24,05,2004,24020.0,2.5,18.3,0.789,2.7,0.0,3.7,0.000
'260',25,05,2004,15160.0,5.1,16.4,0.897,2.1,0.1,2.3,0.008
'260',26,05,2004,21670.0,2.5,16.0,0.740,2.3,0.0,3.2,0.000
'260',27,05,2004,10960.0,1.8,16.0,0.790,1.8,0.0,1.6,0.000
'260',28,05,2004,24740.0,0.8,20.3,0.758,1.5,0.0,3.8,0.000
'260',29,05,2004,26800.0,4.3,23.6,0.800,2.4,0.0,4.5,0.000
'260',30,05,2004,11300.0,10.0,22.8,1.248,1.8,13.8,1.9,0.312
'260',31,05,2004,17780.0,8.1,19.2,1.163,1.8,2.1,2.9,0.129
'260',01,06,2004,24910.0,6.5,22.5,1.052,2.0,0.0,4.2,0.000
'260',02,06,2004,4580.0,11.7,15.7,1.405,3.2,7.4,0.7,0.367
'260',03,06,2004,19040.0,11.3,18.9,1.359,2.5,0.5,3.1,0.046
'260',04,06,2004,8070.0,10.6,18.0,1.390,3.0,6.1,1.3,0.300
'260',05,06,2004,9200.0,8.4,16.4,1.148,2.7,0.0,1.5,0.000
'260',06,06,2004,19860.0,5.5,19.8,1.094,0.9,0.0,3.2,0.000
'260',07,06,2004,25150.0,9.1,26.6,1.425,2.0,0.0,4.5,0.000
'260',08,06,2004,26350.0,12.0,29.7,1.549,1.6,0.0,5.0,0.000
'260',09,06,2004,21450.0,13.2,25.4,1.604,2.8,0.0,3.9,0.000
'260',10,06,2004,12530.0,13.0,23.9,1.661,2.3,1.2,2.2,0.121
'260',11,06,2004,23040.0,13.2,21.2,1.380,3.8,0.0,4.0,0.000
'260',12,06,2004,17090.0,10.7,18.1,1.309,3.7,4.6,2.8,0.037
'260',13,06,2004,18950.0,7.2,18.1,1.053,2.9,0.0,3.0,0.000
'260',14,06,2004,21380.0,6.9,23.9,1.368,2.5,0.0,3.6,0.000
'260',15,06,2004,18880.0,10.3,23.1,1.504,3.2,0.0,3.2,0.000
'260',16,06,2004,19030.0,8.6,19.4,1.072,2.7,0.0,3.2,0.000
'260',17,06,2004,10960.0,12.4,18.9,1.285,4.3,0.1,1.8,0.021
'260',18,06,2004,13550.0,11.1,19.2,1.286,2.7,4.4,2.2,0.058
'260',19,06,2004,22030.0,8.0,16.6,0.946,3.4,0.6,3.4,0.037
'260',20,06,2004,20400.0,8.0,17.3,0.979,3.3,2.3,3.2,0.062
'260',21,06,2004,16470.0,9.1,17.6,1.182,3.0,3.6,2.6,0.117
'260',22,06,2004,18730.0,6.0,19.3,1.052,2.4,0.2,3.1,0.008
'260',23,06,2004,9860.0,12.9,19.9,1.524,6.7,21.8,1.6,0.558
'260',24,06,2004,10220.0,11.9,16.8,1.303,7.1,13.6,1.6,0.333
'260',25,06,2004,12430.0,7.2,17.0,1.142,3.5,0.9,2.0,0.112
'260',26,06,2004,19850.0,5.6,20.9,1.019,2.1,0.0,3.3,0.000
'260',27,06,2004,15670.0,13.8,22.3,1.617,3.5,1.5,2.7,0.050
'260',28,06,2004,22780.0,8.4,20.4,1.135,3.1,0.0,3.8,0.000
'260',29,06,2004,17550.0,8.5,19.9,1.241,3.1,0.0,3.0,0.000
'260',30,06,2004,16470.0,12.6,24.1,1.219,3.0,0.4,2.9,0.029
'260',01,07,2004,18880.0,12.3,19.1,1.203,4.0,0.5,3.2,0.008
'260',02,07,2004,15540.0,10.8,19.1,1.334,4.2,13.9,2.5,0.154
'260',03,07,2004,16500.0,12.0,19.1,1.299,5.4,30.7,2.7,0.267
'260',04,07,2004,10760.0,11.9,18.8,1.381,3.4,1.6,1.8,0.071
'260',05,07,2004,23840.0,9.9,20.5,1.213,2.3,0.2,4.0,0.021
'260',06,07,2004,26930.0,6.8,21.4,0.943,1.9,0.0,4.5,0.000
'260',07,07,2004,20110.0,10.4,22.1,1.238,5.0,5.1,3.4,0.083
'260',08,07,2004,16660.0,13.0,21.4,1.458,2.7,7.7,2.9,0.188
'260',09,07,2004,13280.0,12.5,18.8,1.434,2.9,7.1,2.2,0.137
'260',10,07,2004,24520.0,10.1,18.7,1.133,3.5,2.2,4.1,0.050
'260',11,07,2004,13950.0,10.5,17.9,1.249,3.5,0.6,2.3,0.017
'260',12,07,2004,9610.0,12.7,16.7,1.330,3.1,13.5,1.5,0.275
'260',13,07,2004,21160.0,9.6,18.3,1.109,2.7,0.4,3.4,0.021
'260',14,07,2004,11550.0,9.5,20.5,1.324,4.0,4.3,1.9,0.242
'260',15,07,2004,7670.0,15.4,20.2,1.748,3.0,0.0,1.3,0.000
'260',16,07,2004,9780.0,13.1,21.6,1.699,2.5,0.2,1.7,0.017
'260',17,07,2004,22210.0,11.8,28.7,1.768,2.6,19.9,4.0,0.071
'260',18,07,2004,9220.0,14.6,22.2,1.778,2.0,1.9,1.6,0.033
'260',19,07,2004,19410.0,12.8,22.2,1.432,2.6,0.0,3.3,0.000
'260',20,07,2004,11370.0,12.7,21.9,1.671,2.0,2.6,1.9,0.125
'260',21,07,2004,14480.0,12.8,23.4,1.710,1.6,0.0,2.6,0.000
'260',22,07,2004,23280.0,13.6,26.2,1.672,1.6,0.0,4.3,0.000
'260',23,07,2004,16430.0,10.7,24.0,1.720,2.3,3.0,2.9,0.067
'260',24,07,2004,21340.0,9.1,24.0,1.348,1.9,0.0,3.7,0.000
'260',25,07,2004,7970.0,11.7,17.1,1.388,2.6,1.4,1.3,0.150
'260',26,07,2004,23580.0,9.7,20.6,1.227,2.7,5.3,4.0,0.083
'260',27,07,2004,20080.0,8.1,22.6,1.234,1.4,0.0,3.4,0.000
'260',28,07,2004,15330.0,9.8,23.3,1.386,1.8,0.0,2.7,0.000
'260',29,07,2004,25220.0,11.7,26.2,1.347,2.5,0.0,4.6,0.000
'260',30,07,2004,22670.0,11.8,27.8,1.363,1.8,0.0,4.2,0.000
'260',31,07,2004,18080.0,12.4,25.8,1.543,1.5,0.0,3.3,0.000
'260',01,08,2004,18420.0,14.6,23.9,1.757,1.9,0.0,3.3,0.000
'260',02,08,2004,21750.0,11.8,26.2,1.570,2.3,0.0,4.0,0.000
'260',03,08,2004,24140.0,13.8,27.4,1.605,2.6,0.0,4.5,0.000
'260',04,08,2004,20990.0,15.8,28.1,1.786,2.2,0.0,4.0,0.000
'260',05,08,2004,18440.0,18.2,29.6,1.988,2.8,0.0,3.6,0.000
'260',06,08,2004,20530.0,17.0,30.0,1.962,2.0,0.0,3.9,0.000
'260',07,08,2004,14720.0,17.5,25.6,2.020,1.8,0.0,2.8,0.000
'260',08,08,2004,23170.0,17.2,31.0,1.713,3.4,0.0,4.5,0.000
'260',09,08,2004,22840.0,20.8,32.5,1.581,4.4,0.0,4.6,0.000
'260',10,08,2004,10670.0,17.8,28.4,1.723,4.0,21.1,2.0,0.183
'260',11,08,2004,18320.0,17.2,26.3,1.868,2.3,3.6,3.4,0.042
'260',12,08,2004,7540.0,16.4,24.5,1.937,2.6,3.1,1.4,0.104
'260',13,08,2004,6200.0,15.8,20.1,1.894,3.9,28.7,1.1,0.692
'260',14,08,2004,17580.0,13.9,24.0,1.710,3.0,0.1,3.2,0.012
'260',15,08,2004,18040.0,13.1,25.3,1.649,2.1,2.6,3.3,0.046
'260',16,08,2004,8140.0,14.6,22.5,1.831,2.2,16.3,1.4,0.212
'260',17,08,2004,18890.0,13.9,24.1,1.612,2.4,0.0,3.4,0.000
'260',18,08,2004,15380.0,17.0,26.2,1.873,4.1,0.9,2.8,0.021
'260',19,08,2004,13420.0,15.5,23.5,1.554,5.9,0.0,2.4,0.000
'260',20,08,2004,9160.0,12.6,20.0,1.526,3.7,3.1,1.6,0.075
'260',21,08,2004,11030.0,7.9,19.2,1.212,2.6,1.5,1.8,0.083
'260',22,08,2004,16500.0,9.6,21.1,1.167,2.3,0.0,2.7,0.000
'260',23,08,2004,13430.0,10.1,23.1,1.470,2.7,0.4,2.3,0.054
'260',24,08,2004,11560.0,14.3,22.0,1.681,3.4,10.6,2.0,0.196
'260',25,08,2004,12810.0,14.3,20.6,1.559,4.0,7.1,2.2,0.183
'260',26,08,2004,13390.0,13.1,19.8,1.416,3.3,0.8,2.3,0.042
'260',27,08,2004,2690.0,14.8,16.5,1.671,4.5,8.5,0.4,0.388
'260',28,08,2004,17210.0,8.6,20.3,1.161,1.8,0.0,2.8,0.000
'260',29,08,2004,11160.0,8.7,20.4,1.312,3.1,0.2,1.9,0.004
'260',30,08,2004,11590.0,12.6,18.3,1.420,4.0,10.2,1.9,0.217
'260',31,08,2004,12370.0,9.6,18.1,1.250,3.3,8.4,2.0,0.217
'260',01,09,2004,14190.0,9.1,21.1,1.223,1.2,0.0,2.3,0.000
'260',02,09,2004,18900.0,8.0,23.3,1.175,2.0,0.0,3.2,0.000
'260',03,09,2004,16900.0,9.2,26.0,1.383,1.3,0.0,2.9,0.000
'260',04,09,2004,17000.0,13.2,26.0,1.642,1.6,0.0,3.1,0.000
'260',05,09,2004,15940.0,11.4,28.0,1.612,1.3,0.0,2.9,0.000
'260',06,09,2004,18360.0,12.8,26.3,1.519,3.2,0.0,3.3,0.000
'260',07,09,2004,17610.0,12.7,24.3,1.632,4.0,0.0,3.1,0.000
'260',08,09,2004,18180.0,7.9,22.0,1.241,3.2,0.0,3.1,0.000
'260',09,09,2004,18500.0,9.8,23.3,1.136,3.8,0.0,3.2,0.000
'260',10,09,2004,16440.0,10.5,25.9,1.374,3.3,0.4,2.9,0.012
'260',11,09,2004,9980.0,15.4,22.3,1.719,3.5,0.4,1.8,0.029
'260',12,09,2004,13710.0,13.6,19.6,1.232,5.6,0.2,2.3,0.008
'260',13,09,2004,6190.0,12.0,19.4,1.384,4.8,3.2,1.0,0.125
'260',14,09,2004,12880.0,11.2,19.8,1.249,5.8,1.3,2.1,0.050
'260',15,09,2004,8000.0,6.4,16.1,1.047,3.0,4.0,1.2,0.137
'260',16,09,2004,13260.0,4.5,18.8,0.938,1.8,0.0,2.0,0.000
'260',17,09,2004,14200.0,9.0,20.4,1.057,3.2,0.0,2.3,0.000
'260',18,09,2004,7730.0,12.7,20.9,1.330,3.7,0.6,1.3,0.033
'260',19,09,2004,14740.0,9.0,19.2,1.141,3.2,0.0,2.4,0.000
'260',20,09,2004,2020.0,11.5,15.8,1.217,5.8,1.8,0.3,0.079
'260',21,09,2004,10130.0,11.0,16.7,1.093,5.6,3.1,1.6,0.096
'260',22,09,2004,3020.0,10.5,14.4,1.247,3.9,22.6,0.5,0.654
'260',23,09,2004,6050.0,10.0,15.3,1.228,3.7,6.4,0.9,0.346
'260',24,09,2004,9120.0,8.0,15.6,1.178,3.0,6.9,1.4,0.308
'260',25,09,2004,6770.0,10.3,15.1,1.137,3.2,3.2,1.0,0.229
'260',26,09,2004,9840.0,9.5,18.0,1.279,2.5,0.0,1.6,0.000
'260',27,09,2004,8970.0,13.0,18.7,1.438,3.0,0.6,1.5,0.037
'260',28,09,2004,3730.0,13.6,17.8,1.581,3.8,6.8,0.6,0.125
'260',29,09,2004,8590.0,8.2,16.2,1.074,2.5,0.4,1.4,0.029
'260',30,09,2004,6000.0,6.3,14.1,1.068,2.2,0.3,0.9,0.033
'260',01,10,2004,4070.0,11.1,17.5,1.501,1.8,0.4,0.7,0.021
'260',02,10,2004,9810.0,11.4,17.4,1.250,4.1,0.0,1.6,0.000
'260',03,10,2004,6670.0,10.9,16.5,1.294,3.4,0.1,1.1,0.004
'260',04,10,2004,5090.0,13.1,18.8,1.498,3.9,2.9,0.8,0.137
'260',05,10,2004,4770.0,10.5,16.5,1.339,2.9,0.0,0.8,0.000
'260',06,10,2004,9220.0,8.9,17.0,1.040,4.5,6.5,1.4,0.054
'260',07,10,2004,7670.0,6.4,15.3,0.992,3.6,0.1,1.1,0.017
'260',08,10,2004,6580.0,3.9,15.5,0.990,1.4,0.5,0.9,0.037
'260',09,10,2004,11350.0,2.4,14.5,0.772,2.3,0.0,1.6,0.000
'260',10,10,2004,11950.0,4.9,13.6,0.825,4.7,0.0,1.7,0.000
'260',11,10,2004,11920.0,4.4,12.6,0.783,6.0,0.0,1.7,0.000
'260',12,10,2004,10060.0,4.9,12.1,0.766,5.2,0.0,1.4,0.000
'260',13,10,2004,7630.0,6.8,16.0,1.081,3.9,0.0,1.2,0.000
'260',14,10,2004,4560.0,10.7,14.4,1.122,4.4,0.0,0.7,0.000
'260',15,10,2004,7950.0,7.6,13.3,0.965,3.0,8.8,1.2,0.150
'260',16,10,2004,2100.0,6.6,9.3,0.958,2.5,0.2,0.3,0.037
'260',17,10,2004,2700.0,6.9,10.9,1.019,3.0,0.0,0.4,0.000
'260',18,10,2004,5440.0,4.9,13.4,0.947,2.4,2.7,0.8,0.029
'260',19,10,2004,8980.0,3.2,14.3,0.894,2.7,0.0,1.3,0.000
'260',20,10,2004,1530.0,8.8,18.0,1.468,3.9,7.8,0.2,0.221
'260',21,10,2004,8950.0,10.3,16.2,1.145,6.1,4.8,1.4,0.071
'260',22,10,2004,8020.0,10.3,17.2,1.186,4.5,0.0,1.3,0.000
'260',23,10,2004,1030.0,13.2,17.6,1.483,4.9,9.0,0.2,0.296
'260',24,10,2004,2160.0,14.9,17.1,1.512,3.9,1.2,0.4,0.088
'260',25,10,2004,4340.0,9.4,15.4,1.126,6.4,0.7,0.7,0.008
'260',26,10,2004,5600.0,2.2,13.8,0.867,2.1,0.0,0.8,0.000
'260',27,10,2004,6500.0,2.5,12.3,0.820,4.0,0.0,0.9,0.000
'260',28,10,2004,2910.0,9.9,14.8,1.273,3.2,2.0,0.4,0.196
'260',29,10,2004,6340.0,8.5,17.1,1.265,2.1,0.0,1.0,0.000
'260',30,10,2004,6600.0,4.9,15.0,1.085,1.1,0.2,1.0,0.008
'260',31,10,2004,2250.0,5.1,12.4,0.989,1.9,0.0,0.3,0.000
'260',01,11,2004,2680.0,4.0,10.1,0.850,3.3,0.0,0.4,0.000
'260',02,11,2004,1930.0,7.2,9.9,1.012,3.0,1.5,0.3,0.096
'260',03,11,2004,2170.0,8.3,12.6,1.219,1.6,2.7,0.3,0.154
'260',04,11,2004,3570.0,6.3,12.8,1.093,2.5,0.8,0.5,0.025
'260',05,11,2004,4290.0,6.6,12.7,0.901,3.0,0.4,0.6,0.021
'260',06,11,2004,2960.0,5.9,12.9,1.055,2.1,0.4,0.4,0.025
'260',07,11,2004,4490.0,5.4,11.8,0.850,1.5,0.0,0.6,0.000
'260',08,11,2004,2190.0,3.9,9.2,0.837,1.9,0.0,0.3,0.000
'260',09,11,2004,6190.0,0.1,6.3,0.625,2.3,0.0,0.7,0.000
'260',10,11,2004,1490.0,3.4,8.5,0.839,2.3,5.5,0.2,0.346
'260',11,11,2004,3380.0,-0.8,5.8,0.649,1.6,0.0,0.4,0.000
'260',12,11,2004,2380.0,0.3,10.2,0.788,3.6,3.5,0.3,0.129
'260',13,11,2004,4530.0,1.4,9.0,0.708,2.5,2.7,0.6,0.092
'260',14,11,2004,5190.0,-0.6,10.1,0.679,1.6,0.0,0.6,0.000
'260',15,11,2004,460.0,3.3,8.8,0.849,2.8,0.0,0.1,0.000
'260',16,11,2004,1040.0,8.6,11.5,1.164,3.3,0.8,0.2,0.050
'260',17,11,2004,1020.0,10.1,12.6,1.227,5.4,8.6,0.2,0.379
'260',18,11,2004,640.0,2.6,11.9,0.880,3.9,26.5,0.1,0.688
'260',19,11,2004,2610.0,1.2,6.0,0.652,3.8,5.8,0.3,0.192
'260',20,11,2004,2830.0,-1.5,5.7,0.648,2.6,4.5,0.3,0.121
'260',21,11,2004,2780.0,-1.4,6.9,0.741,3.1,2.1,0.3,0.188
'260',22,11,2004,1300.0,6.9,12.8,1.059,5.7,0.8,0.2,0.092
'260',23,11,2004,3800.0,-1.3,11.0,0.686,2.6,0.3,0.5,0.012
'260',24,11,2004,4250.0,-2.7,7.1,0.626,1.4,0.0,0.5,0.000
'260',25,11,2004,1900.0,-4.2,-0.5,0.504,1.7,0.0,0.2,0.000
'260',26,11,2004,950.0,-1.9,8.3,0.775,3.8,3.8,0.1,0.146
'260',27,11,2004,1490.0,6.3,9.7,0.942,2.4,0.0,0.2,0.000
'260',28,11,2004,780.0,6.6,9.1,1.009,2.6,5.0,0.1,0.312
'260',29,11,2004,990.0,5.0,8.2,0.953,1.1,0.0,0.1,0.000
'260',30,11,2004,1850.0,2.4,7.5,0.831,2.2,0.0,0.2,0.000
'260',01,12,2004,170.0,3.0,3.9,0.710,2.1,0.0,0.0,0.000
'260',02,12,2004,3400.0,-2.3,7.4,0.652,1.1,0.0,0.4,0.000
'260',03,12,2004,1700.0,-0.5,4.8,0.720,1.0,0.0,0.2,0.000
'260',04,12,2004,1160.0,0.0,5.6,0.756,2.3,0.4,0.1,0.075
'260',05,12,2004,1010.0,1.5,9.3,0.897,2.3,0.0,0.1,0.000
'260',06,12,2004,1350.0,2.0,8.9,0.883,2.6,0.0,0.2,0.000
'260',07,12,2004,910.0,5.3,7.2,0.909,2.2,0.0,0.1,0.000
'260',08,12,2004,1770.0,0.4,7.4,0.747,1.6,0.0,0.2,0.000
'260',09,12,2004,1430.0,-3.3,1.0,0.552,2.5,0.0,0.1,0.000
'260',10,12,2004,470.0,-5.0,2.2,0.558,2.1,0.0,0.0,0.000
'260',11,12,2004,800.0,2.2,5.2,0.739,1.3,0.0,0.1,0.000
'260',12,12,2004,630.0,1.1,3.6,0.669,3.3,0.0,0.1,0.000
'260',13,12,2004,490.0,-1.9,1.2,0.550,2.7,0.0,0.0,0.000
'260',14,12,2004,440.0,-2.0,3.8,0.630,3.2,0.0,0.0,0.000
'260',15,12,2004,1180.0,0.8,6.0,0.701,3.9,0.0,0.1,0.000
'260',16,12,2004,570.0,2.4,7.3,0.820,5.0,4.1,0.1,0.183
'260',17,12,2004,910.0,4.3,8.1,0.823,4.0,9.6,0.1,0.371
'260',18,12,2004,1580.0,0.8,7.6,0.666,3.8,1.4,0.2,0.033
'260',19,12,2004,3380.0,-3.8,5.5,0.524,2.0,0.0,0.4,0.000
'260',20,12,2004,3770.0,-5.0,4.0,0.487,1.8,0.0,0.4,0.000
'260',21,12,2004,2280.0,-6.0,-0.5,0.435,2.2,0.0,0.2,0.000
'260',22,12,2004,170.0,-0.5,7.4,0.765,5.8,2.5,0.0,0.292
'260',23,12,2004,1470.0,7.1,11.6,1.025,5.7,0.4,0.2,0.054
'260',24,12,2004,2660.0,6.9,10.3,0.875,5.9,10.3,0.4,0.225
'260',25,12,2004,2570.0,-0.1,7.1,0.690,3.9,3.2,0.3,0.092
'260',26,12,2004,3550.0,-4.7,4.3,0.583,0.8,0.0,0.4,0.000
'260',27,12,2004,3890.0,-6.5,4.1,0.483,1.9,0.0,0.4,0.000
'260',28,12,2004,740.0,-1.7,5.3,0.628,4.5,8.3,0.1,0.292
'260',29,12,2004,3010.0,0.9,7.3,0.695,2.4,2.7,0.4,0.058
'260',30,12,2004,350.0,4.8,8.6,0.873,5.0,0.5,0.0,0.083
'260',31,12,2004,490.0,7.2,9.4,1.017,4.1,2.9,0.1,0.267
