* Source of data    : Royal Netherlands Meterological Institute (www.knmi.nl)
* File content      : Meteo from www.knmi.nl; input file for Swap 3.2 (www.swap.alterra.nl)
* File generated by : Alterra - Wageningen-UR (www.alterra.wur.nl)
* File generated at : 2017-02-27 11:38:43
Station,DD,MM,YYYY,Rad,Tmin,Tmax,Hum,Wind,Rain,ETref,Wet
'260',01,01,1980,2530.0,-0.8,2.3,0.594,2.6,5.8,0.3,0.092
'260',02,01,1980,2550.0,-2.1,2.9,0.583,1.5,0.6,0.3,0.008
'260',03,01,1980,800.0,-6.3,0.5,0.471,2.6,1.3,0.1,0.246
'260',04,01,1980,400.0,-0.4,3.8,0.667,5.1,9.1,0.0,0.400
'260',05,01,1980,970.0,3.0,4.9,0.782,3.6,4.2,0.1,0.279
'260',06,01,1980,1010.0,4.0,6.3,0.837,2.6,6.2,0.1,0.321
'260',07,01,1980,1250.0,0.8,4.7,0.725,2.1,0.3,0.1,0.012
'260',08,01,1980,620.0,-0.4,3.1,0.646,2.6,0.8,0.1,0.025
'260',09,01,1980,1230.0,-0.4,1.0,0.573,3.1,0.0,0.1,0.000
'260',10,01,1980,1310.0,-1.7,0.5,0.472,2.6,0.0,0.1,0.000
'260',11,01,1980,520.0,-6.0,-1.4,0.365,3.1,0.0,0.0,0.000
'260',12,01,1980,4880.0,-7.3,-2.7,0.332,3.6,0.0,0.4,0.000
'260',13,01,1980,4630.0,-10.0,-1.8,0.307,1.5,0.0,0.4,0.000
'260',14,01,1980,2080.0,-11.0,-2.7,0.341,2.1,0.0,0.2,0.000
'260',15,01,1980,1620.0,-7.0,-1.8,0.396,1.5,0.0,0.1,0.000
'260',16,01,1980,3080.0,-4.1,-0.1,0.487,2.6,0.0,0.3,0.000
'260',17,01,1980,4410.0,-5.8,-0.7,0.408,2.6,0.0,0.4,0.000
'260',18,01,1980,4340.0,-7.4,-2.0,0.365,3.1,0.0,0.4,0.000
'260',19,01,1980,4130.0,-7.3,3.1,0.404,2.6,0.0,0.4,0.000
'260',20,01,1980,950.0,-4.1,1.6,0.498,3.1,0.3,0.1,0.067
'260',21,01,1980,1370.0,-0.4,4.7,0.615,6.7,5.6,0.2,0.129
'260',22,01,1980,1100.0,2.0,5.3,0.652,6.2,0.9,0.1,0.108
'260',23,01,1980,2020.0,1.8,5.0,0.704,4.6,1.0,0.2,0.100
'260',24,01,1980,1410.0,-0.1,3.4,0.656,3.6,0.3,0.2,0.008
'260',25,01,1980,2120.0,0.4,5.0,0.688,3.1,2.0,0.2,0.021
'260',26,01,1980,3220.0,-1.7,4.2,0.580,2.6,0.7,0.4,0.012
'260',27,01,1980,4640.0,-0.8,4.7,0.573,2.1,0.5,0.5,0.004
'260',28,01,1980,1020.0,-2.7,0.1,0.512,2.1,3.4,0.1,0.129
'260',29,01,1980,1480.0,-0.2,3.2,0.618,2.1,0.1,0.2,0.008
'260',30,01,1980,2390.0,3.0,9.1,0.832,5.7,0.6,0.3,0.021
'260',31,01,1980,3210.0,2.9,10.7,0.822,4.1,23.9,0.4,0.354
'260',01,02,1980,5150.0,-0.9,4.0,0.461,3.6,0.5,0.6,0.021
'260',02,02,1980,560.0,-0.8,6.5,0.676,4.1,10.9,0.1,0.337
'260',03,02,1980,790.0,2.1,6.1,0.717,3.1,9.4,0.1,0.258
'260',04,02,1980,2610.0,0.3,4.3,0.614,3.6,5.3,0.3,0.175
'260',05,02,1980,980.0,4.3,8.6,0.906,5.1,15.7,0.1,0.408
'260',06,02,1980,870.0,6.0,7.8,0.950,3.1,4.7,0.1,0.279
'260',07,02,1980,1600.0,3.3,8.9,0.837,3.6,1.2,0.2,0.067
'260',08,02,1980,2390.0,3.2,10.6,0.866,3.6,0.5,0.3,0.025
'260',09,02,1980,5040.0,5.8,12.3,0.847,3.1,0.0,0.7,0.000
'260',10,02,1980,3170.0,3.2,9.2,0.780,3.6,0.4,0.4,0.017
'260',11,02,1980,2340.0,1.3,8.8,0.782,2.6,0.4,0.3,0.012
'260',12,02,1980,1500.0,1.0,7.2,0.785,1.5,0.0,0.2,0.000
'260',13,02,1980,3820.0,0.7,8.0,0.703,1.5,0.0,0.5,0.000
'260',14,02,1980,4200.0,-2.1,5.2,0.600,1.5,0.0,0.5,0.000
'260',15,02,1980,2020.0,2.9,7.1,0.796,3.1,3.3,0.3,0.267
'260',16,02,1980,2930.0,5.1,7.5,0.875,2.1,0.0,0.4,0.000
'260',17,02,1980,4400.0,1.8,9.8,0.850,1.5,0.0,0.6,0.000
'260',18,02,1980,6250.0,1.9,8.9,0.796,2.6,0.0,0.8,0.000
'260',19,02,1980,8990.0,-0.6,6.6,0.555,4.1,0.0,1.1,0.000
'260',20,02,1980,8540.0,-0.3,8.9,0.568,4.1,0.0,1.1,0.000
'260',21,02,1980,9460.0,1.4,10.3,0.567,3.1,0.0,1.2,0.000
'260',22,02,1980,9500.0,0.8,11.3,0.570,3.6,0.0,1.2,0.000
'260',23,02,1980,1290.0,3.1,5.7,0.675,2.1,1.8,0.2,0.183
'260',24,02,1980,7310.0,1.3,11.8,0.666,2.1,0.0,0.9,0.000
'260',25,02,1980,4600.0,-0.8,8.9,0.741,1.0,0.0,0.6,0.000
'260',26,02,1980,2290.0,0.8,5.3,0.711,3.1,0.0,0.3,0.000
'260',27,02,1980,2910.0,0.8,4.5,0.585,3.6,0.0,0.3,0.000
'260',28,02,1980,2830.0,1.9,5.3,0.624,2.1,0.0,0.3,0.000
'260',29,02,1980,3330.0,4.2,8.2,0.820,2.6,0.0,0.4,0.000
'260',01,03,1980,8490.0,-0.2,10.7,0.636,2.6,0.0,1.1,0.000
'260',02,03,1980,3670.0,-0.6,8.0,0.616,3.1,0.1,0.4,0.004
'260',03,03,1980,7870.0,-1.4,7.1,0.504,3.1,0.7,0.9,0.012
'260',04,03,1980,2440.0,0.5,6.7,0.631,2.1,0.4,0.3,0.008
'260',05,03,1980,9320.0,-1.0,8.3,0.574,3.1,0.0,1.1,0.000
'260',06,03,1980,1950.0,1.6,7.1,0.696,4.6,7.3,0.2,0.346
'260',07,03,1980,2380.0,4.7,8.5,0.826,5.7,9.1,0.3,0.242
'260',08,03,1980,4610.0,0.8,8.9,0.693,2.6,2.6,0.6,0.104
'260',09,03,1980,3850.0,-1.2,6.2,0.668,1.0,0.0,0.5,0.000
'260',10,03,1980,6090.0,4.0,8.6,0.758,2.1,2.8,0.8,0.250
'260',11,03,1980,2350.0,2.6,7.6,0.799,1.0,0.4,0.3,0.058
'260',12,03,1980,1630.0,2.5,7.4,0.803,4.6,16.0,0.2,0.517
'260',13,03,1980,4450.0,5.8,8.6,0.883,3.1,12.2,0.6,0.242
'260',14,03,1980,5000.0,2.0,6.5,0.670,5.7,0.5,0.6,0.012
'260',15,03,1980,2470.0,1.0,3.5,0.612,5.7,0.0,0.3,0.000
'260',16,03,1980,3080.0,2.2,5.0,0.668,3.1,0.0,0.4,0.000
'260',17,03,1980,5930.0,3.9,7.6,0.714,2.1,0.0,0.8,0.000
'260',18,03,1980,9010.0,1.6,7.1,0.576,5.1,0.0,1.1,0.000
'260',19,03,1980,5160.0,-1.4,2.7,0.450,7.7,0.0,0.6,0.000
'260',20,03,1980,15050.0,-4.0,3.7,0.340,6.2,0.0,1.6,0.000
'260',21,03,1980,8560.0,-4.1,1.5,0.414,4.1,0.1,0.9,0.004
'260',22,03,1980,5970.0,-2.8,4.8,0.452,2.1,0.5,0.7,0.021
'260',23,03,1980,9690.0,-3.7,7.7,0.561,2.6,0.0,1.1,0.000
'260',24,03,1980,13810.0,-2.3,11.7,0.599,2.6,0.0,1.8,0.000
'260',25,03,1980,11950.0,1.0,14.6,0.619,2.6,1.3,1.6,0.033
'260',26,03,1980,9010.0,2.8,11.0,0.780,2.6,0.0,1.2,0.000
'260',27,03,1980,3990.0,5.9,14.4,0.984,4.6,7.7,0.6,0.200
'260',28,03,1980,4400.0,7.5,15.0,0.994,4.6,2.1,0.6,0.067
'260',29,03,1980,2000.0,5.6,8.9,0.799,7.7,7.0,0.3,0.329
'260',30,03,1980,9950.0,1.9,10.6,0.703,4.1,0.0,1.3,0.000
'260',31,03,1980,11360.0,0.4,11.8,0.679,2.6,2.8,1.5,0.125
'260',01,04,1980,3980.0,6.1,12.8,1.107,3.6,26.3,0.6,0.475
'260',02,04,1980,10120.0,4.6,9.5,0.802,5.1,5.0,1.4,0.133
'260',03,04,1980,8250.0,2.6,8.4,0.682,4.6,1.1,1.1,0.029
'260',04,04,1980,12850.0,3.1,8.4,0.656,4.1,0.0,1.6,0.000
'260',05,04,1980,18010.0,0.4,11.1,0.599,2.1,0.0,2.3,0.000
'260',06,04,1980,14220.0,4.0,11.3,0.736,2.1,0.0,1.9,0.000
'260',07,04,1980,5930.0,2.0,9.6,0.752,1.5,0.1,0.7,0.004
'260',08,04,1980,6710.0,1.9,7.6,0.688,3.6,1.8,0.9,0.046
'260',09,04,1980,10520.0,2.7,8.0,0.654,3.1,0.4,1.3,0.021
'260',10,04,1980,11900.0,1.3,10.2,0.696,2.1,0.1,1.6,0.004
'260',11,04,1980,13230.0,-1.0,12.1,0.638,1.0,0.0,1.7,0.000
'260',12,04,1980,20350.0,2.1,15.5,0.633,3.6,0.0,3.0,0.000
'260',13,04,1980,19890.0,7.5,19.8,0.773,3.6,0.0,3.2,0.000
'260',14,04,1980,19750.0,7.1,21.9,0.845,1.5,0.0,3.2,0.000
'260',15,04,1980,19390.0,6.8,22.3,0.721,1.5,0.0,3.2,0.000
'260',16,04,1980,19290.0,5.4,21.7,0.828,1.5,0.0,3.1,0.000
'260',17,04,1980,18500.0,6.9,18.0,0.952,3.6,0.0,2.8,0.000
'260',18,04,1980,3740.0,3.9,9.6,0.872,3.1,1.5,0.5,0.379
'260',19,04,1980,11440.0,1.3,9.6,0.624,5.7,2.4,1.5,0.062
'260',20,04,1980,13030.0,0.9,9.1,0.651,5.1,5.9,1.7,0.129
'260',21,04,1980,12930.0,3.2,9.6,0.723,3.1,1.2,1.7,0.050
'260',22,04,1980,7670.0,2.2,8.7,0.609,2.1,0.0,1.0,0.000
'260',23,04,1980,17690.0,-1.0,10.9,0.624,2.6,0.0,2.3,0.000
'260',24,04,1980,13640.0,4.6,11.8,0.834,4.6,0.1,1.9,0.012
'260',25,04,1980,3250.0,4.2,8.0,0.789,3.6,1.5,0.4,0.104
'260',26,04,1980,7690.0,3.0,11.1,0.785,2.1,3.7,1.0,0.263
'260',27,04,1980,17510.0,1.6,14.8,0.797,2.1,0.8,2.4,0.021
'260',28,04,1980,2960.0,3.4,8.8,0.803,2.1,0.0,0.4,0.000
'260',29,04,1980,6770.0,4.8,10.1,0.852,1.5,1.7,0.9,0.083
'260',30,04,1980,19370.0,5.4,17.5,0.864,3.1,0.0,3.0,0.000
'260',01,05,1980,19770.0,6.8,18.9,0.908,5.1,0.0,3.1,0.000
'260',02,05,1980,22710.0,6.8,15.0,0.872,6.2,0.0,3.4,0.000
'260',03,05,1980,22640.0,3.6,13.0,0.581,5.7,0.0,3.2,0.000
'260',04,05,1980,23870.0,3.2,13.7,0.532,4.6,0.0,3.4,0.000
'260',05,05,1980,25480.0,2.3,12.3,0.524,4.1,0.0,3.5,0.000
'260',06,05,1980,15280.0,3.2,16.9,0.637,3.1,0.6,2.2,0.017
'260',07,05,1980,10750.0,7.3,13.2,0.971,2.6,0.0,1.6,0.000
'260',08,05,1980,6510.0,4.1,10.0,0.723,2.6,0.0,0.9,0.000
'260',09,05,1980,23220.0,3.3,12.9,0.702,3.1,0.0,3.3,0.000
'260',10,05,1980,26710.0,0.6,18.2,0.621,2.6,0.0,4.0,0.000
'260',11,05,1980,26280.0,5.9,21.0,0.614,3.6,0.0,4.3,0.000
'260',12,05,1980,25520.0,8.4,23.2,0.731,4.6,0.0,4.4,0.000
'260',13,05,1980,25950.0,9.3,21.2,0.582,5.7,0.0,4.3,0.000
'260',14,05,1980,26720.0,8.5,20.1,0.588,5.7,0.0,4.4,0.000
'260',15,05,1980,25930.0,5.5,18.7,0.782,4.1,0.0,4.1,0.000
'260',16,05,1980,21360.0,7.7,18.7,0.806,2.6,0.0,3.4,0.000
'260',17,05,1980,20100.0,6.4,19.7,0.804,2.6,0.0,3.3,0.000
'260',18,05,1980,21310.0,10.9,23.2,1.015,2.6,0.0,3.6,0.000
'260',19,05,1980,25860.0,8.6,23.5,0.965,2.1,0.0,4.4,0.000
'260',20,05,1980,17920.0,8.2,24.0,1.032,2.1,0.0,3.0,0.000
'260',21,05,1980,24480.0,9.0,21.2,1.144,4.1,0.0,4.0,0.000
'260',22,05,1980,26520.0,5.7,14.5,0.703,5.1,0.0,3.9,0.000
'260',23,05,1980,14350.0,4.2,13.5,0.745,2.6,0.0,2.1,0.000
'260',24,05,1980,7940.0,9.5,13.3,1.093,2.6,0.3,1.2,0.008
'260',25,05,1980,11970.0,7.4,14.8,1.026,1.5,0.3,1.8,0.008
'260',26,05,1980,20520.0,7.9,19.3,0.954,2.1,0.0,3.3,0.000
'260',27,05,1980,11660.0,8.8,20.1,1.003,1.0,0.0,1.9,0.000
'260',28,05,1980,14370.0,9.2,19.9,1.081,1.0,1.5,2.3,0.046
'260',29,05,1980,9790.0,7.1,16.5,1.081,1.5,1.7,1.5,0.208
'260',30,05,1980,23100.0,4.6,15.2,0.770,2.6,0.0,3.5,0.000
'260',31,05,1980,12080.0,4.1,17.3,0.798,2.1,8.4,1.8,0.258
'260',01,06,1980,18090.0,8.7,18.4,0.932,3.1,1.2,2.8,0.083
'260',02,06,1980,26610.0,7.0,19.9,0.957,2.6,0.0,4.3,0.000
'260',03,06,1980,6900.0,7.9,18.3,1.327,1.5,1.6,1.1,0.146
'260',04,06,1980,17160.0,8.6,22.7,1.361,1.5,0.0,2.9,0.000
'260',05,06,1980,25850.0,11.8,26.8,1.288,1.5,0.0,4.7,0.000
'260',06,06,1980,22820.0,12.1,27.0,1.344,2.1,0.0,4.1,0.000
'260',07,06,1980,16680.0,10.3,20.1,1.166,2.6,1.0,2.8,0.033
'260',08,06,1980,18760.0,7.2,20.2,1.056,1.5,0.0,3.1,0.000
'260',09,06,1980,18130.0,10.0,24.1,1.061,3.1,0.0,3.2,0.000
'260',10,06,1980,11430.0,14.7,20.3,1.508,1.5,0.3,2.0,0.021
'260',11,06,1980,16690.0,12.9,22.6,1.489,2.1,1.0,2.9,0.037
'260',12,06,1980,24420.0,10.3,23.5,1.236,2.1,0.0,4.3,0.000
'260',13,06,1980,22090.0,15.5,27.7,1.510,2.6,0.0,4.1,0.000
'260',14,06,1980,15930.0,15.9,29.1,1.504,4.1,0.8,3.0,0.017
'260',15,06,1980,16770.0,12.3,22.1,1.264,3.1,4.7,2.9,0.021
'260',16,06,1980,7140.0,11.0,19.8,1.457,2.6,2.8,1.2,0.046
'260',17,06,1980,10400.0,11.1,18.3,1.282,2.6,8.2,1.7,0.112
'260',18,06,1980,15060.0,9.7,18.6,1.188,2.1,0.4,2.5,0.012
'260',19,06,1980,5870.0,9.6,16.8,1.173,3.6,3.2,0.9,0.046
'260',20,06,1980,11850.0,9.6,15.1,1.051,4.6,13.6,1.8,0.125
'260',21,06,1980,14960.0,10.5,17.4,1.104,4.1,2.9,2.4,0.037
'260',22,06,1980,13090.0,9.4,17.3,1.141,2.6,21.3,2.0,0.108
'260',23,06,1980,13870.0,9.3,15.5,1.132,3.1,3.8,2.1,0.067
'260',24,06,1980,11570.0,10.3,16.2,1.160,3.1,4.1,1.8,0.108
'260',25,06,1980,20780.0,8.3,17.7,1.047,2.6,3.1,3.3,0.058
'260',26,06,1980,14850.0,7.0,18.3,1.122,1.5,7.0,2.3,0.029
'260',27,06,1980,17190.0,9.1,16.5,1.024,2.6,1.1,2.7,0.029
'260',28,06,1980,7650.0,9.5,13.2,1.175,2.6,5.8,1.2,0.292
'260',29,06,1980,16410.0,9.9,16.1,1.125,3.6,3.3,2.6,0.088
'260',30,06,1980,17460.0,11.8,18.1,1.298,3.1,1.2,2.9,0.100
'260',01,07,1980,11080.0,11.6,16.6,1.276,2.6,14.5,1.8,0.383
'260',02,07,1980,12770.0,12.5,18.9,1.496,3.6,5.0,2.1,0.054
'260',03,07,1980,11050.0,11.7,17.4,1.314,2.6,0.0,1.8,0.000
'260',04,07,1980,9070.0,8.6,16.8,1.187,1.5,0.7,1.5,0.062
'260',05,07,1980,13760.0,11.4,18.2,1.184,3.1,0.6,2.3,0.079
'260',06,07,1980,20300.0,10.2,20.8,1.169,1.5,10.6,3.4,0.100
'260',07,07,1980,8410.0,13.7,18.2,1.442,3.1,21.0,1.4,0.196
'260',08,07,1980,6830.0,13.7,17.0,1.547,2.1,3.8,1.1,0.104
'260',09,07,1980,7510.0,13.6,17.1,1.537,2.1,14.6,1.2,0.171
'260',10,07,1980,7630.0,13.5,17.7,1.583,2.6,10.6,1.3,0.104
'260',11,07,1980,7790.0,12.6,16.0,1.228,2.6,0.2,1.2,0.012
'260',12,07,1980,13910.0,11.6,16.9,1.233,3.1,6.2,2.2,0.137
'260',13,07,1980,14460.0,10.1,17.5,1.167,2.1,13.6,2.3,0.192
'260',14,07,1980,7530.0,10.3,18.4,1.363,3.6,17.8,1.2,0.333
'260',15,07,1980,20000.0,12.3,18.1,1.229,3.1,0.0,3.3,0.000
'260',16,07,1980,12810.0,9.0,15.3,1.070,3.1,0.8,2.0,0.029
'260',17,07,1980,12760.0,7.9,17.3,1.157,2.6,0.1,2.0,0.004
'260',18,07,1980,9650.0,12.8,18.9,1.354,4.1,3.7,1.6,0.117
'260',19,07,1980,3710.0,14.3,16.9,1.581,4.6,10.0,0.6,0.408
'260',20,07,1980,4440.0,12.3,16.6,1.386,3.1,8.5,0.7,0.292
'260',21,07,1980,5700.0,7.8,15.1,1.039,4.1,2.8,0.9,0.088
'260',22,07,1980,21820.0,5.4,20.3,0.986,1.0,0.0,3.5,0.000
'260',23,07,1980,25130.0,9.9,23.5,1.165,1.5,0.0,4.4,0.000
'260',24,07,1980,20800.0,11.0,24.3,1.283,2.1,0.0,3.6,0.000
'260',25,07,1980,23430.0,12.2,26.8,1.471,2.6,0.0,4.3,0.000
'260',26,07,1980,21920.0,17.2,29.2,1.817,2.6,0.2,4.2,0.012
'260',27,07,1980,15000.0,14.5,24.5,1.715,1.5,0.0,2.7,0.000
'260',28,07,1980,19620.0,13.6,24.3,1.682,2.6,0.0,3.6,0.000
'260',29,07,1980,21240.0,17.0,26.9,1.905,3.6,0.0,4.0,0.000
'260',30,07,1980,7230.0,12.6,20.3,1.420,2.6,1.4,1.3,0.062
'260',31,07,1980,20380.0,10.6,24.2,1.284,1.0,0.0,3.6,0.000
'260',01,08,1980,15970.0,14.5,25.3,1.412,2.1,0.2,2.9,0.017
'260',02,08,1980,20550.0,13.2,27.7,1.583,2.1,0.0,3.9,0.000
'260',03,08,1980,16720.0,15.9,29.3,1.898,2.6,0.0,3.2,0.000
'260',04,08,1980,12520.0,13.9,23.5,1.644,3.6,1.0,2.2,0.075
'260',05,08,1980,14570.0,16.9,21.2,1.547,5.1,1.3,2.6,0.096
'260',06,08,1980,13640.0,16.3,21.7,1.528,4.6,0.0,2.4,0.000
'260',07,08,1980,10240.0,15.1,22.7,1.762,2.1,0.0,1.8,0.000
'260',08,08,1980,13790.0,10.1,21.9,1.434,3.1,0.2,2.4,0.012
'260',09,08,1980,13190.0,6.8,19.8,1.095,1.0,0.0,2.2,0.000
'260',10,08,1980,16100.0,11.0,21.5,1.290,1.0,0.0,2.7,0.000
'260',11,08,1980,11130.0,13.0,24.0,1.592,2.6,5.6,2.0,0.204
'260',12,08,1980,11560.0,13.7,17.7,1.423,3.6,9.6,1.9,0.129
'260',13,08,1980,11530.0,13.3,19.6,1.585,2.6,0.1,2.0,0.008
'260',14,08,1980,9630.0,15.9,21.7,1.928,2.1,5.5,1.7,0.088
'260',15,08,1980,18310.0,14.5,25.9,1.736,2.6,12.7,3.3,0.050
'260',16,08,1980,8270.0,17.0,22.3,1.990,1.4,0.0,1.5,0.000
'260',17,08,1980,17330.0,15.9,24.2,1.785,1.0,0.0,3.1,0.000
'260',18,08,1980,10150.0,16.1,22.2,1.730,1.5,0.0,1.8,0.000
'260',19,08,1980,13420.0,11.2,20.4,1.359,2.1,0.0,2.3,0.000
'260',20,08,1980,12210.0,14.4,21.5,1.665,5.1,0.0,2.2,0.000
'260',21,08,1980,16250.0,13.5,19.5,1.400,5.1,3.5,2.8,0.033
'260',22,08,1980,11910.0,11.2,16.7,1.173,3.6,3.2,1.9,0.142
'260',23,08,1980,9470.0,10.5,15.7,1.152,2.6,1.6,1.5,0.058
'260',24,08,1980,6110.0,7.9,15.7,1.118,1.5,1.8,0.9,0.108
'260',25,08,1980,18680.0,4.6,19.3,0.949,1.0,0.0,2.9,0.000
'260',26,08,1980,19900.0,8.2,22.3,1.022,2.1,0.0,3.3,0.000
'260',27,08,1980,17450.0,8.3,24.8,1.298,1.0,0.0,3.0,0.000
'260',28,08,1980,5390.0,11.0,19.5,1.453,2.6,0.0,0.9,0.000
'260',29,08,1980,8210.0,15.3,21.1,1.707,3.1,3.3,1.4,0.212
'260',30,08,1980,8100.0,14.0,18.6,1.536,4.1,11.9,1.4,0.358
'260',31,08,1980,6560.0,10.7,17.4,1.290,3.1,2.6,1.1,0.296
'260',01,09,1980,17840.0,8.9,20.1,1.188,1.5,0.0,2.9,0.000
'260',02,09,1980,17650.0,7.3,20.5,1.109,1.5,0.0,2.9,0.000
'260',03,09,1980,18550.0,9.0,22.5,1.222,1.5,0.0,3.1,0.000
'260',04,09,1980,9010.0,10.1,18.8,1.480,1.5,0.0,1.5,0.000
'260',05,09,1980,7930.0,12.1,19.3,1.341,1.5,4.1,1.3,0.104
'260',06,09,1980,14740.0,12.4,20.3,1.361,2.6,0.2,2.5,0.012
'260',07,09,1980,17690.0,11.2,22.5,1.347,2.1,0.0,3.1,0.000
'260',08,09,1980,14750.0,11.5,22.4,1.451,2.1,2.0,2.5,0.088
'260',09,09,1980,13580.0,9.3,17.6,1.148,2.6,0.4,2.2,0.021
'260',10,09,1980,2750.0,11.1,16.8,1.256,4.6,2.7,0.4,0.104
'260',11,09,1980,13760.0,13.1,18.8,1.389,3.6,9.5,2.3,0.096
'260',12,09,1980,7850.0,13.4,19.3,1.398,5.7,1.3,1.3,0.075
'260',13,09,1980,11250.0,12.4,17.3,1.278,4.1,5.6,1.8,0.150
'260',14,09,1980,5260.0,12.3,17.9,1.450,3.6,10.7,0.9,0.242
'260',15,09,1980,7720.0,11.5,18.5,1.400,1.5,0.0,1.3,0.000
'260',16,09,1980,11600.0,10.6,20.4,1.345,1.5,0.0,1.9,0.000
'260',17,09,1980,11500.0,13.2,19.1,1.425,2.6,1.6,1.9,0.083
'260',18,09,1980,13510.0,12.3,20.0,1.318,1.5,0.0,2.3,0.000
'260',19,09,1980,8810.0,13.9,22.8,1.805,2.1,0.0,1.5,0.000
'260',20,09,1980,13310.0,16.0,25.0,1.778,2.1,0.0,2.4,0.000
'260',21,09,1980,6950.0,16.2,21.4,1.721,1.5,0.0,1.2,0.000
'260',22,09,1980,5410.0,12.8,20.8,1.707,1.0,0.4,0.9,0.008
'260',23,09,1980,10190.0,9.9,20.9,1.395,1.0,0.0,1.7,0.000
'260',24,09,1980,3290.0,8.1,17.1,1.319,1.0,1.1,0.5,0.029
'260',25,09,1980,7770.0,6.0,16.4,1.097,0.5,0.0,1.2,0.000
'260',26,09,1980,13120.0,5.5,17.9,1.001,1.5,0.0,2.0,0.000
'260',27,09,1980,9100.0,9.4,17.6,1.339,1.0,0.2,1.4,0.008
'260',28,09,1980,10260.0,11.1,23.1,1.552,1.0,0.0,1.7,0.000
'260',29,09,1980,7150.0,12.4,19.1,1.498,1.0,0.4,1.2,0.021
'260',30,09,1980,10690.0,7.3,18.1,1.062,2.1,0.4,1.7,0.025
'260',01,10,1980,9340.0,4.9,17.4,0.985,2.6,1.9,1.5,0.088
'260',02,10,1980,7130.0,5.1,16.3,1.019,1.5,0.0,1.1,0.000
'260',03,10,1980,10640.0,2.9,16.0,0.892,1.0,0.0,1.5,0.000
'260',04,10,1980,5260.0,5.2,14.9,1.060,1.5,0.6,0.8,0.021
'260',05,10,1980,6420.0,4.4,15.9,0.947,2.1,0.1,0.9,0.004
'260',06,10,1980,3010.0,10.4,15.2,1.326,5.1,7.4,0.5,0.188
'260',07,10,1980,8250.0,7.8,14.8,0.923,7.2,19.6,1.3,0.300
'260',08,10,1980,6870.0,7.2,13.7,0.961,5.7,5.4,1.0,0.204
'260',09,10,1980,6670.0,4.7,13.0,0.871,3.1,2.5,0.9,0.042
'260',10,10,1980,9540.0,6.0,12.6,0.902,3.1,0.0,1.3,0.000
'260',11,10,1980,3140.0,6.1,10.3,0.803,6.2,0.0,0.4,0.000
'260',12,10,1980,10590.0,5.3,12.5,0.869,3.1,0.0,1.5,0.000
'260',13,10,1980,9820.0,1.3,14.2,0.721,0.5,0.0,1.3,0.000
'260',14,10,1980,7200.0,0.1,13.3,0.737,0.5,0.0,0.9,0.000
'260',15,10,1980,6220.0,-0.2,12.7,0.765,0.5,0.0,0.8,0.000
'260',16,10,1980,3910.0,4.6,14.1,1.027,3.1,1.9,0.6,0.133
'260',17,10,1980,1920.0,10.0,13.0,1.238,3.6,1.2,0.3,0.163
'260',18,10,1980,5480.0,5.4,12.2,0.924,3.6,2.7,0.8,0.075
'260',19,10,1980,5430.0,1.7,10.5,0.795,3.6,9.8,0.7,0.267
'260',20,10,1980,5480.0,0.1,11.6,0.725,1.5,0.2,0.7,0.012
'260',21,10,1980,4760.0,7.6,13.0,1.078,2.6,0.0,0.7,0.000
'260',22,10,1980,3090.0,6.2,14.3,1.017,2.6,0.8,0.5,0.054
'260',23,10,1980,4870.0,9.9,13.9,1.140,5.1,3.5,0.8,0.096
'260',24,10,1980,6160.0,8.4,13.3,0.972,4.1,2.2,0.9,0.054
'260',25,10,1980,5140.0,3.0,12.1,0.844,2.1,5.2,0.7,0.104
'260',26,10,1980,4240.0,3.7,11.1,0.888,2.6,2.6,0.6,0.163
'260',27,10,1980,2340.0,10.2,17.7,1.430,5.7,1.6,0.4,0.104
'260',28,10,1980,3440.0,10.5,18.1,1.401,4.6,10.8,0.6,0.196
'260',29,10,1980,2470.0,8.3,12.9,1.041,4.6,4.5,0.4,0.054
'260',30,10,1980,6810.0,0.9,12.3,0.699,1.5,0.4,0.9,0.017
'260',31,10,1980,6980.0,-0.1,9.5,0.799,2.1,0.0,0.9,0.000
'260',01,11,1980,7150.0,-0.8,5.8,0.463,4.1,0.0,0.8,0.000
'260',02,11,1980,7830.0,-3.8,1.5,0.365,5.1,0.0,0.8,0.000
'260',03,11,1980,7080.0,-5.4,-0.9,0.346,4.6,0.0,0.6,0.000
'260',04,11,1980,3070.0,-6.2,0.7,0.381,3.1,0.1,0.3,0.042
'260',05,11,1980,5830.0,-4.0,1.4,0.361,6.2,0.0,0.6,0.000
'260',06,11,1980,1290.0,-1.2,0.7,0.497,5.7,1.0,0.1,0.229
'260',07,11,1980,2710.0,-0.6,0.6,0.577,2.1,8.8,0.3,0.629
'260',08,11,1980,5860.0,-1.2,2.2,0.531,1.5,0.0,0.6,0.000
'260',09,11,1980,6150.0,-3.1,7.6,0.552,1.0,0.0,0.7,0.000
'260',10,11,1980,3340.0,-1.1,6.7,0.626,1.0,0.0,0.4,0.000
'260',11,11,1980,1430.0,2.6,5.8,0.692,3.6,7.2,0.2,0.183
'260',12,11,1980,4290.0,1.1,8.6,0.708,2.1,3.2,0.5,0.079
'260',13,11,1980,2130.0,0.1,7.8,0.731,3.1,1.2,0.3,0.021
'260',14,11,1980,1430.0,5.3,8.2,0.811,5.7,6.5,0.2,0.367
'260',15,11,1980,470.0,6.4,14.4,1.172,6.7,15.5,0.1,0.746
'260',16,11,1980,1270.0,10.3,13.7,1.261,6.2,1.3,0.2,0.067
'260',17,11,1980,1830.0,10.2,14.9,1.208,6.7,2.1,0.3,0.200
'260',18,11,1980,2360.0,6.7,12.2,0.777,7.7,1.2,0.3,0.008
'260',19,11,1980,1780.0,3.9,10.8,0.835,3.6,3.6,0.2,0.225
'260',20,11,1980,3920.0,8.4,12.6,1.009,4.1,0.0,0.6,0.000
'260',21,11,1980,2260.0,10.9,12.6,1.116,6.2,0.0,0.3,0.000
'260',22,11,1980,780.0,10.4,13.2,1.148,6.2,7.3,0.1,0.200
'260',23,11,1980,600.0,12.1,14.4,1.220,5.7,0.2,0.1,0.008
'260',24,11,1980,1060.0,12.2,14.4,1.356,5.1,0.4,0.2,0.025
'260',25,11,1980,1820.0,6.5,12.2,0.988,3.1,0.2,0.3,0.008
'260',26,11,1980,2760.0,-1.0,7.2,0.585,2.1,0.9,0.3,0.012
'260',27,11,1980,1130.0,-0.9,4.9,0.602,4.1,5.3,0.1,0.104
'260',28,11,1980,2330.0,0.8,5.6,0.608,4.1,16.1,0.3,0.371
'260',29,11,1980,2360.0,-0.2,3.9,0.461,5.7,0.6,0.3,0.037
'260',30,11,1980,4250.0,-3.7,0.4,0.374,4.6,0.0,0.4,0.000
'260',01,12,1980,4290.0,-7.0,2.1,0.354,1.5,0.0,0.4,0.000
'260',02,12,1980,670.0,-0.7,3.5,0.562,3.6,3.8,0.1,0.092
'260',03,12,1980,3790.0,-0.4,4.3,0.493,3.1,0.6,0.4,0.012
'260',04,12,1980,2430.0,-1.0,4.1,0.530,2.6,5.7,0.3,0.250
'260',05,12,1980,400.0,-0.7,7.3,0.679,3.6,9.1,0.0,0.242
'260',06,12,1980,2800.0,-4.0,3.7,0.464,3.6,2.6,0.3,0.075
'260',07,12,1980,2790.0,-11.0,-0.3,0.366,1.5,5.7,0.3,0.088
'260',08,12,1980,3530.0,-8.9,2.8,0.387,1.5,0.0,0.3,0.000
'260',09,12,1980,2460.0,-3.1,0.8,0.380,6.2,0.0,0.3,0.000
'260',10,12,1980,1620.0,-1.7,5.6,0.519,6.7,0.0,0.2,0.000
'260',11,12,1980,270.0,5.4,8.5,0.870,6.2,3.3,0.0,0.200
'260',12,12,1980,510.0,4.7,7.5,0.799,3.6,0.0,0.1,0.000
'260',13,12,1980,340.0,5.2,10.8,0.821,6.2,2.0,0.0,0.092
'260',14,12,1980,690.0,6.5,12.1,0.987,5.7,3.6,0.1,0.246
'260',15,12,1980,3230.0,4.4,8.7,0.766,4.6,6.0,0.4,0.058
'260',16,12,1980,3470.0,1.4,7.8,0.686,2.6,2.6,0.4,0.054
'260',17,12,1980,1570.0,0.9,5.0,0.616,6.2,13.5,0.2,0.350
'260',18,12,1980,1940.0,1.6,6.0,0.651,3.1,9.0,0.2,0.229
'260',19,12,1980,1230.0,0.2,2.3,0.584,4.1,0.6,0.1,0.029
'260',20,12,1980,640.0,-0.3,2.8,0.579,4.6,7.5,0.1,0.233
'260',21,12,1980,780.0,0.3,4.3,0.645,2.1,4.4,0.1,0.104
'260',22,12,1980,910.0,-0.5,8.0,0.720,3.1,0.3,0.1,0.012
'260',23,12,1980,980.0,7.2,11.3,1.045,4.6,2.5,0.1,0.062
'260',24,12,1980,990.0,8.1,11.5,0.968,6.2,0.0,0.1,0.000
'260',25,12,1980,2020.0,3.4,9.9,0.739,5.1,2.3,0.3,0.096
'260',26,12,1980,3080.0,1.4,6.3,0.645,3.6,1.1,0.4,0.029
'260',27,12,1980,3700.0,-2.9,5.3,0.557,1.5,1.2,0.4,0.033
'260',28,12,1980,1380.0,-3.6,4.1,0.566,3.6,0.6,0.2,0.071
'260',29,12,1980,350.0,4.1,8.1,0.839,4.1,0.1,0.0,0.042
'260',30,12,1980,580.0,7.0,8.4,0.918,4.6,0.0,0.1,0.000
'260',31,12,1980,530.0,6.0,9.1,0.833,7.7,0.0,0.1,0.000
