* Source of data    : Royal Netherlands Meterological Institute (www.knmi.nl)
* File content      : Meteo from www.knmi.nl; input file for Swap 3.2 (www.swap.alterra.nl)
* File generated by : Alterra - Wageningen-UR (www.alterra.wur.nl)
* File generated at : 2017-02-27 11:38:43
Station,DD,MM,YYYY,Rad,Tmin,Tmax,Hum,Wind,Rain,ETref,Wet
'260',01,01,2005,1670.0,2.8,10.6,0.804,4.5,1.3,0.2,0.100
'260',02,01,2005,1600.0,5.6,8.6,0.705,5.9,0.0,0.2,0.000
'260',03,01,2005,1470.0,5.8,8.9,0.838,4.8,0.0,0.2,0.000
'260',04,01,2005,510.0,6.6,9.3,0.919,6.6,1.6,0.1,0.163
'260',05,01,2005,1490.0,3.1,7.7,0.826,4.2,3.2,0.2,0.104
'260',06,01,2005,3350.0,5.6,9.5,0.890,5.0,0.3,0.5,0.017
'260',07,01,2005,910.0,9.3,12.5,1.082,8.0,0.0,0.1,0.000
'260',08,01,2005,2080.0,5.3,11.8,0.728,8.8,0.0,0.3,0.000
'260',09,01,2005,2800.0,5.0,10.8,0.909,5.9,0.3,0.4,0.046
'260',10,01,2005,2660.0,8.9,13.3,1.067,6.2,1.9,0.4,0.196
'260',11,01,2005,2650.0,8.6,11.7,1.100,5.3,0.7,0.4,0.083
'260',12,01,2005,3410.0,5.4,10.8,0.810,5.2,0.3,0.5,0.042
'260',13,01,2005,2220.0,2.9,7.6,0.704,4.0,0.0,0.3,0.000
'260',14,01,2005,4270.0,-1.0,8.0,0.651,2.0,0.1,0.5,0.008
'260',15,01,2005,4710.0,-2.5,3.9,0.556,2.9,0.0,0.5,0.000
'260',16,01,2005,4370.0,-2.2,4.3,0.546,3.1,0.0,0.5,0.000
'260',17,01,2005,1320.0,3.4,7.7,0.826,5.5,7.8,0.2,0.308
'260',18,01,2005,1510.0,2.1,8.0,0.765,3.9,10.5,0.2,0.271
'260',19,01,2005,4610.0,4.0,7.4,0.746,4.8,0.4,0.6,0.025
'260',20,01,2005,1180.0,6.6,10.9,0.975,7.0,11.6,0.2,0.221
'260',21,01,2005,2900.0,3.8,8.2,0.696,5.4,0.8,0.4,0.062
'260',22,01,2005,3920.0,-1.0,8.2,0.648,2.6,0.9,0.5,0.046
'260',23,01,2005,4120.0,-2.0,6.7,0.558,3.3,2.0,0.5,0.092
'260',24,01,2005,4630.0,-2.4,3.9,0.519,3.3,1.0,0.5,0.112
'260',25,01,2005,4490.0,-2.3,1.7,0.468,3.2,0.4,0.5,0.046
'260',26,01,2005,5390.0,-2.7,1.7,0.468,2.8,0.0,0.6,0.000
'260',27,01,2005,1760.0,-0.7,3.0,0.618,1.2,1.4,0.2,0.100
'260',28,01,2005,1330.0,0.6,2.9,0.666,1.8,0.0,0.2,0.000
'260',29,01,2005,2960.0,-1.6,3.9,0.603,2.0,0.2,0.3,0.025
'260',30,01,2005,2040.0,3.6,7.5,0.870,2.3,1.1,0.3,0.158
'260',31,01,2005,1330.0,4.2,8.0,0.888,3.9,5.6,0.2,0.333
'260',01,02,2005,3150.0,3.2,6.3,0.737,3.3,0.4,0.4,0.058
'260',02,02,2005,3010.0,4.3,8.1,0.862,3.2,3.7,0.4,0.263
'260',03,02,2005,3870.0,5.0,8.2,0.853,2.3,0.4,0.5,0.042
'260',04,02,2005,4060.0,2.1,8.3,0.795,1.7,0.0,0.5,0.000
'260',05,02,2005,6070.0,-0.6,4.6,0.540,3.5,0.0,0.7,0.000
'260',06,02,2005,6840.0,-3.4,7.5,0.527,3.0,0.0,0.8,0.000
'260',07,02,2005,7130.0,-4.5,5.0,0.483,2.2,0.0,0.7,0.000
'260',08,02,2005,6870.0,-5.4,4.6,0.540,1.6,0.0,0.7,0.000
'260',09,02,2005,4380.0,-1.7,8.9,0.712,3.9,0.2,0.6,0.025
'260',10,02,2005,440.0,5.3,9.0,0.936,5.4,19.6,0.1,0.621
'260',11,02,2005,4130.0,5.2,9.2,0.863,1.5,2.3,0.5,0.167
'260',12,02,2005,1280.0,4.5,11.9,0.946,7.2,24.6,0.2,0.592
'260',13,02,2005,3560.0,1.0,5.9,0.668,4.8,10.4,0.4,0.367
'260',14,02,2005,3950.0,1.0,6.5,0.647,4.9,2.2,0.5,0.083
'260',15,02,2005,2480.0,0.4,3.8,0.583,4.6,0.0,0.3,0.000
'260',16,02,2005,6770.0,-1.9,2.4,0.434,3.5,0.0,0.7,0.000
'260',17,02,2005,4130.0,-0.9,2.1,0.485,0.9,0.0,0.4,0.000
'260',18,02,2005,1720.0,0.4,4.5,0.629,3.7,3.0,0.2,0.112
'260',19,02,2005,5740.0,-0.1,6.3,0.663,2.6,4.3,0.7,0.171
'260',20,02,2005,6800.0,0.0,5.4,0.634,3.1,0.2,0.8,0.008
'260',21,02,2005,5060.0,0.2,4.3,0.591,4.3,0.7,0.6,0.050
'260',22,02,2005,4460.0,-1.7,2.5,0.489,5.4,0.2,0.5,0.017
'260',23,02,2005,2580.0,-2.4,1.4,0.504,2.8,0.3,0.3,0.054
'260',24,02,2005,5310.0,-2.3,2.4,0.474,2.5,0.4,0.6,0.033
'260',25,02,2005,6710.0,-3.6,2.9,0.487,2.1,0.0,0.7,0.000
'260',26,02,2005,2400.0,-1.2,4.0,0.582,3.0,0.2,0.3,0.037
'260',27,02,2005,9680.0,-5.6,0.0,0.284,4.4,0.0,0.9,0.000
'260',28,02,2005,11680.0,-9.2,1.6,0.286,2.7,0.0,1.1,0.000
'260',01,03,2005,3140.0,-3.0,0.6,0.418,5.8,2.0,0.3,0.250
'260',02,03,2005,2760.0,-1.3,0.4,0.515,3.0,6.1,0.3,0.500
'260',03,03,2005,4130.0,-7.8,-0.5,0.397,3.9,0.0,0.4,0.000
'260',04,03,2005,6700.0,-14.4,-0.1,0.306,2.6,0.8,0.6,0.129
'260',05,03,2005,4740.0,-4.8,1.1,0.454,3.1,1.3,0.5,0.121
'260',06,03,2005,9980.0,-8.2,2.6,0.370,3.2,1.7,1.0,0.108
'260',07,03,2005,6100.0,1.2,5.7,0.653,2.9,1.8,0.7,0.137
'260',08,03,2005,6530.0,3.3,6.9,0.775,3.7,1.1,0.8,0.108
'260',09,03,2005,5390.0,1.3,7.1,0.699,2.8,0.3,0.7,0.025
'260',10,03,2005,7450.0,-1.7,5.8,0.592,2.1,0.0,0.9,0.000
'260',11,03,2005,1610.0,2.0,7.3,0.729,5.8,4.3,0.2,0.179
'260',12,03,2005,5590.0,1.3,5.2,0.665,5.3,3.8,0.7,0.175
'260',13,03,2005,8630.0,2.3,7.8,0.614,4.0,0.0,1.1,0.000
'260',14,03,2005,5000.0,-0.9,7.5,0.585,2.8,0.1,0.6,0.021
'260',15,03,2005,10700.0,-0.9,12.3,0.697,4.8,0.0,1.5,0.000
'260',16,03,2005,11090.0,9.7,19.3,1.174,5.5,1.0,1.8,0.075
'260',17,03,2005,4950.0,8.7,13.0,1.120,6.7,0.0,0.7,0.000
'260',18,03,2005,3860.0,7.1,11.5,1.057,3.7,0.0,0.6,0.000
'260',19,03,2005,3340.0,7.0,11.8,1.102,1.9,0.1,0.5,0.017
'260',20,03,2005,12590.0,3.9,12.2,0.768,3.3,0.0,1.7,0.000
'260',21,03,2005,15250.0,2.1,15.7,0.650,4.8,0.0,2.2,0.000
'260',22,03,2005,9040.0,8.9,17.7,1.070,4.1,1.7,1.4,0.062
'260',23,03,2005,15110.0,8.4,17.0,1.076,2.8,0.0,2.3,0.000
'260',24,03,2005,11560.0,7.3,18.8,1.169,3.3,10.9,1.8,0.208
'260',25,03,2005,8260.0,8.1,13.2,1.146,2.4,0.2,1.2,0.050
'260',26,03,2005,9990.0,7.3,15.8,1.099,2.2,0.5,1.5,0.012
'260',27,03,2005,7470.0,8.1,16.0,1.160,3.0,10.6,1.1,0.083
'260',28,03,2005,3590.0,7.7,13.7,1.218,2.2,0.0,0.5,0.000
'260',29,03,2005,7090.0,7.5,13.7,1.104,2.4,0.0,1.0,0.000
'260',30,03,2005,9410.0,8.0,16.1,1.125,3.9,0.1,1.4,0.008
'260',31,03,2005,15410.0,7.2,16.1,0.918,3.0,1.4,2.3,0.092
'260',01,04,2005,17340.0,4.2,17.1,0.735,2.6,0.0,2.6,0.000
'260',02,04,2005,19300.0,2.6,17.3,0.567,3.5,0.0,2.9,0.000
'260',03,04,2005,16520.0,7.9,21.2,1.078,2.5,0.0,2.7,0.000
'260',04,04,2005,13000.0,6.3,18.7,1.074,3.3,3.0,2.0,0.121
'260',05,04,2005,16480.0,5.1,12.8,0.728,3.3,0.2,2.3,0.017
'260',06,04,2005,8640.0,4.7,12.6,0.781,4.3,1.5,1.2,0.183
'260',07,04,2005,13290.0,7.0,12.6,0.776,6.7,0.3,1.9,0.017
'260',08,04,2005,10040.0,3.3,10.2,0.741,3.6,7.3,1.3,0.308
'260',09,04,2005,10190.0,1.4,6.9,0.591,3.9,4.9,1.3,0.254
'260',10,04,2005,9890.0,3.8,12.3,0.832,2.8,1.4,1.4,0.129
'260',11,04,2005,20750.0,4.2,16.1,0.840,2.4,0.0,3.1,0.000
'260',12,04,2005,16620.0,2.3,15.8,0.815,1.7,0.0,2.4,0.000
'260',13,04,2005,4380.0,7.4,12.4,1.056,3.3,8.2,0.6,0.462
'260',14,04,2005,9450.0,9.8,17.0,1.111,3.6,2.3,1.5,0.267
'260',15,04,2005,12290.0,7.0,17.8,1.046,3.5,0.0,1.8,0.000
'260',16,04,2005,3200.0,6.4,9.0,0.960,3.5,4.6,0.4,0.337
'260',17,04,2005,17140.0,7.5,17.6,1.258,2.3,0.0,2.6,0.000
'260',18,04,2005,10980.0,5.2,16.1,1.028,2.8,1.4,1.6,0.033
'260',19,04,2005,6850.0,4.5,12.8,0.982,1.9,8.3,1.0,0.425
'260',20,04,2005,11610.0,5.1,13.6,0.769,2.8,2.6,1.6,0.288
'260',21,04,2005,23310.0,1.9,13.5,0.639,2.5,0.0,3.3,0.000
'260',22,04,2005,22570.0,0.1,16.2,0.688,1.8,0.0,3.2,0.000
'260',23,04,2005,22760.0,2.8,18.6,0.668,2.3,0.0,3.4,0.000
'260',24,04,2005,18050.0,3.3,18.6,0.867,3.1,0.0,2.8,0.000
'260',25,04,2005,17870.0,7.7,18.0,0.916,3.6,0.0,2.8,0.000
'260',26,04,2005,8170.0,4.7,16.2,1.031,1.9,5.3,1.2,0.096
'260',27,04,2005,18800.0,8.1,15.5,0.999,4.0,2.9,2.9,0.146
'260',28,04,2005,15140.0,3.8,17.9,0.932,2.8,0.3,2.4,0.012
'260',29,04,2005,13930.0,10.2,18.1,1.316,2.2,8.4,2.3,0.225
'260',30,04,2005,8810.0,10.6,19.4,1.449,1.6,0.0,1.5,0.000
'260',01,05,2005,21150.0,9.7,28.5,1.491,2.7,0.0,3.8,0.000
'260',02,05,2005,7440.0,10.4,18.7,1.470,1.3,3.0,1.2,0.117
'260',03,05,2005,9440.0,9.4,18.4,1.272,1.9,1.8,1.5,0.075
'260',04,05,2005,5480.0,9.0,13.9,1.135,3.2,0.2,0.8,0.008
'260',05,05,2005,16330.0,5.0,13.4,0.710,3.3,4.5,2.4,0.129
'260',06,05,2005,17660.0,8.3,12.3,0.929,4.0,0.2,2.6,0.029
'260',07,05,2005,9940.0,5.2,11.1,0.832,3.3,7.0,1.4,0.238
'260',08,05,2005,17940.0,4.0,11.8,0.804,3.4,2.0,2.5,0.075
'260',09,05,2005,17440.0,4.8,12.0,0.780,3.5,3.1,2.4,0.054
'260',10,05,2005,16850.0,4.2,13.1,0.847,3.1,0.3,2.3,0.021
'260',11,05,2005,19670.0,3.1,12.6,0.716,3.0,0.1,2.7,0.012
'260',12,05,2005,23160.0,0.4,14.4,0.707,3.5,0.0,3.3,0.000
'260',13,05,2005,23960.0,5.2,18.0,0.802,4.8,0.0,3.7,0.000
'260',14,05,2005,25640.0,6.9,16.6,0.953,4.8,0.0,3.8,0.000
'260',15,05,2005,13370.0,5.7,16.2,0.914,2.9,4.6,2.0,0.208
'260',16,05,2005,10690.0,2.3,15.3,0.849,2.3,1.0,1.5,0.117
'260',17,05,2005,11860.0,1.2,10.6,0.690,1.9,1.4,1.6,0.058
'260',18,05,2005,21540.0,0.2,14.8,0.629,1.2,0.0,3.0,0.000
'260',19,05,2005,17960.0,5.0,19.0,0.891,4.0,3.6,2.9,0.137
'260',20,05,2005,14740.0,13.1,21.2,1.378,3.5,2.2,2.5,0.121
'260',21,05,2005,21610.0,11.0,20.7,1.155,3.4,3.5,3.6,0.088
'260',22,05,2005,23970.0,9.8,20.1,1.105,3.5,1.9,3.9,0.021
'260',23,05,2005,20800.0,7.8,16.6,1.022,3.5,0.0,3.2,0.000
'260',24,05,2005,11130.0,7.9,18.1,1.009,4.1,0.0,1.8,0.000
'260',25,05,2005,22460.0,13.4,22.8,1.424,3.5,0.0,3.9,0.000
'260',26,05,2005,23670.0,12.7,29.1,1.379,2.9,0.0,4.4,0.000
'260',27,05,2005,26710.0,10.8,30.7,1.360,2.3,0.0,5.1,0.000
'260',28,05,2005,26010.0,12.1,25.0,1.374,3.4,0.0,4.7,0.000
'260',29,05,2005,17030.0,8.6,19.3,1.130,2.2,8.1,2.8,0.146
'260',30,05,2005,7070.0,6.9,12.9,1.041,2.0,5.5,1.0,0.250
'260',31,05,2005,23520.0,6.4,16.7,0.937,3.0,0.2,3.6,0.004
'260',01,06,2005,24710.0,3.8,19.0,0.894,1.6,0.0,3.9,0.000
'260',02,06,2005,7230.0,13.3,19.4,1.567,3.4,1.0,1.2,0.108
'260',03,06,2005,16410.0,13.4,25.7,1.663,3.1,7.7,2.8,0.117
'260',04,06,2005,13570.0,11.8,18.5,1.296,5.0,5.6,2.2,0.125
'260',05,06,2005,12920.0,12.7,17.1,1.375,3.5,1.1,2.1,0.054
'260',06,06,2005,13670.0,8.3,14.7,0.950,3.3,0.0,2.1,0.000
'260',07,06,2005,16040.0,7.3,14.0,0.853,3.6,0.0,2.4,0.000
'260',08,06,2005,26580.0,4.9,16.6,0.822,2.2,0.0,4.1,0.000
'260',09,06,2005,24950.0,4.3,18.9,0.883,1.8,0.0,4.0,0.000
'260',10,06,2005,18740.0,5.8,19.3,1.063,2.8,0.0,2.9,0.000
'260',11,06,2005,17280.0,7.7,14.6,0.880,3.0,0.0,2.6,0.000
'260',12,06,2005,12210.0,6.7,16.5,0.978,2.7,5.2,1.9,0.183
'260',13,06,2005,20600.0,7.1,16.7,0.946,3.3,0.2,3.2,0.008
'260',14,06,2005,27680.0,5.0,20.9,0.987,2.5,0.0,4.5,0.000
'260',15,06,2005,20990.0,6.9,24.3,1.136,3.0,0.0,3.6,0.000
'260',16,06,2005,18650.0,13.0,22.8,1.362,4.2,0.0,3.3,0.000
'260',17,06,2005,9050.0,17.3,21.8,1.849,3.0,0.1,1.6,0.008
'260',18,06,2005,28480.0,14.5,26.1,1.435,2.6,0.0,5.2,0.000
'260',19,06,2005,29770.0,12.7,29.8,1.216,2.8,0.0,5.7,0.000
'260',20,06,2005,27920.0,15.7,32.8,1.490,2.5,0.0,5.5,0.000
'260',21,06,2005,24410.0,14.0,25.7,1.470,2.5,0.0,4.5,0.000
'260',22,06,2005,26920.0,11.8,25.8,1.412,1.5,0.0,4.9,0.000
'260',23,06,2005,27840.0,14.0,30.7,1.484,2.0,0.0,5.4,0.000
'260',24,06,2005,23280.0,16.9,32.6,1.756,1.8,0.0,4.6,0.000
'260',25,06,2005,9610.0,12.6,22.1,1.603,3.5,2.8,1.7,0.083
'260',26,06,2005,28060.0,11.4,23.3,1.215,2.8,0.0,4.8,0.000
'260',27,06,2005,28720.0,11.0,23.4,1.189,2.5,0.0,5.0,0.000
'260',28,06,2005,28900.0,9.4,25.6,1.299,3.1,0.0,5.1,0.000
'260',29,06,2005,18230.0,14.1,26.1,1.585,2.5,10.8,3.3,0.179
'260',30,06,2005,13660.0,12.5,23.1,1.565,2.0,17.4,2.4,0.217
'260',01,07,2005,14880.0,12.3,21.0,1.447,2.6,0.2,2.5,0.021
'260',02,07,2005,7860.0,12.7,21.0,1.670,2.0,0.4,1.4,0.008
'260',03,07,2005,21120.0,15.4,25.2,1.770,2.1,0.0,3.8,0.000
'260',04,07,2005,9520.0,12.7,23.3,1.685,4.0,33.5,1.6,0.171
'260',05,07,2005,14050.0,11.3,19.0,1.286,3.3,0.4,2.3,0.037
'260',06,07,2005,11120.0,11.6,19.9,1.469,3.0,7.9,1.8,0.192
'260',07,07,2005,17840.0,10.1,20.0,1.214,1.7,0.0,3.0,0.000
'260',08,07,2005,9660.0,9.4,19.7,1.358,1.5,2.3,1.6,0.142
'260',09,07,2005,20260.0,10.7,21.4,1.484,2.3,0.0,3.5,0.000
'260',10,07,2005,26910.0,15.7,27.4,1.714,3.5,0.0,5.1,0.000
'260',11,07,2005,21840.0,16.8,24.5,1.807,3.6,0.0,4.0,0.000
'260',12,07,2005,26190.0,15.7,25.7,1.814,2.8,0.0,4.8,0.000
'260',13,07,2005,26460.0,14.8,25.1,1.788,2.4,0.0,4.8,0.000
'260',14,07,2005,26250.0,13.9,28.1,1.588,1.3,0.0,4.9,0.000
'260',15,07,2005,19470.0,15.6,23.9,1.708,2.8,0.0,3.6,0.000
'260',16,07,2005,22140.0,10.7,22.3,1.371,2.1,0.0,3.8,0.000
'260',17,07,2005,16540.0,8.9,23.2,1.335,1.3,0.0,2.9,0.000
'260',18,07,2005,16970.0,13.3,26.1,1.595,2.5,1.3,3.1,0.037
'260',19,07,2005,16480.0,16.1,20.0,1.445,4.3,2.3,2.9,0.029
'260',20,07,2005,14000.0,13.0,19.0,1.315,4.6,5.0,2.4,0.071
'260',21,07,2005,6620.0,12.8,17.4,1.411,4.3,0.1,1.1,0.012
'260',22,07,2005,7790.0,13.4,17.2,1.409,2.8,5.5,1.3,0.112
'260',23,07,2005,13590.0,10.5,18.3,1.289,2.4,0.0,2.2,0.000
'260',24,07,2005,11410.0,10.8,22.5,1.500,2.0,3.4,2.0,0.175
'260',25,07,2005,8980.0,14.7,20.1,1.741,2.4,13.6,1.6,0.217
'260',26,07,2005,9910.0,13.1,18.3,1.344,1.8,0.6,1.6,0.033
'260',27,07,2005,7710.0,13.4,22.7,1.884,2.1,4.1,1.4,0.250
'260',28,07,2005,16520.0,16.2,28.5,2.109,1.4,0.1,3.1,0.017
'260',29,07,2005,13570.0,17.8,26.2,2.104,2.1,20.5,2.5,0.167
'260',30,07,2005,17850.0,14.6,21.5,1.537,3.5,37.8,3.1,0.217
'260',31,07,2005,5930.0,13.2,16.1,1.424,3.6,19.5,1.0,0.321
'260',01,08,2005,17150.0,10.6,19.4,1.267,2.2,0.0,2.9,0.000
'260',02,08,2005,22000.0,8.4,20.6,1.207,1.7,0.0,3.6,0.000
'260',03,08,2005,15250.0,9.0,21.5,1.345,2.3,3.7,2.5,0.088
'260',04,08,2005,23230.0,11.8,20.5,1.345,2.9,0.0,4.0,0.000
'260',05,08,2005,6510.0,11.1,17.8,1.405,3.2,5.3,1.1,0.208
'260',06,08,2005,16100.0,8.3,19.2,1.271,2.5,1.7,2.6,0.042
'260',07,08,2005,20000.0,8.1,17.8,1.171,2.9,12.1,3.2,0.137
'260',08,08,2005,15220.0,11.5,19.0,1.355,3.0,3.5,2.5,0.067
'260',09,08,2005,15290.0,12.6,17.5,1.183,3.0,0.0,2.5,0.000
'260',10,08,2005,14940.0,12.9,18.7,1.363,3.1,0.1,2.5,0.012
'260',11,08,2005,9730.0,11.5,19.6,1.479,2.1,0.1,1.6,0.017
'260',12,08,2005,7990.0,10.6,19.3,1.477,2.2,40.0,1.3,0.229
'260',13,08,2005,14740.0,8.9,21.7,1.343,2.6,0.6,2.5,0.079
'260',14,08,2005,13890.0,13.5,19.2,1.507,3.9,12.6,2.3,0.217
'260',15,08,2005,6060.0,13.2,17.2,1.420,2.9,0.1,1.0,0.033
'260',16,08,2005,19170.0,10.0,21.9,1.318,1.0,0.0,3.2,0.000
'260',17,08,2005,22790.0,9.3,23.7,1.365,2.1,0.0,3.9,0.000
'260',18,08,2005,21540.0,12.6,27.2,1.718,2.3,0.0,3.9,0.000
'260',19,08,2005,10750.0,15.3,25.7,1.958,2.2,0.1,1.9,0.017
'260',20,08,2005,6120.0,14.2,21.4,1.686,1.5,0.9,1.1,0.037
'260',21,08,2005,18740.0,14.1,22.7,1.586,1.9,0.0,3.3,0.000
'260',22,08,2005,12930.0,12.6,21.9,1.477,1.3,0.0,2.2,0.000
'260',23,08,2005,8780.0,8.8,19.4,1.287,2.1,1.0,1.5,0.100
'260',24,08,2005,15710.0,8.3,20.5,1.241,3.5,0.8,2.6,0.037
'260',25,08,2005,9850.0,9.9,19.2,1.259,3.8,12.8,1.6,0.300
'260',26,08,2005,15970.0,10.4,18.2,1.128,3.7,0.2,2.6,0.008
'260',27,08,2005,10430.0,10.2,20.5,1.375,2.0,0.0,1.7,0.000
'260',28,08,2005,20270.0,9.8,23.0,1.274,2.2,0.0,3.4,0.000
'260',29,08,2005,20170.0,11.0,25.4,1.415,2.1,0.0,3.5,0.000
'260',30,08,2005,19970.0,9.6,26.1,1.386,1.9,0.0,3.6,0.000
'260',31,08,2005,19550.0,13.7,28.9,1.780,3.3,0.0,3.7,0.000
'260',01,09,2005,8350.0,15.7,22.7,1.776,3.0,0.3,1.5,0.021
'260',02,09,2005,12340.0,14.2,23.5,1.691,1.8,0.0,2.2,0.000
'260',03,09,2005,13410.0,14.9,23.5,1.763,3.0,0.0,2.4,0.000
'260',04,09,2005,18830.0,11.7,25.0,1.485,3.1,0.0,3.4,0.000
'260',05,09,2005,19040.0,14.3,26.8,1.509,2.9,0.0,3.5,0.000
'260',06,09,2005,14020.0,12.3,25.8,1.740,1.5,0.0,2.5,0.000
'260',07,09,2005,15150.0,13.4,25.4,1.637,1.8,0.0,2.7,0.000
'260',08,09,2005,16730.0,12.8,27.6,1.666,2.2,0.0,3.1,0.000
'260',09,09,2005,10710.0,16.3,26.6,1.969,1.7,0.4,2.0,0.033
'260',10,09,2005,14510.0,16.8,26.0,2.097,1.5,16.7,2.7,0.104
'260',11,09,2005,3700.0,16.7,19.3,1.883,2.1,4.5,0.7,0.100
'260',12,09,2005,12180.0,11.7,20.8,1.398,3.1,0.0,2.1,0.000
'260',13,09,2005,15540.0,10.5,21.2,1.333,1.0,0.0,2.6,0.000
'260',14,09,2005,4240.0,12.0,19.2,1.555,3.0,0.8,0.7,0.046
'260',15,09,2005,3700.0,10.4,18.2,1.450,2.0,17.1,0.6,0.462
'260',16,09,2005,12740.0,7.0,15.5,0.961,4.0,5.4,1.9,0.221
'260',17,09,2005,14350.0,4.8,16.2,0.937,1.5,0.0,2.1,0.000
'260',18,09,2005,14440.0,3.5,18.5,0.900,1.1,0.0,2.2,0.000
'260',19,09,2005,15820.0,4.5,19.4,0.901,1.0,0.0,2.4,0.000
'260',20,09,2005,13260.0,5.0,19.9,1.024,1.0,0.0,2.1,0.000
'260',21,09,2005,14450.0,5.8,20.9,1.062,0.9,0.0,2.3,0.000
'260',22,09,2005,14650.0,6.6,21.3,1.103,1.5,0.0,2.3,0.000
'260',23,09,2005,13400.0,6.6,22.1,1.214,2.1,0.0,2.2,0.000
'260',24,09,2005,9720.0,10.0,19.4,1.311,1.6,0.4,1.6,0.017
'260',25,09,2005,8130.0,11.9,19.9,1.378,2.9,0.1,1.4,0.004
'260',26,09,2005,7050.0,12.1,19.1,1.359,3.2,5.8,1.2,0.137
'260',27,09,2005,2780.0,12.4,16.5,1.440,3.5,0.5,0.5,0.058
'260',28,09,2005,10670.0,10.7,16.6,1.156,3.4,1.0,1.7,0.017
'260',29,09,2005,9090.0,8.7,15.2,1.107,3.8,5.1,1.4,0.167
'260',30,09,2005,4100.0,9.0,14.9,1.218,3.6,5.2,0.6,0.200
'260',01,10,2005,9350.0,8.5,16.9,1.083,3.0,4.0,1.5,0.137
'260',02,10,2005,11330.0,6.7,16.3,1.083,2.0,9.9,1.7,0.158
'260',03,10,2005,10630.0,5.0,16.7,1.040,1.8,0.0,1.6,0.000
'260',04,10,2005,10370.0,7.8,16.5,1.123,3.6,0.0,1.6,0.000
'260',05,10,2005,9870.0,9.9,19.2,1.376,2.5,0.0,1.6,0.000
'260',06,10,2005,5850.0,9.7,18.3,1.395,1.8,0.0,0.9,0.000
'260',07,10,2005,10440.0,8.5,20.1,1.314,1.7,0.0,1.7,0.000
'260',08,10,2005,6010.0,8.3,17.7,1.372,2.3,0.0,1.0,0.000
'260',09,10,2005,5230.0,11.0,17.0,1.370,1.6,0.0,0.8,0.000
'260',10,10,2005,10600.0,11.0,21.2,1.506,3.3,0.0,1.8,0.000
'260',11,10,2005,10300.0,11.3,20.4,1.414,3.3,0.0,1.7,0.000
'260',12,10,2005,9800.0,11.3,20.9,1.433,3.2,0.0,1.6,0.000
'260',13,10,2005,9760.0,11.0,20.9,1.378,2.1,0.0,1.6,0.000
'260',14,10,2005,6410.0,11.3,19.3,1.541,1.7,0.0,1.1,0.000
'260',15,10,2005,9620.0,8.7,19.2,1.235,2.8,0.0,1.5,0.000
'260',16,10,2005,9820.0,6.9,17.3,0.961,4.1,0.0,1.5,0.000
'260',17,10,2005,10590.0,4.4,13.5,0.801,4.5,0.0,1.5,0.000
'260',18,10,2005,10050.0,5.3,13.9,0.772,5.3,0.0,1.4,0.000
'260',19,10,2005,2390.0,7.7,12.6,1.024,4.2,1.9,0.3,0.058
'260',20,10,2005,7370.0,7.0,16.2,1.130,4.0,4.5,1.1,0.142
'260',21,10,2005,1880.0,6.3,16.4,1.246,3.5,6.5,0.3,0.163
'260',22,10,2005,3430.0,10.7,14.8,1.301,4.3,0.0,0.5,0.000
'260',23,10,2005,4620.0,8.3,13.7,1.146,1.8,5.8,0.7,0.062
'260',24,10,2005,750.0,9.3,15.5,1.343,4.2,19.0,0.1,0.508
'260',25,10,2005,1920.0,13.4,15.6,1.423,6.5,4.5,0.3,0.179
'260',26,10,2005,6710.0,11.1,17.6,1.372,3.8,0.0,1.1,0.000
'260',27,10,2005,7980.0,12.7,20.8,1.506,3.5,0.0,1.3,0.000
'260',28,10,2005,5260.0,13.2,19.5,1.450,3.5,0.0,0.9,0.000
'260',29,10,2005,5240.0,13.5,19.7,1.534,3.0,0.0,0.9,0.000
'260',30,10,2005,7380.0,13.8,21.1,1.487,4.0,0.0,1.3,0.000
'260',31,10,2005,5920.0,12.4,19.3,1.479,3.5,0.0,1.0,0.000
'260',01,11,2005,5620.0,6.1,16.1,1.010,4.2,0.2,0.9,0.004
'260',02,11,2005,1010.0,6.9,15.5,1.222,4.6,6.2,0.2,0.379
'260',03,11,2005,6040.0,13.6,18.7,1.420,5.5,0.0,1.0,0.000
'260',04,11,2005,2540.0,8.5,15.5,1.133,3.9,0.1,0.4,0.008
'260',05,11,2005,5190.0,6.2,12.4,0.940,3.7,0.0,0.7,0.000
'260',06,11,2005,6080.0,8.3,14.8,1.070,5.1,1.0,0.9,0.054
'260',07,11,2005,2440.0,8.3,14.5,1.164,3.5,0.8,0.4,0.046
'260',08,11,2005,5120.0,8.1,16.7,1.212,4.0,0.0,0.8,0.000
'260',09,11,2005,1600.0,2.9,11.5,0.891,2.2,0.0,0.2,0.000
'260',10,11,2005,3210.0,1.7,11.8,0.854,4.1,1.3,0.4,0.121
'260',11,11,2005,2010.0,10.7,14.3,1.283,5.3,1.1,0.3,0.129
'260',12,11,2005,2640.0,7.5,10.9,1.032,3.0,2.3,0.4,0.150
'260',13,11,2005,5210.0,1.8,13.3,0.848,1.2,0.0,0.7,0.000
'260',14,11,2005,5230.0,-0.7,10.9,0.705,2.5,0.0,0.7,0.000
'260',15,11,2005,900.0,5.4,10.8,1.029,2.9,6.8,0.1,0.329
'260',16,11,2005,3040.0,3.5,7.7,0.754,2.6,11.0,0.4,0.225
'260',17,11,2005,2910.0,1.6,8.3,0.760,1.8,4.3,0.4,0.158
'260',18,11,2005,5340.0,-1.6,9.5,0.679,1.5,0.3,0.6,0.008
'260',19,11,2005,4450.0,-2.8,9.2,0.651,1.3,0.3,0.5,0.012
'260',20,11,2005,1450.0,3.1,7.9,0.805,2.3,0.3,0.2,0.029
'260',21,11,2005,1680.0,2.3,11.2,0.929,2.6,0.1,0.2,0.012
'260',22,11,2005,1950.0,-1.0,4.6,0.588,1.4,0.0,0.2,0.000
'260',23,11,2005,830.0,2.7,4.7,0.740,0.9,1.3,0.1,0.163
'260',24,11,2005,470.0,2.2,5.8,0.762,4.0,12.7,0.1,0.354
'260',25,11,2005,70.0,0.6,4.7,0.671,6.8,42.5,0.0,0.692
'260',26,11,2005,870.0,0.9,3.0,0.676,2.8,0.9,0.1,0.071
'260',27,11,2005,1440.0,0.0,2.2,0.629,1.4,3.7,0.2,0.158
'260',28,11,2005,3100.0,-2.2,6.4,0.647,2.1,0.0,0.4,0.000
'260',29,11,2005,3630.0,0.5,6.7,0.716,2.2,0.4,0.4,0.017
'260',30,11,2005,2880.0,0.3,5.4,0.671,3.6,0.0,0.3,0.000
'260',01,12,2005,3790.0,0.4,3.0,0.553,4.8,0.0,0.4,0.000
'260',02,12,2005,1410.0,0.2,6.2,0.628,5.7,0.1,0.2,0.037
'260',03,12,2005,1020.0,5.4,8.5,0.830,5.1,1.2,0.1,0.096
'260',04,12,2005,1870.0,6.4,9.9,0.968,3.6,4.7,0.3,0.212
'260',05,12,2005,2260.0,4.7,7.6,0.889,3.3,5.3,0.3,0.133
'260',06,12,2005,1300.0,4.4,7.4,0.869,2.7,0.7,0.2,0.042
'260',07,12,2005,2220.0,3.3,9.2,0.823,2.7,3.9,0.3,0.104
'260',08,12,2005,3030.0,0.1,7.1,0.710,2.1,0.0,0.4,0.000
'260',09,12,2005,2630.0,-1.1,4.1,0.664,1.6,0.0,0.3,0.000
'260',10,12,2005,1570.0,-2.9,0.1,0.543,1.0,0.0,0.2,0.000
'260',11,12,2005,450.0,0.1,5.4,0.672,1.8,0.0,0.1,0.000
'260',12,12,2005,2400.0,2.7,9.0,0.796,2.5,0.0,0.3,0.000
'260',13,12,2005,1070.0,5.2,8.3,0.820,2.0,0.0,0.1,0.000
'260',14,12,2005,3040.0,4.3,9.1,0.848,2.3,1.2,0.4,0.108
'260',15,12,2005,1660.0,6.2,10.1,0.886,3.8,0.6,0.2,0.054
'260',16,12,2005,1560.0,1.6,9.8,0.707,5.3,13.6,0.2,0.396
'260',17,12,2005,1450.0,-0.9,4.1,0.539,3.3,2.1,0.2,0.083
'260',18,12,2005,2620.0,-1.2,4.7,0.620,2.6,1.8,0.3,0.025
'260',19,12,2005,2610.0,1.0,8.7,0.755,3.2,2.1,0.3,0.192
'260',20,12,2005,750.0,3.1,5.7,0.772,2.7,0.0,0.1,0.000
'260',21,12,2005,1060.0,3.7,6.4,0.841,3.6,1.5,0.1,0.171
'260',22,12,2005,1730.0,4.6,8.6,0.927,2.5,1.8,0.2,0.188
'260',23,12,2005,1080.0,6.8,8.8,0.961,3.1,0.0,0.1,0.000
'260',24,12,2005,1840.0,2.6,9.0,0.862,2.3,0.0,0.2,0.000
'260',25,12,2005,3780.0,1.8,7.2,0.693,2.2,0.1,0.5,0.017
'260',26,12,2005,2670.0,-2.2,6.6,0.628,2.4,2.5,0.3,0.083
'260',27,12,2005,2150.0,-2.7,-0.2,0.457,4.0,0.1,0.2,0.012
'260',28,12,2005,3480.0,-4.4,1.0,0.413,3.3,0.0,0.3,0.000
'260',29,12,2005,3930.0,-6.4,1.5,0.470,2.5,0.0,0.4,0.000
'260',30,12,2005,1770.0,-3.1,0.4,0.448,5.4,11.1,0.2,0.325
'260',31,12,2005,970.0,0.4,6.2,0.751,4.7,2.1,0.1,0.129
