* Source of data    : Royal Netherlands Meterological Institute (www.knmi.nl)
* File content      : Meteo from www.knmi.nl; input file for Swap 3.2 (www.swap.alterra.nl)
* File generated by : Alterra - Wageningen-UR (www.alterra.wur.nl)
* File generated at : 2017-02-27 11:38:43
Station,DD,MM,YYYY,Rad,Tmin,Tmax,Hum,Wind,Rain,ETref,Wet
'260',01,01,2006,810.0,2.3,5.3,0.762,2.4,0.0,0.1,0.000
'260',02,01,2006,2080.0,-3.5,5.6,0.586,1.3,0.0,0.2,0.000
'260',03,01,2006,3790.0,-4.5,4.5,0.551,1.6,0.0,0.4,0.000
'260',04,01,2006,1750.0,-0.5,3.8,0.615,2.9,0.0,0.2,0.000
'260',05,01,2006,580.0,-1.3,1.9,0.536,4.6,0.0,0.1,0.000
'260',06,01,2006,1240.0,1.4,2.6,0.628,3.8,0.0,0.1,0.000
'260',07,01,2006,3200.0,1.1,4.0,0.641,3.4,0.0,0.4,0.000
'260',08,01,2006,1020.0,-0.4,3.9,0.618,3.2,0.0,0.1,0.000
'260',09,01,2006,3890.0,-2.7,2.8,0.540,2.3,0.0,0.4,0.000
'260',10,01,2006,2090.0,-1.4,4.9,0.661,3.9,0.0,0.2,0.000
'260',11,01,2006,280.0,1.3,5.3,0.754,4.4,4.7,0.0,0.300
'260',12,01,2006,930.0,-0.8,4.3,0.658,2.5,0.0,0.1,0.000
'260',13,01,2006,3700.0,-1.0,3.9,0.609,3.4,0.0,0.4,0.000
'260',14,01,2006,4110.0,-1.4,4.6,0.590,3.5,0.0,0.5,0.000
'260',15,01,2006,4360.0,-3.4,1.2,0.471,3.2,0.0,0.4,0.000
'260',16,01,2006,3380.0,-3.7,4.1,0.522,4.2,0.7,0.4,0.062
'260',17,01,2006,480.0,4.1,6.8,0.845,3.9,4.9,0.1,0.196
'260',18,01,2006,2630.0,-1.5,8.2,0.730,1.8,0.1,0.3,0.017
'260',19,01,2006,870.0,-1.3,9.0,0.829,3.0,1.3,0.1,0.129
'260',20,01,2006,740.0,5.0,9.8,0.875,5.2,2.5,0.1,0.092
'260',21,01,2006,2350.0,3.0,8.2,0.766,4.1,0.4,0.3,0.017
'260',22,01,2006,1220.0,-2.6,3.0,0.525,3.0,0.0,0.1,0.000
'260',23,01,2006,5310.0,-5.3,0.3,0.346,3.4,0.0,0.5,0.000
'260',24,01,2006,4670.0,-4.3,1.6,0.364,2.4,0.0,0.5,0.000
'260',25,01,2006,3080.0,-7.0,6.1,0.540,3.6,0.5,0.3,0.079
'260',26,01,2006,1560.0,0.3,2.2,0.527,5.3,0.0,0.2,0.000
'260',27,01,2006,1270.0,-6.0,0.7,0.355,3.1,0.0,0.1,0.000
'260',28,01,2006,5820.0,-6.6,2.0,0.314,3.8,0.0,0.6,0.000
'260',29,01,2006,6280.0,-5.7,4.6,0.357,3.8,0.0,0.7,0.000
'260',30,01,2006,3200.0,1.6,4.9,0.651,3.0,0.0,0.4,0.000
'260',31,01,2006,5130.0,-3.0,3.7,0.545,2.6,0.0,0.6,0.000
'260',01,02,2006,3050.0,-4.5,-1.8,0.476,1.4,0.0,0.3,0.000
'260',02,02,2006,800.0,-3.5,-1.0,0.508,1.3,0.0,0.1,0.000
'260',03,02,2006,1250.0,-1.9,4.5,0.618,1.6,0.0,0.1,0.000
'260',04,02,2006,2530.0,1.8,7.9,0.779,2.4,0.0,0.3,0.000
'260',05,02,2006,790.0,1.1,6.4,0.768,2.0,1.1,0.1,0.071
'260',06,02,2006,1200.0,3.2,6.2,0.787,2.7,0.3,0.1,0.067
'260',07,02,2006,1770.0,5.3,8.6,0.863,4.7,0.3,0.2,0.067
'260',08,02,2006,3980.0,2.9,7.3,0.769,5.4,13.4,0.5,0.267
'260',09,02,2006,5330.0,1.4,6.3,0.657,5.5,1.2,0.6,0.050
'260',10,02,2006,1170.0,1.4,4.4,0.641,2.8,0.4,0.1,0.033
'260',11,02,2006,2670.0,-1.1,5.0,0.600,1.2,0.0,0.3,0.000
'260',12,02,2006,1460.0,-0.9,2.1,0.578,3.3,5.0,0.2,0.413
'260',13,02,2006,2970.0,1.1,3.9,0.660,3.8,0.0,0.3,0.000
'260',14,02,2006,3440.0,2.9,8.7,0.826,4.0,0.4,0.4,0.058
'260',15,02,2006,2510.0,4.8,10.5,0.948,5.4,13.9,0.3,0.292
'260',16,02,2006,3260.0,4.6,9.8,0.923,3.8,4.6,0.4,0.171
'260',17,02,2006,1140.0,3.2,6.9,0.816,4.3,5.3,0.1,0.221
'260',18,02,2006,4220.0,0.9,7.0,0.737,2.4,0.3,0.5,0.029
'260',19,02,2006,5570.0,0.8,8.8,0.765,3.5,0.0,0.7,0.000
'260',20,02,2006,1730.0,2.5,4.3,0.664,5.8,0.0,0.2,0.000
'260',21,02,2006,1960.0,1.9,3.6,0.653,5.3,1.4,0.2,0.242
'260',22,02,2006,1260.0,0.3,3.2,0.547,5.1,0.0,0.1,0.000
'260',23,02,2006,6540.0,-1.8,3.4,0.448,2.6,0.0,0.7,0.000
'260',24,02,2006,9520.0,-2.7,5.3,0.432,5.6,0.0,1.0,0.000
'260',25,02,2006,10910.0,-1.8,3.8,0.460,5.7,0.0,1.2,0.000
'260',26,02,2006,8130.0,-2.2,5.1,0.471,3.8,0.0,0.9,0.000
'260',27,02,2006,4520.0,-1.1,6.1,0.567,2.5,4.0,0.5,0.263
'260',28,02,2006,5360.0,-0.7,5.5,0.631,3.3,7.2,0.6,0.388
'260',01,03,2006,5930.0,-1.3,3.7,0.552,4.3,5.3,0.6,0.242
'260',02,03,2006,10030.0,-2.5,5.0,0.568,4.3,3.3,1.1,0.092
'260',03,03,2006,6460.0,-6.4,3.3,0.472,1.2,1.5,0.6,0.071
'260',04,03,2006,9580.0,-7.3,4.6,0.456,2.8,1.4,1.0,0.050
'260',05,03,2006,9520.0,-4.0,5.8,0.566,3.7,2.1,1.1,0.071
'260',06,03,2006,11030.0,-0.4,6.3,0.607,3.4,5.5,1.3,0.142
'260',07,03,2006,9190.0,-2.5,7.0,0.537,2.6,0.0,1.1,0.000
'260',08,03,2006,1310.0,1.7,7.3,0.724,3.5,19.0,0.2,0.571
'260',09,03,2006,3090.0,3.9,7.6,0.900,2.3,5.9,0.4,0.246
'260',10,03,2006,3410.0,3.3,6.8,0.808,3.9,6.7,0.4,0.267
'260',11,03,2006,5070.0,-4.0,3.8,0.484,4.4,0.2,0.5,0.012
'260',12,03,2006,13830.0,-6.6,1.8,0.348,1.8,0.0,1.3,0.000
'260',13,03,2006,14490.0,-6.5,3.1,0.345,3.0,0.0,1.4,0.000
'260',14,03,2006,11320.0,-3.7,5.2,0.411,3.2,0.0,1.2,0.000
'260',15,03,2006,14400.0,-1.8,6.2,0.450,3.7,0.0,1.6,0.000
'260',16,03,2006,2680.0,-1.1,2.6,0.482,4.3,0.0,0.3,0.000
'260',17,03,2006,4090.0,-0.6,3.1,0.534,4.3,0.0,0.4,0.000
'260',18,03,2006,12870.0,-1.9,5.5,0.574,4.0,0.0,1.4,0.000
'260',19,03,2006,5630.0,-2.4,6.1,0.637,2.3,0.0,0.7,0.000
'260',20,03,2006,11180.0,0.9,8.3,0.642,2.9,0.0,1.4,0.000
'260',21,03,2006,12470.0,-1.9,7.0,0.480,3.7,0.0,1.5,0.000
'260',22,03,2006,11960.0,-4.2,6.3,0.425,2.3,0.0,1.3,0.000
'260',23,03,2006,17220.0,-3.6,9.5,0.398,3.9,0.0,2.1,0.000
'260',24,03,2006,5930.0,2.0,9.7,0.649,4.3,1.5,0.8,0.092
'260',25,03,2006,8850.0,7.9,14.3,0.981,4.2,8.6,1.3,0.179
'260',26,03,2006,10640.0,11.8,16.8,1.352,5.5,19.3,1.7,0.425
'260',27,03,2006,7480.0,10.4,18.0,1.332,5.9,6.2,1.2,0.033
'260',28,03,2006,12530.0,7.9,13.8,0.913,6.9,0.1,1.9,0.012
'260',29,03,2006,13090.0,6.8,12.0,0.879,4.1,4.8,1.8,0.221
'260',30,03,2006,8080.0,7.3,15.3,1.141,6.4,11.3,1.2,0.283
'260',31,03,2006,8860.0,9.9,14.7,1.102,6.8,1.6,1.4,0.104
'260',01,04,2006,12510.0,6.9,14.9,0.948,5.2,0.1,1.9,0.008
'260',02,04,2006,10440.0,6.4,12.9,0.930,5.7,5.3,1.5,0.225
'260',03,04,2006,11220.0,4.8,10.6,0.783,4.3,2.2,1.5,0.125
'260',04,04,2006,14110.0,2.1,9.0,0.649,3.4,1.0,1.8,0.042
'260',05,04,2006,16660.0,-0.8,8.6,0.537,3.0,0.0,2.1,0.000
'260',06,04,2006,13550.0,0.6,11.2,0.526,4.4,0.0,1.8,0.000
'260',07,04,2006,13530.0,4.1,11.6,0.681,3.8,0.7,1.9,0.046
'260',08,04,2006,10700.0,5.1,10.3,0.668,5.3,4.0,1.5,0.058
'260',09,04,2006,19900.0,2.1,10.6,0.673,3.3,0.0,2.6,0.000
'260',10,04,2006,17040.0,0.7,10.4,0.652,3.1,0.0,2.2,0.000
'260',11,04,2006,11050.0,-1.8,10.1,0.555,4.5,2.4,1.4,0.233
'260',12,04,2006,11520.0,4.8,11.7,0.850,4.1,1.7,1.6,0.100
'260',13,04,2006,7300.0,7.4,13.6,1.037,4.8,7.9,1.1,0.188
'260',14,04,2006,14700.0,2.3,12.6,0.773,3.1,0.0,2.1,0.000
'260',15,04,2006,8990.0,-0.1,12.9,0.772,3.2,3.9,1.3,0.183
'260',16,04,2006,15450.0,9.1,14.9,1.146,3.3,4.9,2.3,0.208
'260',17,04,2006,18830.0,8.6,14.2,0.952,3.8,1.0,2.8,0.075
'260',18,04,2006,10980.0,6.2,13.6,0.897,3.1,0.1,1.6,0.008
'260',19,04,2006,10310.0,6.4,14.9,0.964,3.9,0.0,1.5,0.000
'260',20,04,2006,13260.0,6.6,16.5,0.941,2.7,0.0,2.0,0.000
'260',21,04,2006,13590.0,9.2,18.9,0.989,2.0,0.0,2.2,0.000
'260',22,04,2006,4110.0,3.9,9.8,0.872,2.4,0.0,0.6,0.000
'260',23,04,2006,12400.0,2.5,14.2,0.868,1.6,0.7,1.8,0.117
'260',24,04,2006,17470.0,8.8,18.8,1.109,2.0,0.0,2.7,0.000
'260',25,04,2006,19350.0,7.9,21.8,1.104,2.3,0.0,3.1,0.000
'260',26,04,2006,11200.0,7.4,17.0,1.096,2.4,1.9,1.8,0.054
'260',27,04,2006,19790.0,6.5,16.4,1.016,3.0,0.0,3.0,0.000
'260',28,04,2006,16570.0,4.1,12.4,0.827,3.8,0.0,2.3,0.000
'260',29,04,2006,15450.0,3.7,11.4,0.759,3.5,0.5,2.1,0.021
'260',30,04,2006,16060.0,2.9,11.5,0.659,1.6,1.5,2.1,0.046
'260',01,05,2006,7730.0,3.2,10.5,0.882,4.2,3.7,1.1,0.333
'260',02,05,2006,20390.0,3.4,18.4,0.972,3.0,0.0,3.2,0.000
'260',03,05,2006,20490.0,11.8,24.6,1.370,3.0,0.0,3.6,0.000
'260',04,05,2006,20780.0,12.3,26.3,1.171,3.8,0.0,3.8,0.000
'260',05,05,2006,21010.0,12.7,25.3,1.319,2.8,0.0,3.8,0.000
'260',06,05,2006,21980.0,11.2,24.1,1.034,3.4,0.0,3.9,0.000
'260',07,05,2006,18500.0,11.5,24.2,0.833,5.0,0.0,3.3,0.000
'260',08,05,2006,20430.0,12.9,25.0,1.003,5.3,0.0,3.6,0.000
'260',09,05,2006,22230.0,12.5,25.0,0.970,3.8,0.0,4.0,0.000
'260',10,05,2006,25280.0,9.8,25.4,0.827,2.4,0.0,4.4,0.000
'260',11,05,2006,25100.0,8.7,25.8,0.871,2.2,0.0,4.5,0.000
'260',12,05,2006,23490.0,8.3,24.4,1.008,1.8,0.0,4.1,0.000
'260',13,05,2006,20870.0,9.1,21.9,1.203,2.3,0.0,3.5,0.000
'260',14,05,2006,22240.0,9.2,17.7,0.976,2.8,0.0,3.5,0.000
'260',15,05,2006,14940.0,8.0,21.5,1.087,3.4,0.4,2.5,0.046
'260',16,05,2006,11570.0,12.6,18.4,1.384,2.9,0.2,1.9,0.017
'260',17,05,2006,17330.0,10.3,21.2,1.338,2.5,1.7,2.9,0.175
'260',18,05,2006,13690.0,12.0,18.8,1.277,4.5,10.2,2.3,0.142
'260',19,05,2006,6160.0,10.4,14.7,1.210,6.8,7.6,1.0,0.254
'260',20,05,2006,9660.0,11.1,15.5,1.213,5.6,10.6,1.5,0.304
'260',21,05,2006,10420.0,10.6,17.6,1.297,3.8,5.8,1.7,0.267
'260',22,05,2006,14630.0,12.1,20.3,1.333,6.3,5.4,2.4,0.071
'260',23,05,2006,14680.0,8.0,14.1,0.906,4.0,3.8,2.2,0.333
'260',24,05,2006,13590.0,7.5,14.4,1.061,5.3,8.9,2.0,0.154
'260',25,05,2006,8900.0,5.5,14.3,1.014,2.9,3.8,1.3,0.163
'260',26,05,2006,4520.0,5.4,14.6,1.187,3.1,15.4,0.7,0.392
'260',27,05,2006,4240.0,12.9,15.4,1.514,3.5,4.5,0.7,0.258
'260',28,05,2006,17910.0,11.7,15.1,1.180,4.0,2.5,2.8,0.033
'260',29,05,2006,20410.0,7.3,15.0,0.926,3.5,3.0,3.1,0.067
'260',30,05,2006,19910.0,5.2,13.1,0.891,3.4,2.4,2.8,0.050
'260',31,05,2006,8550.0,7.1,12.0,0.939,3.7,0.3,1.3,0.021
'260',01,06,2006,13860.0,8.1,13.3,0.805,3.6,0.4,2.0,0.042
'260',02,06,2006,25860.0,5.8,18.0,0.918,2.1,0.0,4.0,0.000
'260',03,06,2006,16950.0,9.5,20.4,1.253,2.6,0.0,2.7,0.000
'260',04,06,2006,22650.0,7.9,17.6,0.982,2.6,0.0,3.5,0.000
'260',05,06,2006,20610.0,6.4,15.0,0.894,3.0,0.0,3.1,0.000
'260',06,06,2006,24830.0,6.9,17.9,1.042,2.5,0.0,3.9,0.000
'260',07,06,2006,23230.0,5.3,20.3,0.917,1.5,0.0,3.7,0.000
'260',08,06,2006,28660.0,7.0,23.4,0.956,1.9,0.0,4.9,0.000
'260',09,06,2006,27090.0,9.4,25.6,1.251,2.3,0.0,4.9,0.000
'260',10,06,2006,28390.0,12.5,28.0,1.227,2.8,0.0,5.3,0.000
'260',11,06,2006,29390.0,14.2,30.0,1.276,3.2,0.0,5.6,0.000
'260',12,06,2006,29780.0,15.4,29.8,1.336,3.3,0.0,5.7,0.000
'260',13,06,2006,26680.0,14.2,31.5,1.569,1.9,0.0,5.2,0.000
'260',14,06,2006,8250.0,13.0,20.2,1.544,3.2,4.8,1.4,0.342
'260',15,06,2006,3910.0,10.8,14.9,1.327,2.5,0.2,0.6,0.037
'260',16,06,2006,23560.0,11.0,18.1,0.994,2.3,0.0,3.8,0.000
'260',17,06,2006,29010.0,10.8,23.6,1.099,1.7,0.0,5.0,0.000
'260',18,06,2006,22740.0,11.3,29.0,1.417,2.1,0.0,4.2,0.000
'260',19,06,2006,19880.0,14.4,23.4,1.493,3.3,0.6,3.6,0.025
'260',20,06,2006,19000.0,14.1,22.2,1.516,3.9,0.0,3.4,0.000
'260',21,06,2006,6460.0,12.5,19.7,1.459,5.0,1.2,1.1,0.092
'260',22,06,2006,11270.0,12.1,18.4,1.119,4.5,0.1,1.9,0.004
'260',23,06,2006,14120.0,10.8,19.7,1.189,2.0,0.0,2.4,0.000
'260',24,06,2006,23970.0,10.8,25.5,1.297,1.9,0.0,4.2,0.000
'260',25,06,2006,7530.0,12.7,22.2,1.543,2.8,10.5,1.3,0.121
'260',26,06,2006,4490.0,12.8,18.7,1.641,3.5,0.2,0.8,0.029
'260',27,06,2006,13510.0,10.4,18.0,1.231,2.2,0.0,2.2,0.000
'260',28,06,2006,24890.0,8.1,20.5,1.113,2.3,0.0,4.1,0.000
'260',29,06,2006,28020.0,10.2,23.2,1.232,2.7,0.0,4.8,0.000
'260',30,06,2006,24810.0,11.6,26.9,1.454,1.9,0.0,4.5,0.000
'260',01,07,2006,27990.0,13.0,29.7,1.339,2.7,0.0,5.3,0.000
'260',02,07,2006,27230.0,15.6,30.1,1.406,3.2,0.0,5.3,0.000
'260',03,07,2006,29130.0,15.7,30.1,1.181,3.1,0.0,5.6,0.000
'260',04,07,2006,26780.0,14.3,32.0,1.463,1.8,0.0,5.3,0.000
'260',05,07,2006,17670.0,18.1,29.6,1.878,2.3,0.2,3.4,0.012
'260',06,07,2006,22970.0,18.7,28.3,1.948,2.2,0.5,4.4,0.079
'260',07,07,2006,13110.0,17.3,24.4,1.902,2.7,0.1,2.4,0.008
'260',08,07,2006,17160.0,15.0,24.3,1.414,2.5,0.0,3.1,0.000
'260',09,07,2006,14690.0,15.8,26.2,1.504,4.3,0.1,2.7,0.012
'260',10,07,2006,22090.0,14.4,26.4,1.570,2.4,0.0,4.1,0.000
'260',11,07,2006,13750.0,12.1,22.9,1.551,2.0,6.2,2.5,0.096
'260',12,07,2006,28080.0,9.9,25.1,1.311,2.0,0.0,5.0,0.000
'260',13,07,2006,27220.0,10.9,26.9,1.237,3.2,0.0,4.9,0.000
'260',14,07,2006,28170.0,12.6,22.7,1.234,4.8,0.0,4.9,0.000
'260',15,07,2006,28450.0,8.5,26.9,1.116,3.5,0.0,5.1,0.000
'260',16,07,2006,27960.0,15.3,30.2,1.296,3.1,0.0,5.4,0.000
'260',17,07,2006,27510.0,14.6,32.0,1.405,2.3,0.0,5.4,0.000
'260',18,07,2006,26730.0,14.0,33.2,1.470,2.4,0.0,5.3,0.000
'260',19,07,2006,26700.0,17.4,35.7,1.340,2.0,0.0,5.4,0.000
'260',20,07,2006,22080.0,19.6,29.9,1.835,3.3,0.0,4.4,0.000
'260',21,07,2006,25560.0,17.5,30.2,1.754,2.3,0.0,5.0,0.000
'260',22,07,2006,15140.0,17.5,31.2,2.028,2.3,0.4,2.9,0.025
'260',23,07,2006,17890.0,16.5,28.4,2.090,2.1,0.0,3.4,0.000
'260',24,07,2006,20570.0,14.4,29.2,1.773,1.6,0.0,3.9,0.000
'260',25,07,2006,23470.0,17.2,31.6,1.842,3.0,0.0,4.6,0.000
'260',26,07,2006,23190.0,18.8,32.7,1.913,2.5,0.0,4.6,0.000
'260',27,07,2006,10810.0,17.3,28.7,2.050,1.4,0.0,2.1,0.000
'260',28,07,2006,15420.0,16.3,28.1,1.944,1.7,1.1,2.9,0.046
'260',29,07,2006,18470.0,15.9,29.1,1.861,1.8,0.0,3.4,0.000
'260',30,07,2006,10930.0,13.5,28.7,1.770,2.6,6.4,2.0,0.096
'260',31,07,2006,17560.0,12.6,24.6,1.534,2.9,0.0,3.1,0.000
'260',01,08,2006,10350.0,14.1,20.9,1.596,4.0,14.8,1.8,0.050
'260',02,08,2006,10060.0,13.5,18.9,1.569,3.6,14.9,1.7,0.308
'260',03,08,2006,9760.0,12.4,19.4,1.535,1.9,7.9,1.7,0.212
'260',04,08,2006,15490.0,16.8,22.5,1.845,4.5,8.4,2.8,0.117
'260',05,08,2006,22350.0,16.2,25.5,1.774,3.5,0.0,4.1,0.000
'260',06,08,2006,23590.0,14.9,25.4,1.698,3.3,0.0,4.3,0.000
'260',07,08,2006,14710.0,12.8,24.8,1.772,2.7,0.3,2.6,0.050
'260',08,08,2006,11240.0,12.2,19.7,1.394,2.8,0.0,1.9,0.000
'260',09,08,2006,7190.0,9.6,19.3,1.357,2.4,3.1,1.2,0.096
'260',10,08,2006,8970.0,10.9,16.8,1.373,2.5,4.2,1.5,0.129
'260',11,08,2006,6680.0,10.3,15.8,1.416,1.7,25.2,1.1,0.346
'260',12,08,2006,9820.0,11.1,18.3,1.492,1.3,7.3,1.6,0.267
'260',13,08,2006,20540.0,8.1,20.8,1.166,2.5,0.0,3.4,0.000
'260',14,08,2006,7060.0,12.6,20.5,1.730,3.3,14.7,1.2,0.246
'260',15,08,2006,8980.0,13.8,20.6,1.679,3.1,0.0,1.5,0.000
'260',16,08,2006,19270.0,12.6,23.8,1.614,1.9,4.0,3.3,0.042
'260',17,08,2006,12740.0,13.8,22.9,1.822,2.4,0.0,2.3,0.000
'260',18,08,2006,12010.0,16.5,23.3,1.754,3.4,5.7,2.1,0.142
'260',19,08,2006,17990.0,14.9,25.1,1.730,3.2,3.2,3.2,0.100
'260',20,08,2006,7940.0,14.3,19.4,1.753,3.4,22.4,1.4,0.167
'260',21,08,2006,11970.0,12.9,21.3,1.580,3.1,9.0,2.0,0.146
'260',22,08,2006,14450.0,10.6,19.8,1.413,2.7,0.0,2.4,0.000
'260',23,08,2006,16910.0,9.9,22.0,1.390,1.8,0.0,2.9,0.000
'260',24,08,2006,8440.0,14.2,20.6,1.683,2.0,0.7,1.4,0.079
'260',25,08,2006,11760.0,12.3,20.2,1.686,2.2,0.3,2.0,0.025
'260',26,08,2006,9120.0,9.7,19.3,1.341,1.6,0.0,1.5,0.000
'260',27,08,2006,13390.0,10.8,20.4,1.451,2.6,4.0,2.2,0.062
'260',28,08,2006,9510.0,12.1,17.8,1.433,3.5,16.1,1.5,0.258
'260',29,08,2006,14000.0,8.2,17.7,1.192,2.9,7.0,2.2,0.104
'260',30,08,2006,10500.0,7.9,18.1,1.260,2.5,7.2,1.7,0.096
'260',31,08,2006,4650.0,8.4,19.4,1.531,3.3,0.1,0.8,0.017
'260',01,09,2006,9720.0,13.8,21.8,1.753,3.0,0.0,1.7,0.000
'260',02,09,2006,7490.0,11.9,21.0,1.642,3.8,0.3,1.3,0.021
'260',03,09,2006,4330.0,16.7,21.8,2.008,6.0,4.8,0.8,0.283
'260',04,09,2006,14360.0,12.2,21.2,1.484,3.0,0.0,2.5,0.000
'260',05,09,2006,6480.0,11.7,23.3,1.717,2.0,0.0,1.1,0.000
'260',06,09,2006,16550.0,16.6,25.7,2.001,2.2,0.0,3.1,0.000
'260',07,09,2006,13320.0,12.1,20.2,1.374,3.2,0.2,2.3,0.021
'260',08,09,2006,16510.0,9.8,19.4,1.208,2.7,0.0,2.7,0.000
'260',09,09,2006,18740.0,7.6,20.6,1.233,3.0,0.0,3.1,0.000
'260',10,09,2006,18080.0,10.1,23.8,1.349,2.5,0.0,3.1,0.000
'260',11,09,2006,16040.0,9.8,26.5,1.558,1.1,0.0,2.8,0.000
'260',12,09,2006,16500.0,11.6,27.8,1.748,1.7,0.0,3.0,0.000
'260',13,09,2006,15210.0,17.0,28.1,1.966,2.5,0.0,2.8,0.000
'260',14,09,2006,13920.0,18.3,27.7,1.867,2.6,0.0,2.6,0.000
'260',15,09,2006,15410.0,17.7,26.6,1.618,3.4,0.0,2.9,0.000
'260',16,09,2006,13890.0,15.6,27.0,1.849,1.5,0.0,2.5,0.000
'260',17,09,2006,5270.0,15.3,19.7,1.790,2.2,0.0,0.9,0.000
'260',18,09,2006,6020.0,13.9,21.6,1.642,2.0,0.7,1.0,0.012
'260',19,09,2006,6670.0,8.9,19.1,1.216,3.0,2.6,1.1,0.104
'260',20,09,2006,15450.0,9.2,21.5,1.198,2.9,0.0,2.6,0.000
'260',21,09,2006,15690.0,11.8,24.7,1.345,3.9,0.0,2.8,0.000
'260',22,09,2006,12630.0,16.5,26.3,1.530,4.0,0.0,2.3,0.000
'260',23,09,2006,5800.0,14.7,22.8,1.752,1.9,0.0,1.0,0.000
'260',24,09,2006,8340.0,16.7,24.8,1.892,2.1,0.0,1.5,0.000
'260',25,09,2006,7670.0,15.8,22.5,1.856,2.8,0.0,1.3,0.000
'260',26,09,2006,5770.0,10.9,19.7,1.477,2.6,0.0,1.0,0.000
'260',27,09,2006,11010.0,9.0,21.3,1.392,2.3,0.0,1.8,0.000
'260',28,09,2006,9160.0,13.3,21.7,1.621,2.6,0.0,1.6,0.000
'260',29,09,2006,9180.0,13.5,22.4,1.654,2.9,0.0,1.6,0.000
'260',30,09,2006,11610.0,10.3,21.7,1.309,2.3,0.0,2.0,0.000
'260',01,10,2006,6140.0,11.0,20.1,1.524,3.5,10.0,1.0,0.058
'260',02,10,2006,3590.0,12.7,16.8,1.518,5.2,22.9,0.6,0.342
'260',03,10,2006,6480.0,12.2,17.2,1.310,3.0,5.6,1.1,0.154
'260',04,10,2006,8050.0,8.9,16.9,1.256,2.3,11.5,1.3,0.229
'260',05,10,2006,9070.0,10.1,17.3,1.281,4.6,9.2,1.4,0.383
'260',06,10,2006,1530.0,14.0,16.6,1.589,6.1,9.0,0.3,0.267
'260',07,10,2006,10290.0,10.6,16.3,1.166,4.4,1.8,1.6,0.088
'260',08,10,2006,6610.0,8.5,17.3,1.190,2.8,0.0,1.0,0.000
'260',09,10,2006,8680.0,8.0,19.0,1.284,2.3,0.0,1.4,0.000
'260',10,10,2006,4810.0,10.1,18.6,1.512,2.0,0.1,0.8,0.017
'260',11,10,2006,10110.0,11.3,20.8,1.523,2.6,0.0,1.7,0.000
'260',12,10,2006,4140.0,7.5,19.7,1.495,1.7,0.0,0.7,0.000
'260',13,10,2006,7450.0,4.7,17.9,1.233,1.6,0.0,1.2,0.000
'260',14,10,2006,7180.0,9.6,16.9,1.242,3.3,0.0,1.1,0.000
'260',15,10,2006,5830.0,6.5,14.1,1.073,3.4,0.0,0.9,0.000
'260',16,10,2006,10320.0,4.7,16.7,1.032,3.1,0.0,1.5,0.000
'260',17,10,2006,9650.0,7.7,16.5,1.098,3.1,0.0,1.5,0.000
'260',18,10,2006,3850.0,10.4,16.6,1.367,2.0,1.0,0.6,0.042
'260',19,10,2006,4690.0,11.9,17.0,1.441,3.1,2.1,0.8,0.071
'260',20,10,2006,4260.0,13.1,17.1,1.440,3.9,0.1,0.7,0.017
'260',21,10,2006,5020.0,12.7,17.6,1.460,3.8,1.0,0.8,0.033
'260',22,10,2006,3640.0,11.6,16.6,1.405,4.5,6.1,0.6,0.179
'260',23,10,2006,6170.0,11.1,18.9,1.383,4.3,14.1,1.0,0.196
'260',24,10,2006,3770.0,9.2,16.0,1.295,3.8,9.3,0.6,0.121
'260',25,10,2006,3510.0,7.1,14.7,1.118,3.6,2.8,0.5,0.033
'260',26,10,2006,4940.0,13.4,22.1,1.592,4.7,0.0,0.9,0.000
'260',27,10,2006,5420.0,9.2,16.3,1.153,3.1,0.0,0.8,0.000
'260',28,10,2006,2530.0,6.5,16.6,1.277,3.4,0.6,0.4,0.083
'260',29,10,2006,5460.0,6.1,16.7,1.079,3.3,0.0,0.9,0.000
'260',30,10,2006,5040.0,5.8,16.5,1.104,3.2,0.0,0.8,0.000
'260',31,10,2006,2550.0,8.1,16.1,1.099,4.9,2.1,0.4,0.125
'260',01,11,2006,5750.0,1.3,11.3,0.654,4.3,2.5,0.8,0.096
'260',02,11,2006,4940.0,0.4,9.1,0.744,2.1,2.5,0.6,0.100
'260',03,11,2006,3740.0,0.5,10.6,0.796,1.5,0.2,0.5,0.025
'260',04,11,2006,4360.0,4.1,12.4,0.877,2.5,0.0,0.6,0.000
'260',05,11,2006,2010.0,10.0,12.8,1.101,3.1,0.0,0.3,0.000
'260',06,11,2006,3110.0,9.7,13.5,1.112,2.6,0.0,0.5,0.000
'260',07,11,2006,1800.0,1.4,10.1,0.860,2.3,0.0,0.2,0.000
'260',08,11,2006,1890.0,1.6,13.5,0.994,4.0,7.1,0.3,0.196
'260',09,11,2006,5400.0,3.8,12.7,0.811,3.0,0.2,0.8,0.025
'260',10,11,2006,4140.0,1.2,11.1,0.822,2.5,0.0,0.5,0.000
'260',11,11,2006,2590.0,6.2,12.2,0.936,5.0,22.5,0.4,0.421
'260',12,11,2006,2960.0,5.7,9.9,0.844,3.3,5.3,0.4,0.175
'260',13,11,2006,1760.0,7.3,14.9,1.131,4.6,4.6,0.3,0.238
'260',14,11,2006,2470.0,10.0,13.8,1.203,4.2,3.8,0.4,0.117
'260',15,11,2006,2580.0,10.3,15.7,1.326,4.1,0.4,0.4,0.021
'260',16,11,2006,2150.0,11.0,16.6,1.272,4.9,4.7,0.3,0.375
'260',17,11,2006,4460.0,9.3,13.2,1.088,3.7,0.0,0.7,0.000
'260',18,11,2006,3600.0,3.4,11.2,0.816,3.6,1.1,0.5,0.104
'260',19,11,2006,1290.0,2.6,7.4,0.817,2.5,2.2,0.2,0.163
'260',20,11,2006,330.0,4.9,9.6,0.896,5.8,8.7,0.0,0.483
'260',21,11,2006,2390.0,1.9,9.6,0.836,3.3,5.1,0.3,0.204
'260',22,11,2006,2530.0,3.4,9.2,0.853,4.9,8.2,0.3,0.250
'260',23,11,2006,790.0,7.8,13.5,1.137,5.5,8.8,0.1,0.325
'260',24,11,2006,3320.0,7.4,13.3,1.105,4.5,0.3,0.5,0.029
'260',25,11,2006,1160.0,9.9,17.2,1.183,6.0,4.3,0.2,0.212
'260',26,11,2006,3090.0,7.4,13.2,1.065,3.6,0.0,0.5,0.000
'260',27,11,2006,3370.0,6.5,14.5,1.102,3.5,0.0,0.5,0.000
'260',28,11,2006,2640.0,8.7,14.8,1.177,3.8,0.0,0.4,0.000
'260',29,11,2006,4110.0,6.1,11.9,1.007,3.2,0.0,0.6,0.000
'260',30,11,2006,1610.0,4.5,6.9,0.870,3.6,0.0,0.2,0.000
'260',01,12,2006,2010.0,6.3,10.1,0.890,4.8,0.1,0.3,0.008
'260',02,12,2006,730.0,7.3,11.3,1.000,4.0,0.9,0.1,0.088
'260',03,12,2006,980.0,6.9,11.2,0.978,6.7,13.2,0.1,0.217
'260',04,12,2006,2190.0,7.3,13.3,1.074,6.4,3.7,0.3,0.217
'260',05,12,2006,840.0,10.8,15.0,1.225,7.3,4.7,0.1,0.150
'260',06,12,2006,1090.0,6.7,11.3,0.938,6.3,0.2,0.2,0.008
'260',07,12,2006,300.0,5.9,10.5,0.887,7.7,15.6,0.0,0.346
'260',08,12,2006,630.0,7.6,11.7,0.996,5.0,8.8,0.1,0.400
'260',09,12,2006,3850.0,0.6,9.9,0.724,2.5,0.2,0.5,0.021
'260',10,12,2006,3620.0,-0.7,7.7,0.694,3.8,0.0,0.4,0.000
'260',11,12,2006,220.0,5.0,9.5,0.906,6.1,5.1,0.0,0.433
'260',12,12,2006,3730.0,3.2,9.7,0.830,5.2,1.2,0.5,0.112
'260',13,12,2006,1160.0,8.5,11.8,1.061,5.9,0.5,0.2,0.017
'260',14,12,2006,2130.0,8.7,11.2,1.005,6.4,0.0,0.3,0.000
'260',15,12,2006,1150.0,4.9,8.7,0.834,5.1,0.0,0.2,0.000
'260',16,12,2006,790.0,3.0,7.4,0.770,3.3,4.7,0.1,0.279
'260',17,12,2006,2190.0,1.7,8.1,0.771,3.2,0.5,0.3,0.033
'260',18,12,2006,3540.0,-1.7,7.6,0.674,1.2,0.0,0.4,0.000
'260',19,12,2006,2940.0,-2.5,7.6,0.747,0.9,0.0,0.3,0.000
'260',20,12,2006,650.0,-3.2,5.0,0.642,1.1,0.0,0.1,0.000
'260',21,12,2006,510.0,4.8,7.9,0.867,1.1,0.0,0.1,0.000
'260',22,12,2006,1760.0,5.0,8.3,0.792,1.3,0.0,0.2,0.000
'260',23,12,2006,720.0,1.9,5.5,0.686,2.9,0.0,0.1,0.000
'260',24,12,2006,700.0,1.3,5.0,0.722,3.0,0.0,0.1,0.000
'260',25,12,2006,700.0,4.7,6.8,0.831,2.0,0.0,0.1,0.000
'260',26,12,2006,390.0,1.2,5.9,0.728,2.3,0.0,0.0,0.000
'260',27,12,2006,260.0,-0.1,1.2,0.571,2.7,0.0,0.0,0.000
'260',28,12,2006,890.0,1.1,6.7,0.772,4.0,1.0,0.1,0.096
'260',29,12,2006,2910.0,4.1,7.8,0.736,4.5,0.2,0.4,0.050
'260',30,12,2006,610.0,7.1,11.7,0.861,7.7,8.1,0.1,0.288
'260',31,12,2006,1410.0,8.4,12.3,1.056,7.0,6.3,0.2,0.188
