* Source of data    : Royal Netherlands Meterological Institute (www.knmi.nl)
* File content      : Meteo from www.knmi.nl; input file for Swap 3.2 (www.swap.alterra.nl)
* File generated by : Alterra - Wageningen-UR (www.alterra.wur.nl)
* File generated at : 2017-02-27 11:38:43
Station,DD,MM,YYYY,Rad,Tmin,Tmax,Hum,Wind,Rain,ETref,Wet
'260',01,01,2002,2500.0,-1.4,1.2,0.575,3.6,0.0,0.3,0.000
'260',02,01,2002,1320.0,-4.1,0.0,0.522,2.0,0.0,0.1,0.000
'260',03,01,2002,5180.0,-5.3,-0.1,0.418,5.0,0.0,0.5,0.000
'260',04,01,2002,4570.0,-6.0,-0.1,0.280,4.3,0.0,0.4,0.000
'260',05,01,2002,3460.0,-5.5,1.9,0.425,2.6,0.0,0.3,0.000
'260',06,01,2002,540.0,-2.8,2.9,0.587,1.5,0.1,0.1,0.017
'260',07,01,2002,1420.0,1.3,5.0,0.741,1.0,0.0,0.2,0.000
'260',08,01,2002,1010.0,-3.0,3.2,0.577,2.3,0.0,0.1,0.000
'260',09,01,2002,4780.0,-4.1,2.6,0.533,1.8,0.0,0.5,0.000
'260',10,01,2002,2900.0,-3.0,2.0,0.540,2.5,0.0,0.3,0.000
'260',11,01,2002,680.0,0.3,4.2,0.673,3.7,1.5,0.1,0.104
'260',12,01,2002,320.0,1.8,4.4,0.721,3.1,1.6,0.0,0.208
'260',13,01,2002,4420.0,-0.4,6.7,0.639,2.9,0.0,0.5,0.000
'260',14,01,2002,900.0,1.4,4.0,0.688,3.2,0.2,0.1,0.025
'260',15,01,2002,370.0,2.9,5.3,0.778,3.3,6.5,0.0,0.479
'260',16,01,2002,4470.0,1.8,7.3,0.777,2.7,0.0,0.6,0.000
'260',17,01,2002,1350.0,3.8,6.5,0.842,4.7,2.7,0.2,0.137
'260',18,01,2002,4360.0,1.7,7.7,0.776,4.1,1.6,0.5,0.079
'260',19,01,2002,2880.0,4.2,9.4,0.874,5.8,2.5,0.4,0.137
'260',20,01,2002,530.0,3.8,10.9,0.962,7.5,10.7,0.1,0.225
'260',21,01,2002,850.0,6.9,11.9,1.125,5.9,1.2,0.1,0.092
'260',22,01,2002,1730.0,4.9,9.6,0.928,6.6,1.1,0.2,0.104
'260',23,01,2002,730.0,5.3,9.4,0.918,6.3,3.2,0.1,0.146
'260',24,01,2002,990.0,4.4,11.0,0.948,7.5,5.4,0.1,0.254
'260',25,01,2002,3440.0,1.0,9.5,0.753,4.3,2.8,0.4,0.233
'260',26,01,2002,1050.0,8.8,11.4,1.112,9.4,22.9,0.2,0.408
'260',27,01,2002,2790.0,8.4,11.6,1.084,5.2,7.2,0.4,0.329
'260',28,01,2002,3870.0,9.2,13.0,1.063,10.2,2.7,0.6,0.133
'260',29,01,2002,3730.0,7.8,11.8,0.997,7.2,0.1,0.5,0.004
'260',30,01,2002,3010.0,7.5,11.9,1.043,4.9,0.1,0.4,0.008
'260',31,01,2002,5370.0,5.6,11.8,0.870,6.3,4.1,0.8,0.117
'260',01,02,2002,1740.0,7.3,13.1,0.968,7.1,0.2,0.3,0.021
'260',02,02,2002,6930.0,8.7,15.5,0.853,6.6,0.0,1.1,0.000
'260',03,02,2002,3790.0,6.3,13.5,0.758,5.0,0.1,0.6,0.008
'260',04,02,2002,2260.0,6.3,11.9,0.908,7.8,10.1,0.3,0.308
'260',05,02,2002,1300.0,8.0,12.8,1.079,6.3,7.4,0.2,0.279
'260',06,02,2002,2360.0,5.8,8.9,0.845,5.3,4.8,0.3,0.163
'260',07,02,2002,2960.0,2.9,7.7,0.734,5.2,3.9,0.4,0.196
'260',08,02,2002,3620.0,6.7,11.7,1.047,5.4,2.0,0.5,0.167
'260',09,02,2002,1900.0,7.3,12.5,1.015,7.7,3.3,0.3,0.088
'260',10,02,2002,3620.0,7.1,9.9,0.884,6.5,3.4,0.5,0.217
'260',11,02,2002,580.0,9.4,12.3,1.183,9.8,23.3,0.1,0.604
'260',12,02,2002,5350.0,9.5,13.3,1.055,6.9,0.2,0.8,0.037
'260',13,02,2002,5120.0,3.6,10.3,0.764,2.8,0.0,0.7,0.000
'260',14,02,2002,9730.0,-0.6,5.5,0.486,5.1,0.0,1.1,0.000
'260',15,02,2002,9560.0,-2.8,5.9,0.420,3.8,0.0,1.1,0.000
'260',16,02,2002,10020.0,-2.4,8.2,0.475,3.0,0.0,1.1,0.000
'260',17,02,2002,9080.0,-5.4,7.5,0.463,1.6,0.0,1.0,0.000
'260',18,02,2002,6010.0,2.8,9.3,0.737,3.9,0.8,0.8,0.067
'260',19,02,2002,6230.0,4.2,9.6,0.768,6.5,11.8,0.8,0.375
'260',20,02,2002,6450.0,2.4,10.7,0.718,6.4,15.2,0.9,0.342
'260',21,02,2002,9010.0,0.9,6.9,0.511,4.8,1.9,1.1,0.096
'260',22,02,2002,3060.0,2.1,11.9,0.783,8.0,14.2,0.4,0.362
'260',23,02,2002,5120.0,1.0,7.3,0.586,7.3,3.2,0.6,0.096
'260',24,02,2002,7440.0,0.8,7.2,0.578,4.5,3.3,0.9,0.238
'260',25,02,2002,1680.0,3.0,10.4,0.964,4.7,11.6,0.2,0.596
'260',26,02,2002,6280.0,7.6,12.2,0.935,10.0,13.0,0.9,0.354
'260',27,02,2002,8810.0,4.5,9.7,0.681,7.9,0.4,1.2,0.042
'260',28,02,2002,5760.0,3.6,8.9,0.759,7.0,5.3,0.7,0.079
'260',01,03,2002,9390.0,-2.5,8.7,0.551,3.5,2.7,1.1,0.117
'260',02,03,2002,11700.0,-5.6,7.5,0.494,2.3,0.1,1.3,0.012
'260',03,03,2002,8670.0,-2.5,9.1,0.593,3.0,0.0,1.1,0.000
'260',04,03,2002,3680.0,6.4,10.4,0.888,2.8,0.0,0.5,0.000
'260',05,03,2002,6450.0,3.6,10.9,0.765,2.2,0.0,0.9,0.000
'260',06,03,2002,2040.0,5.2,10.3,0.935,6.5,1.1,0.3,0.112
'260',07,03,2002,11820.0,5.7,12.4,0.782,6.6,0.8,1.7,0.033
'260',08,03,2002,11580.0,1.1,13.1,0.729,3.8,0.0,1.6,0.000
'260',09,03,2002,11970.0,6.1,12.5,0.853,6.7,1.1,1.7,0.100
'260',10,03,2002,13280.0,2.6,12.0,0.653,5.9,0.0,1.8,0.000
'260',11,03,2002,12680.0,4.7,15.1,0.865,4.3,0.0,1.8,0.000
'260',12,03,2002,7220.0,3.7,14.6,0.831,1.3,0.9,1.0,0.104
'260',13,03,2002,1810.0,0.8,8.9,0.770,3.8,2.8,0.2,0.375
'260',14,03,2002,10970.0,-2.4,7.2,0.556,6.8,1.2,1.3,0.108
'260',15,03,2002,6320.0,1.9,7.6,0.712,6.6,0.0,0.8,0.000
'260',16,03,2002,13820.0,6.5,16.1,0.985,3.3,0.0,2.0,0.000
'260',17,03,2002,5410.0,6.4,14.6,1.065,3.2,4.2,0.8,0.175
'260',18,03,2002,3990.0,6.6,12.9,1.028,5.9,9.1,0.6,0.217
'260',19,03,2002,9010.0,7.5,13.5,0.964,5.5,1.0,1.3,0.088
'260',20,03,2002,8230.0,8.1,13.0,1.058,4.2,6.8,1.2,0.333
'260',21,03,2002,8500.0,7.3,14.5,1.057,3.7,1.3,1.3,0.112
'260',22,03,2002,7410.0,1.6,10.5,0.741,3.6,0.2,1.0,0.033
'260',23,03,2002,14310.0,1.4,10.1,0.636,3.0,0.0,1.8,0.000
'260',24,03,2002,12110.0,-0.9,8.3,0.586,2.5,0.0,1.4,0.000
'260',25,03,2002,14410.0,-1.0,9.4,0.524,1.5,0.0,1.8,0.000
'260',26,03,2002,9050.0,0.0,10.3,0.610,1.8,0.0,1.2,0.000
'260',27,03,2002,17710.0,-0.5,10.7,0.562,3.1,0.0,2.3,0.000
'260',28,03,2002,19090.0,-1.8,14.5,0.445,3.1,0.0,2.5,0.000
'260',29,03,2002,18620.0,0.1,14.6,0.632,3.2,0.0,2.5,0.000
'260',30,03,2002,9460.0,1.0,15.4,0.737,2.2,0.0,1.3,0.000
'260',31,03,2002,13890.0,4.3,16.7,0.818,2.8,0.0,2.0,0.000
'260',01,04,2002,15850.0,4.3,17.2,0.885,2.4,0.0,2.4,0.000
'260',02,04,2002,17600.0,7.3,20.6,0.845,4.2,0.0,2.9,0.000
'260',03,04,2002,19210.0,10.1,19.4,0.749,6.6,0.0,3.2,0.000
'260',04,04,2002,18290.0,7.4,18.3,0.692,4.6,0.0,2.8,0.000
'260',05,04,2002,20420.0,4.6,14.9,0.496,7.0,0.0,2.9,0.000
'260',06,04,2002,21170.0,0.0,11.2,0.446,5.9,0.0,2.7,0.000
'260',07,04,2002,20730.0,-1.1,13.1,0.575,3.5,0.0,2.8,0.000
'260',08,04,2002,20810.0,0.7,14.4,0.570,3.7,0.0,2.9,0.000
'260',09,04,2002,10100.0,-0.9,10.8,0.644,2.9,0.2,1.3,0.017
'260',10,04,2002,16720.0,1.7,12.7,0.571,5.6,0.0,2.2,0.000
'260',11,04,2002,12320.0,1.9,12.8,0.652,4.0,0.0,1.7,0.000
'260',12,04,2002,16430.0,-0.4,13.2,0.720,4.3,0.0,2.2,0.000
'260',13,04,2002,10550.0,0.9,10.8,0.656,4.1,0.0,1.4,0.000
'260',14,04,2002,11100.0,0.3,11.5,0.730,2.5,3.3,1.5,0.233
'260',15,04,2002,3210.0,6.2,7.7,0.886,3.2,8.3,0.4,0.729
'260',16,04,2002,4780.0,6.6,10.1,0.986,2.3,5.6,0.7,0.533
'260',17,04,2002,6410.0,3.2,11.3,0.895,1.2,2.7,0.9,0.100
'260',18,04,2002,10080.0,2.3,13.6,0.859,2.3,0.0,1.4,0.000
'260',19,04,2002,15730.0,0.0,14.0,0.728,1.9,0.0,2.1,0.000
'260',20,04,2002,11990.0,0.7,13.6,0.763,1.9,0.0,1.6,0.000
'260',21,04,2002,21450.0,0.4,17.0,0.783,1.3,0.0,3.1,0.000
'260',22,04,2002,17030.0,4.2,20.4,0.915,2.8,0.0,2.8,0.000
'260',23,04,2002,18730.0,9.1,18.2,1.148,2.8,0.0,3.0,0.000
'260',24,04,2002,17930.0,9.3,20.4,1.252,2.0,0.0,2.9,0.000
'260',25,04,2002,13840.0,5.2,17.2,1.126,2.8,0.0,2.0,0.000
'260',26,04,2002,5380.0,4.4,12.6,0.986,4.8,12.2,0.7,0.383
'260',27,04,2002,13730.0,7.0,11.8,0.849,5.1,0.1,2.0,0.008
'260',28,04,2002,7010.0,6.9,14.0,1.011,6.7,8.1,1.0,0.367
'260',29,04,2002,11460.0,5.8,12.7,0.846,7.4,2.1,1.7,0.096
'260',30,04,2002,5910.0,7.4,13.6,1.027,5.6,6.6,0.9,0.163
'260',01,05,2002,17990.0,5.5,14.6,0.886,4.4,1.8,2.7,0.117
'260',02,05,2002,8810.0,4.0,14.3,1.038,3.0,7.0,1.3,0.267
'260',03,05,2002,19550.0,5.1,14.4,0.893,3.3,0.0,2.9,0.000
'260',04,05,2002,3800.0,7.5,10.5,0.910,4.8,0.0,0.5,0.000
'260',05,05,2002,3840.0,6.2,10.2,0.945,3.7,6.4,0.5,0.537
'260',06,05,2002,14500.0,5.6,16.1,0.999,2.5,0.4,2.2,0.050
'260',07,05,2002,25100.0,8.7,18.9,1.075,2.8,0.0,4.0,0.000
'260',08,05,2002,18890.0,9.7,18.0,1.327,4.4,0.0,3.0,0.000
'260',09,05,2002,16670.0,11.8,24.5,1.631,2.9,0.0,2.9,0.000
'260',10,05,2002,7610.0,11.3,16.4,1.424,2.5,0.0,1.2,0.000
'260',11,05,2002,4210.0,10.4,14.9,1.304,2.3,0.0,0.7,0.000
'260',12,05,2002,7890.0,7.5,16.6,1.144,1.8,0.0,1.2,0.000
'260',13,05,2002,23280.0,5.9,21.9,1.121,4.2,0.0,3.9,0.000
'260',14,05,2002,12910.0,10.6,17.4,1.115,6.4,5.8,2.0,0.225
'260',15,05,2002,21160.0,8.7,20.3,1.166,3.7,0.0,3.4,0.000
'260',16,05,2002,26070.0,7.3,23.7,1.214,2.1,0.0,4.4,0.000
'260',17,05,2002,26260.0,7.5,22.9,1.201,3.5,0.0,4.5,0.000
'260',18,05,2002,9350.0,11.1,19.1,1.212,3.5,0.4,1.5,0.017
'260',19,05,2002,18980.0,9.6,20.4,1.287,3.1,0.0,3.1,0.000
'260',20,05,2002,21970.0,8.2,23.1,1.178,2.8,0.0,3.8,0.000
'260',21,05,2002,21710.0,14.2,25.5,1.374,4.5,0.0,3.9,0.000
'260',22,05,2002,4390.0,13.8,19.0,1.503,3.3,4.6,0.7,0.300
'260',23,05,2002,20710.0,9.1,20.0,1.122,2.8,0.0,3.4,0.000
'260',24,05,2002,10010.0,6.7,16.4,1.054,4.8,1.7,1.5,0.175
'260',25,05,2002,18320.0,9.2,16.8,1.082,4.5,0.5,2.9,0.021
'260',26,05,2002,12250.0,8.3,17.5,1.109,4.5,2.8,1.9,0.092
'260',27,05,2002,19370.0,7.2,19.0,1.070,2.8,0.0,3.0,0.000
'260',28,05,2002,22550.0,5.9,20.4,1.014,3.1,0.0,3.7,0.000
'260',29,05,2002,16000.0,9.6,16.7,1.111,5.0,4.0,2.5,0.088
'260',30,05,2002,17170.0,7.7,18.6,1.105,3.4,0.0,2.7,0.000
'260',31,05,2002,21840.0,5.0,17.6,0.933,3.4,0.0,3.4,0.000
'260',01,06,2002,29370.0,2.6,20.0,0.883,2.5,0.0,4.7,0.000
'260',02,06,2002,27580.0,8.1,24.5,1.059,3.9,0.0,4.8,0.000
'260',03,06,2002,17140.0,12.1,25.1,1.397,3.5,4.3,3.0,0.054
'260',04,06,2002,23690.0,11.4,24.0,1.343,3.3,0.1,4.2,0.008
'260',05,06,2002,9220.0,15.8,23.7,1.767,3.9,3.1,1.7,0.158
'260',06,06,2002,13210.0,12.8,20.5,1.408,2.9,0.0,2.3,0.000
'260',07,06,2002,13820.0,10.7,20.7,1.331,3.2,0.0,2.3,0.000
'260',08,06,2002,20870.0,10.0,22.4,1.158,1.9,0.0,3.6,0.000
'260',09,06,2002,20720.0,11.1,22.9,1.235,2.5,2.1,3.6,0.046
'260',10,06,2002,10140.0,10.1,16.2,1.351,3.9,11.2,1.6,0.258
'260',11,06,2002,19500.0,9.1,17.8,1.088,3.7,0.8,3.1,0.033
'260',12,06,2002,9820.0,10.6,19.0,1.433,3.4,20.8,1.6,0.425
'260',13,06,2002,8320.0,11.9,16.6,1.382,3.7,1.0,1.3,0.092
'260',14,06,2002,13420.0,13.9,23.6,1.737,3.3,6.6,2.4,0.108
'260',15,06,2002,16960.0,13.2,20.8,1.433,4.3,0.0,3.0,0.000
'260',16,06,2002,12770.0,11.3,22.7,1.664,2.8,2.0,2.2,0.092
'260',17,06,2002,28300.0,14.2,31.7,1.837,2.2,0.0,5.5,0.000
'260',18,06,2002,22520.0,12.4,31.1,2.130,3.4,1.6,4.2,0.046
'260',19,06,2002,23650.0,11.2,23.6,1.359,2.6,0.0,4.2,0.000
'260',20,06,2002,6140.0,10.2,18.0,1.413,3.0,26.4,1.0,0.454
'260',21,06,2002,17760.0,9.8,20.7,1.149,2.4,0.0,2.9,0.000
'260',22,06,2002,16690.0,11.6,21.7,1.445,4.1,0.8,2.9,0.075
'260',23,06,2002,23140.0,12.3,19.9,1.267,3.4,0.0,3.9,0.000
'260',24,06,2002,26010.0,8.9,20.0,1.079,2.5,0.0,4.3,0.000
'260',25,06,2002,17610.0,8.5,21.9,1.235,2.2,0.0,3.0,0.000
'260',26,06,2002,22000.0,7.5,22.7,1.220,2.8,0.0,3.7,0.000
'260',27,06,2002,21500.0,11.2,17.9,1.180,3.8,0.0,3.5,0.000
'260',28,06,2002,14470.0,10.5,16.1,1.190,4.4,4.1,2.3,0.150
'260',29,06,2002,24350.0,9.4,19.4,1.042,3.3,0.0,4.0,0.000
'260',30,06,2002,10450.0,11.2,18.9,1.350,5.3,0.0,1.8,0.000
'260',01,07,2002,3500.0,12.0,15.0,1.341,5.5,9.5,0.6,0.225
'260',02,07,2002,14010.0,12.1,18.6,1.346,5.3,2.8,2.3,0.112
'260',03,07,2002,4600.0,12.1,17.2,1.505,4.6,14.4,0.7,0.692
'260',04,07,2002,22650.0,12.3,19.4,1.378,3.9,2.7,3.8,0.121
'260',05,07,2002,11420.0,13.2,20.4,1.374,3.2,0.0,1.9,0.000
'260',06,07,2002,11760.0,11.6,19.8,1.485,2.4,0.0,2.0,0.000
'260',07,07,2002,9830.0,11.6,19.3,1.439,2.7,0.4,1.6,0.025
'260',08,07,2002,22440.0,11.0,24.3,1.535,2.7,0.0,4.0,0.000
'260',09,07,2002,13610.0,14.3,25.6,1.841,2.6,13.4,2.4,0.150
'260',10,07,2002,6290.0,10.9,17.2,1.424,2.4,3.5,1.0,0.337
'260',11,07,2002,21660.0,10.0,20.8,1.326,3.5,0.0,3.6,0.000
'260',12,07,2002,15240.0,8.5,21.5,1.243,1.8,0.0,2.6,0.000
'260',13,07,2002,10490.0,13.1,21.1,1.662,1.9,16.8,1.8,0.112
'260',14,07,2002,20590.0,15.7,23.0,1.854,3.5,0.0,3.7,0.000
'260',15,07,2002,25040.0,16.3,24.4,1.757,3.5,0.0,4.6,0.000
'260',16,07,2002,22950.0,14.4,24.9,1.708,4.1,0.0,4.2,0.000
'260',17,07,2002,23640.0,14.1,23.0,1.627,3.9,0.0,4.2,0.000
'260',18,07,2002,21770.0,9.7,20.2,1.258,4.1,0.0,3.7,0.000
'260',19,07,2002,10410.0,8.9,19.2,1.170,1.9,0.0,1.7,0.000
'260',20,07,2002,21580.0,6.9,22.6,1.168,2.2,6.4,3.6,0.075
'260',21,07,2002,14420.0,13.4,18.2,1.469,3.8,5.2,2.4,0.133
'260',22,07,2002,19420.0,12.8,20.1,1.321,3.5,0.0,3.3,0.000
'260',23,07,2002,7380.0,15.4,20.7,1.710,4.4,4.2,1.3,0.179
'260',24,07,2002,16830.0,12.0,20.0,1.379,3.1,0.1,2.9,0.004
'260',25,07,2002,17320.0,9.5,20.6,1.298,2.8,0.4,2.9,0.042
'260',26,07,2002,18710.0,14.0,24.3,1.702,3.1,1.1,3.4,0.117
'260',27,07,2002,24090.0,13.1,27.2,1.868,2.0,0.0,4.4,0.000
'260',28,07,2002,25760.0,15.7,29.7,1.854,1.8,0.0,4.9,0.000
'260',29,07,2002,24210.0,16.1,31.0,1.822,2.1,0.0,4.7,0.000
'260',30,07,2002,23880.0,16.0,33.3,1.854,2.1,15.9,4.6,0.108
'260',31,07,2002,16260.0,17.2,27.1,2.153,1.9,0.1,3.0,0.008
'260',01,08,2002,4680.0,11.3,18.9,1.567,2.4,7.2,0.8,0.212
'260',02,08,2002,24490.0,10.5,25.4,1.330,2.0,0.0,4.4,0.000
'260',03,08,2002,9150.0,13.0,19.8,1.616,1.5,14.0,1.5,0.167
'260',04,08,2002,18940.0,13.3,22.8,1.546,1.4,4.8,3.3,0.067
'260',05,08,2002,9600.0,13.3,21.3,1.648,1.3,14.3,1.6,0.167
'260',06,08,2002,12490.0,14.2,22.0,1.692,1.6,7.6,2.2,0.288
'260',07,08,2002,13790.0,14.0,22.5,1.833,1.3,24.9,2.4,0.042
'260',08,08,2002,18080.0,14.1,23.2,1.633,1.5,0.0,3.2,0.000
'260',09,08,2002,15730.0,13.3,24.5,1.679,2.4,1.7,2.8,0.037
'260',10,08,2002,13130.0,14.3,21.7,1.725,1.8,0.0,2.3,0.000
'260',11,08,2002,14430.0,15.1,22.0,1.706,2.6,0.0,2.6,0.000
'260',12,08,2002,16220.0,14.2,22.0,1.650,3.2,0.0,2.8,0.000
'260',13,08,2002,21530.0,12.3,23.6,1.546,2.3,0.0,3.8,0.000
'260',14,08,2002,13100.0,12.9,25.5,1.717,1.3,0.0,2.4,0.000
'260',15,08,2002,21420.0,13.3,28.0,1.742,1.7,0.0,4.0,0.000
'260',16,08,2002,21980.0,13.3,29.1,1.667,1.5,0.0,4.1,0.000
'260',17,08,2002,22560.0,13.5,29.0,1.644,2.0,0.0,4.2,0.000
'260',18,08,2002,21210.0,15.6,29.5,1.811,2.5,0.0,4.1,0.000
'260',19,08,2002,13710.0,17.7,27.8,2.008,1.9,1.6,2.6,0.117
'260',20,08,2002,6440.0,16.1,23.3,2.075,1.8,25.2,1.1,0.217
'260',21,08,2002,5080.0,16.2,20.7,1.916,2.5,1.5,0.9,0.154
'260',22,08,2002,7400.0,12.4,19.7,1.472,1.8,0.1,1.3,0.008
'260',23,08,2002,10790.0,11.9,21.1,1.539,1.8,0.0,1.9,0.000
'260',24,08,2002,3620.0,14.9,19.6,1.794,2.6,8.3,0.6,0.196
'260',25,08,2002,17000.0,13.0,22.3,1.575,2.1,0.1,3.0,0.017
'260',26,08,2002,18480.0,11.5,22.6,1.597,2.5,0.0,3.3,0.000
'260',27,08,2002,11460.0,17.1,23.9,2.078,3.5,0.0,2.1,0.000
'260',28,08,2002,14950.0,16.5,24.2,1.954,3.2,0.0,2.7,0.000
'260',29,08,2002,15800.0,12.6,24.2,1.659,1.4,0.0,2.8,0.000
'260',30,08,2002,7530.0,12.4,22.9,1.753,2.5,0.0,1.3,0.000
'260',31,08,2002,9760.0,11.9,20.2,1.455,3.1,0.8,1.7,0.025
'260',01,09,2002,14840.0,9.4,20.6,1.142,2.4,0.0,2.5,0.000
'260',02,09,2002,18830.0,9.1,22.3,1.274,3.4,0.0,3.2,0.000
'260',03,09,2002,18060.0,9.4,23.1,1.188,3.5,1.1,3.1,0.021
'260',04,09,2002,17650.0,7.7,23.4,1.163,1.3,0.0,2.9,0.000
'260',05,09,2002,16740.0,6.6,23.6,1.206,1.9,0.0,2.8,0.000
'260',06,09,2002,8690.0,12.2,21.8,1.616,3.7,0.0,1.5,0.000
'260',07,09,2002,9900.0,14.6,22.0,1.652,3.4,12.2,1.7,0.121
'260',08,09,2002,9790.0,12.2,24.2,1.542,2.4,6.6,1.7,0.088
'260',09,09,2002,11810.0,10.6,25.1,1.589,3.0,0.0,2.1,0.000
'260',10,09,2002,4790.0,10.8,18.5,1.442,1.2,0.0,0.8,0.000
'260',11,09,2002,8060.0,13.5,20.4,1.661,2.7,1.6,1.4,0.083
'260',12,09,2002,18800.0,11.0,23.1,1.407,3.7,0.0,3.3,0.000
'260',13,09,2002,17200.0,9.5,22.7,1.370,2.5,0.0,2.9,0.000
'260',14,09,2002,7060.0,14.2,20.0,1.607,2.7,0.0,1.2,0.000
'260',15,09,2002,16630.0,8.8,20.6,1.132,2.5,0.0,2.8,0.000
'260',16,09,2002,11050.0,6.8,19.9,1.117,1.9,0.0,1.8,0.000
'260',17,09,2002,5020.0,8.9,17.9,1.353,1.3,0.0,0.8,0.000
'260',18,09,2002,6050.0,12.2,17.4,1.378,1.3,0.0,1.0,0.000
'260',19,09,2002,5230.0,12.8,17.7,1.333,1.5,0.0,0.9,0.000
'260',20,09,2002,9390.0,9.2,18.7,1.184,1.4,0.0,1.5,0.000
'260',21,09,2002,6130.0,10.3,16.8,1.316,1.6,0.3,1.0,0.008
'260',22,09,2002,13290.0,10.6,17.5,1.250,3.4,3.8,2.1,0.042
'260',23,09,2002,14630.0,7.8,16.5,0.941,4.7,0.0,2.3,0.000
'260',24,09,2002,15780.0,5.0,15.9,0.884,3.4,0.0,2.3,0.000
'260',25,09,2002,9800.0,8.0,17.5,1.170,2.5,2.3,1.6,0.042
'260',26,09,2002,6230.0,9.3,15.5,1.237,1.8,4.3,1.0,0.238
'260',27,09,2002,8400.0,6.0,18.0,1.206,1.5,0.0,1.3,0.000
'260',28,09,2002,7290.0,5.1,17.7,1.129,1.2,0.0,1.1,0.000
'260',29,09,2002,10820.0,5.4,18.8,1.058,1.6,0.0,1.6,0.000
'260',30,09,2002,14260.0,5.3,19.2,0.993,2.0,0.0,2.1,0.000
'260',01,10,2002,12200.0,4.3,21.0,1.116,1.5,0.0,1.9,0.000
'260',02,10,2002,8920.0,7.7,19.7,1.255,1.6,0.0,1.4,0.000
'260',03,10,2002,3730.0,8.3,17.9,1.459,2.5,1.4,0.6,0.150
'260',04,10,2002,9910.0,5.3,17.8,1.083,2.2,0.0,1.5,0.000
'260',05,10,2002,1930.0,6.8,15.6,1.259,3.3,12.6,0.3,0.296
'260',06,10,2002,10340.0,2.1,14.8,0.863,3.8,1.1,1.5,0.071
'260',07,10,2002,5370.0,1.2,15.3,1.048,2.0,3.1,0.8,0.150
'260',08,10,2002,13100.0,1.9,11.2,0.676,3.8,0.0,1.7,0.000
'260',09,10,2002,12740.0,3.4,13.8,0.800,5.9,0.0,1.8,0.000
'260',10,10,2002,11640.0,5.3,12.7,0.831,5.8,0.0,1.6,0.000
'260',11,10,2002,11970.0,2.8,11.2,0.646,5.0,0.0,1.6,0.000
'260',12,10,2002,4470.0,3.9,8.1,0.709,3.1,0.0,0.6,0.000
'260',13,10,2002,3070.0,5.8,9.7,0.913,3.0,0.0,0.4,0.000
'260',14,10,2002,1340.0,6.6,11.0,1.075,3.3,11.7,0.2,0.358
'260',15,10,2002,2810.0,4.4,12.3,1.008,2.7,0.0,0.4,0.000
'260',16,10,2002,4230.0,10.1,14.6,1.219,5.3,0.6,0.7,0.046
'260',17,10,2002,7140.0,6.1,13.2,0.912,2.6,1.9,1.0,0.079
'260',18,10,2002,5240.0,4.4,11.2,0.933,3.1,4.4,0.7,0.083
'260',19,10,2002,6280.0,1.8,9.9,0.771,2.5,4.3,0.8,0.104
'260',20,10,2002,7040.0,3.2,11.3,0.842,2.4,2.1,1.0,0.150
'260',21,10,2002,1820.0,6.3,14.0,1.144,3.2,1.7,0.3,0.100
'260',22,10,2002,3120.0,10.6,16.0,1.342,4.3,2.2,0.5,0.121
'260',23,10,2002,3970.0,4.6,13.9,0.920,4.6,3.7,0.6,0.054
'260',24,10,2002,7760.0,4.8,11.9,0.797,3.5,0.2,1.1,0.008
'260',25,10,2002,1910.0,9.4,13.7,1.195,5.4,9.4,0.3,0.125
'260',26,10,2002,4180.0,6.6,12.8,0.872,5.5,2.4,0.6,0.133
'260',27,10,2002,2920.0,8.2,15.8,1.111,9.1,26.0,0.4,0.550
'260',28,10,2002,8090.0,6.0,13.0,0.894,4.4,0.0,1.2,0.000
'260',29,10,2002,2260.0,5.5,10.2,0.930,2.4,0.8,0.3,0.054
'260',30,10,2002,6840.0,4.9,12.4,0.890,1.6,1.2,1.0,0.088
'260',31,10,2002,7720.0,1.1,12.6,0.765,1.4,0.0,1.0,0.000
'260',01,11,2002,1600.0,1.8,13.9,1.051,3.0,4.1,0.2,0.154
'260',02,11,2002,5150.0,10.2,15.9,1.263,3.2,2.5,0.8,0.112
'260',03,11,2002,4280.0,8.6,14.9,1.146,3.9,11.9,0.7,0.329
'260',04,11,2002,5350.0,3.4,13.9,1.005,1.5,1.2,0.8,0.042
'260',05,11,2002,4980.0,3.1,10.7,0.815,1.6,0.0,0.7,0.000
'260',06,11,2002,4990.0,4.5,12.8,0.942,4.1,13.6,0.7,0.292
'260',07,11,2002,3010.0,2.7,10.4,0.828,2.5,5.6,0.4,0.179
'260',08,11,2002,2270.0,3.9,11.8,0.973,5.0,18.7,0.3,0.408
'260',09,11,2002,4970.0,-0.3,11.8,0.753,2.5,0.1,0.7,0.004
'260',10,11,2002,2710.0,-1.1,10.0,0.810,3.0,3.4,0.3,0.296
'260',11,11,2002,4350.0,6.2,12.9,1.050,3.3,0.6,0.6,0.025
'260',12,11,2002,2580.0,7.8,11.1,1.055,4.8,0.8,0.4,0.058
'260',13,11,2002,1810.0,6.5,11.9,1.062,4.2,5.0,0.3,0.246
'260',14,11,2002,3920.0,7.1,13.2,0.957,4.9,0.2,0.6,0.029
'260',15,11,2002,3760.0,2.1,10.9,0.877,2.1,0.0,0.5,0.000
'260',16,11,2002,1540.0,3.9,8.5,0.937,2.1,0.0,0.2,0.000
'260',17,11,2002,2770.0,7.3,11.4,1.101,2.4,0.1,0.4,0.012
'260',18,11,2002,1260.0,7.0,9.0,1.018,2.0,0.0,0.2,0.000
'260',19,11,2002,1430.0,5.3,8.8,0.867,2.3,0.0,0.2,0.000
'260',20,11,2002,3980.0,2.4,8.4,0.808,3.3,0.0,0.5,0.000
'260',21,11,2002,1180.0,7.0,12.5,1.002,4.2,0.4,0.2,0.054
'260',22,11,2002,2270.0,4.6,10.6,0.927,3.0,0.0,0.3,0.000
'260',23,11,2002,4310.0,3.9,10.4,0.890,3.3,3.3,0.6,0.092
'260',24,11,2002,4950.0,3.9,11.6,0.905,2.9,0.4,0.7,0.042
'260',25,11,2002,560.0,3.6,6.0,0.831,2.5,5.9,0.1,0.288
'260',26,11,2002,2790.0,2.5,11.5,0.902,2.0,0.0,0.4,0.000
'260',27,11,2002,4100.0,1.8,9.6,0.808,3.4,0.0,0.5,0.000
'260',28,11,2002,520.0,5.6,8.1,0.942,3.0,4.6,0.1,0.196
'260',29,11,2002,1000.0,3.2,9.9,0.911,1.8,0.3,0.1,0.054
'260',30,11,2002,1510.0,1.7,8.3,0.887,1.2,0.0,0.2,0.000
'260',01,12,2002,1480.0,6.2,8.7,0.930,4.9,7.7,0.2,0.246
'260',02,12,2002,1000.0,4.9,8.4,0.911,3.7,0.2,0.1,0.017
'260',03,12,2002,1700.0,3.1,8.0,0.880,1.7,0.0,0.2,0.000
'260',04,12,2002,860.0,0.3,6.0,0.738,2.7,0.0,0.1,0.000
'260',05,12,2002,2380.0,3.5,7.8,0.796,2.9,0.0,0.3,0.000
'260',06,12,2002,460.0,0.7,4.7,0.607,5.1,0.0,0.1,0.000
'260',07,12,2002,900.0,-2.2,1.7,0.498,5.0,0.1,0.1,0.004
'260',08,12,2002,1750.0,-3.8,-0.4,0.354,5.4,0.0,0.2,0.000
'260',09,12,2002,4090.0,-7.9,-2.9,0.266,5.5,0.0,0.3,0.000
'260',10,12,2002,4030.0,-8.7,-3.1,0.259,5.4,0.0,0.3,0.000
'260',11,12,2002,3880.0,-8.2,-2.5,0.244,5.4,0.0,0.3,0.000
'260',12,12,2002,1600.0,-7.1,0.0,0.317,3.3,0.0,0.2,0.000
'260',13,12,2002,1940.0,-4.4,0.6,0.413,2.3,0.2,0.2,0.012
'260',14,12,2002,560.0,-1.0,1.2,0.569,3.0,0.0,0.1,0.000
'260',15,12,2002,1490.0,0.0,4.7,0.668,5.8,4.7,0.2,0.283
'260',16,12,2002,250.0,0.8,6.4,0.790,2.8,3.5,0.0,0.337
'260',17,12,2002,330.0,-0.9,2.1,0.613,2.0,0.0,0.0,0.000
'260',18,12,2002,2920.0,-5.8,3.9,0.511,0.7,0.0,0.3,0.000
'260',19,12,2002,2480.0,-1.8,4.4,0.600,2.3,0.0,0.3,0.000
'260',20,12,2002,2270.0,-4.0,1.8,0.534,1.6,0.0,0.2,0.000
'260',21,12,2002,940.0,1.5,3.2,0.694,1.7,0.0,0.1,0.000
'260',22,12,2002,260.0,1.9,10.0,0.909,4.5,23.2,0.0,0.575
'260',23,12,2002,540.0,1.8,7.2,0.825,3.2,1.0,0.1,0.012
'260',24,12,2002,1200.0,6.5,10.9,1.079,3.2,3.3,0.2,0.221
'260',25,12,2002,1140.0,7.3,11.1,1.114,2.7,0.6,0.2,0.071
'260',26,12,2002,560.0,8.2,11.2,1.098,4.3,8.4,0.1,0.238
'260',27,12,2002,620.0,8.2,12.0,1.178,3.9,9.2,0.1,0.479
'260',28,12,2002,1010.0,7.6,10.5,1.075,3.1,3.4,0.1,0.188
'260',29,12,2002,530.0,6.1,10.0,1.011,3.3,17.9,0.1,0.458
'260',30,12,2002,450.0,1.8,12.0,0.975,5.1,5.5,0.1,0.258
'260',31,12,2002,2780.0,-1.0,1.8,0.493,4.8,0.0,0.3,0.000
