* Source of data    : Royal Netherlands Meterological Institute (www.knmi.nl)
* File content      : Meteo from www.knmi.nl; input file for Swap 3.2 (www.swap.alterra.nl)
* File generated by : Alterra - Wageningen-UR (www.alterra.wur.nl)
* File generated at : 2017-02-27 11:38:43
Station,DD,MM,YYYY,Rad,Tmin,Tmax,Hum,Wind,Rain,ETref,Wet
'260',01,01,2001,470.0,1.0,6.3,0.667,5.8,9.5,0.1,0.325
'260',02,01,2001,2290.0,5.6,11.2,0.908,6.0,0.3,0.3,0.037
'260',03,01,2001,3160.0,4.5,9.9,0.866,5.3,4.0,0.4,0.163
'260',04,01,2001,410.0,5.8,9.1,0.924,6.2,4.9,0.1,0.212
'260',05,01,2001,160.0,6.2,10.7,1.000,5.9,18.9,0.0,0.417
'260',06,01,2001,1650.0,4.1,7.6,0.845,4.0,2.1,0.2,0.121
'260',07,01,2001,850.0,3.6,6.8,0.800,4.4,0.3,0.1,0.012
'260',08,01,2001,1220.0,1.3,5.5,0.731,3.8,1.7,0.1,0.058
'260',09,01,2001,2450.0,1.1,5.5,0.725,2.5,0.0,0.3,0.000
'260',10,01,2001,1980.0,0.5,4.1,0.662,3.8,0.0,0.2,0.000
'260',11,01,2001,4470.0,-1.8,4.0,0.462,4.9,0.0,0.5,0.000
'260',12,01,2001,2000.0,-3.7,5.2,0.557,2.4,0.0,0.2,0.000
'260',13,01,2001,5000.0,-3.2,3.1,0.444,3.5,0.0,0.5,0.000
'260',14,01,2001,890.0,-5.3,0.7,0.473,3.6,0.0,0.1,0.000
'260',15,01,2001,5070.0,-4.8,1.5,0.408,4.1,0.0,0.5,0.000
'260',16,01,2001,5150.0,-6.4,1.9,0.365,2.5,0.0,0.5,0.000
'260',17,01,2001,5670.0,-9.0,1.0,0.339,1.3,0.0,0.5,0.000
'260',18,01,2001,600.0,-8.8,-0.5,0.420,1.0,0.4,0.1,0.108
'260',19,01,2001,1600.0,-1.3,0.3,0.587,1.3,0.0,0.2,0.000
'260',20,01,2001,1020.0,-1.0,1.3,0.603,2.4,1.3,0.1,0.196
'260',21,01,2001,3830.0,-1.8,0.7,0.509,4.3,5.1,0.4,0.292
'260',22,01,2001,1190.0,0.6,5.7,0.745,3.7,2.1,0.1,0.108
'260',23,01,2001,2460.0,4.8,10.7,0.949,5.3,3.7,0.3,0.183
'260',24,01,2001,3100.0,3.0,11.9,0.882,6.3,1.4,0.4,0.058
'260',25,01,2001,1530.0,3.0,8.1,0.827,4.2,1.1,0.2,0.075
'260',26,01,2001,1240.0,2.6,6.1,0.744,4.4,1.1,0.2,0.037
'260',27,01,2001,1490.0,3.0,5.6,0.737,4.2,10.2,0.2,0.408
'260',28,01,2001,3810.0,1.4,7.7,0.781,2.6,2.3,0.5,0.100
'260',29,01,2001,4930.0,-1.1,6.0,0.578,1.2,0.0,0.6,0.000
'260',30,01,2001,2710.0,-2.9,4.2,0.630,1.6,0.0,0.3,0.000
'260',31,01,2001,2580.0,-0.2,3.4,0.644,2.0,0.0,0.3,0.000
'260',01,02,2001,2800.0,-1.6,3.1,0.642,2.0,0.3,0.3,0.029
'260',02,02,2001,930.0,-0.1,1.6,0.632,3.0,5.0,0.1,0.471
'260',03,02,2001,1530.0,-0.5,4.0,0.681,2.8,8.5,0.2,0.646
'260',04,02,2001,950.0,-0.2,9.3,0.828,3.2,25.3,0.1,0.725
'260',05,02,2001,1500.0,7.9,10.2,1.033,6.5,4.8,0.2,0.258
'260',06,02,2001,1680.0,8.6,12.9,1.117,6.4,5.0,0.2,0.154
'260',07,02,2001,4250.0,9.0,12.3,1.078,4.8,4.4,0.6,0.154
'260',08,02,2001,2960.0,2.7,11.7,0.820,5.6,16.2,0.4,0.442
'260',09,02,2001,6430.0,-2.4,7.0,0.534,2.3,0.1,0.8,0.008
'260',10,02,2001,7400.0,-3.2,7.0,0.559,3.7,0.5,0.9,0.037
'260',11,02,2001,1480.0,5.0,12.5,1.006,6.1,0.3,0.2,0.021
'260',12,02,2001,2130.0,5.8,12.9,1.028,5.2,3.8,0.3,0.167
'260',13,02,2001,7460.0,1.0,9.4,0.708,3.8,0.0,1.0,0.000
'260',14,02,2001,4560.0,-0.3,7.3,0.718,2.0,0.0,0.5,0.000
'260',15,02,2001,9040.0,-1.6,13.2,0.636,1.4,0.0,1.1,0.000
'260',16,02,2001,1690.0,-1.6,5.0,0.677,2.4,2.1,0.2,0.088
'260',17,02,2001,1940.0,0.9,5.3,0.670,3.5,0.0,0.2,0.000
'260',18,02,2001,5060.0,-0.2,8.6,0.675,2.1,0.0,0.6,0.000
'260',19,02,2001,3460.0,2.8,6.7,0.730,3.5,1.0,0.4,0.062
'260',20,02,2001,5040.0,2.1,8.8,0.765,3.4,0.0,0.6,0.000
'260',21,02,2001,3600.0,3.0,10.1,0.860,3.3,2.2,0.5,0.179
'260',22,02,2001,6400.0,1.9,8.9,0.739,4.2,2.6,0.8,0.067
'260',23,02,2001,9250.0,-0.7,6.4,0.554,2.6,1.3,1.1,0.092
'260',24,02,2001,13630.0,-3.8,2.0,0.413,3.5,3.2,1.4,0.133
'260',25,02,2001,7660.0,-2.6,4.2,0.569,3.8,3.0,0.8,0.167
'260',26,02,2001,9940.0,-0.4,5.6,0.603,3.8,0.2,1.1,0.017
'260',27,02,2001,7480.0,-0.3,5.1,0.500,4.9,0.0,0.9,0.000
'260',28,02,2001,5150.0,1.1,7.1,0.646,2.1,0.6,0.6,0.054
'260',01,03,2001,1790.0,0.8,3.6,0.669,1.8,1.0,0.2,0.100
'260',02,03,2001,7580.0,-2.1,4.2,0.552,2.9,0.0,0.8,0.000
'260',03,03,2001,6310.0,-3.6,0.6,0.400,3.5,0.0,0.6,0.000
'260',04,03,2001,4030.0,-1.5,3.7,0.553,3.3,0.0,0.4,0.000
'260',05,03,2001,5240.0,-1.6,4.6,0.506,2.5,0.0,0.6,0.000
'260',06,03,2001,13120.0,-2.2,9.2,0.548,4.6,0.0,1.6,0.000
'260',07,03,2001,5790.0,3.7,13.7,0.959,3.8,3.9,0.8,0.121
'260',08,03,2001,2240.0,6.3,10.8,1.036,3.9,2.1,0.3,0.154
'260',09,03,2001,2330.0,7.3,11.2,1.075,4.8,0.3,0.3,0.008
'260',10,03,2001,2070.0,8.7,11.7,1.171,4.3,5.7,0.3,0.250
'260',11,03,2001,3060.0,8.8,13.2,1.194,4.7,7.8,0.5,0.204
'260',12,03,2001,11560.0,4.4,11.7,0.758,5.1,3.0,1.6,0.042
'260',13,03,2001,4680.0,3.7,8.4,0.785,5.4,1.2,0.6,0.058
'260',14,03,2001,7900.0,0.0,10.1,0.664,4.1,0.0,1.0,0.000
'260',15,03,2001,8350.0,-0.6,11.8,0.714,1.5,0.0,1.1,0.000
'260',16,03,2001,5440.0,5.1,9.5,0.839,3.3,0.7,0.7,0.083
'260',17,03,2001,1280.0,2.2,5.1,0.663,4.4,5.9,0.2,0.142
'260',18,03,2001,2420.0,1.7,4.5,0.738,2.5,7.4,0.3,0.513
'260',19,03,2001,9360.0,-2.8,5.6,0.514,4.4,2.8,1.1,0.133
'260',20,03,2001,11580.0,-3.9,7.2,0.493,3.3,0.0,1.3,0.000
'260',21,03,2001,2320.0,-0.1,1.8,0.543,4.8,5.8,0.3,0.200
'260',22,03,2001,3660.0,0.4,4.6,0.666,2.2,0.0,0.4,0.000
'260',23,03,2001,1290.0,4.4,10.1,0.977,3.8,16.0,0.2,0.342
'260',24,03,2001,12460.0,3.3,12.1,0.877,3.6,0.0,1.6,0.000
'260',25,03,2001,2610.0,1.9,3.8,0.638,5.5,0.0,0.3,0.000
'260',26,03,2001,8320.0,1.4,5.3,0.577,3.6,0.0,1.0,0.000
'260',27,03,2001,6310.0,1.2,5.5,0.561,5.6,0.0,0.8,0.000
'260',28,03,2001,6130.0,3.1,12.0,0.813,5.8,1.1,0.8,0.062
'260',29,03,2001,3660.0,3.7,9.4,0.901,2.3,9.5,0.5,0.354
'260',30,03,2001,6870.0,1.1,10.6,0.804,2.6,0.0,0.9,0.000
'260',31,03,2001,7180.0,2.1,13.4,0.828,4.8,0.0,1.0,0.000
'260',01,04,2001,7480.0,5.7,15.1,1.114,3.2,0.0,1.1,0.000
'260',02,04,2001,18840.0,5.3,22.2,0.900,3.5,0.0,3.1,0.000
'260',03,04,2001,13260.0,9.2,16.1,0.981,4.9,0.0,2.0,0.000
'260',04,04,2001,6400.0,6.4,12.3,0.890,6.5,5.1,0.9,0.204
'260',05,04,2001,11240.0,4.8,11.8,0.812,6.2,10.2,1.6,0.304
'260',06,04,2001,9770.0,9.1,14.5,1.147,5.8,7.1,1.5,0.233
'260',07,04,2001,12830.0,6.3,12.7,0.879,4.4,2.9,1.8,0.042
'260',08,04,2001,8610.0,3.6,10.5,0.779,2.9,3.0,1.2,0.121
'260',09,04,2001,4540.0,4.7,9.8,0.893,3.3,0.0,0.6,0.000
'260',10,04,2001,12010.0,7.7,13.6,1.000,3.8,0.4,1.7,0.033
'260',11,04,2001,14090.0,4.2,12.0,0.762,4.6,2.5,2.0,0.050
'260',12,04,2001,14190.0,0.7,10.1,0.615,3.7,0.1,1.8,0.012
'260',13,04,2001,13650.0,-1.5,8.0,0.447,4.1,0.0,1.7,0.000
'260',14,04,2001,9590.0,-4.3,8.1,0.470,3.4,9.2,1.1,0.367
'260',15,04,2001,7220.0,4.6,10.3,0.894,4.5,4.5,1.0,0.246
'260',16,04,2001,10660.0,4.4,9.8,0.818,3.8,8.1,1.4,0.254
'260',17,04,2001,8730.0,2.7,9.2,0.697,3.9,0.2,1.1,0.017
'260',18,04,2001,15320.0,2.2,8.9,0.651,4.9,5.6,1.9,0.296
'260',19,04,2001,14760.0,1.2,8.6,0.681,3.8,5.8,1.8,0.192
'260',20,04,2001,9630.0,-0.3,7.9,0.621,2.1,0.6,1.2,0.058
'260',21,04,2001,17080.0,0.1,11.6,0.667,3.5,0.0,2.2,0.000
'260',22,04,2001,20530.0,-2.2,12.5,0.557,1.7,0.0,2.7,0.000
'260',23,04,2001,10910.0,0.9,12.6,0.599,1.8,0.0,1.5,0.000
'260',24,04,2001,13830.0,2.3,15.2,0.714,3.9,0.5,2.0,0.042
'260',25,04,2001,10060.0,6.9,15.9,0.980,3.5,3.8,1.5,0.167
'260',26,04,2001,13720.0,8.2,14.7,0.971,5.6,5.7,2.0,0.088
'260',27,04,2001,11530.0,8.0,13.9,1.007,3.2,1.1,1.7,0.088
'260',28,04,2001,13260.0,6.9,14.4,0.944,4.7,2.5,2.0,0.079
'260',29,04,2001,17800.0,6.0,17.3,0.899,3.7,0.0,2.8,0.000
'260',30,04,2001,14510.0,8.9,17.8,1.084,2.9,8.5,2.3,0.104
'260',01,05,2001,13600.0,7.4,13.7,0.952,5.8,0.0,2.0,0.000
'260',02,05,2001,21880.0,6.1,21.2,0.990,4.8,0.0,3.5,0.000
'260',03,05,2001,9670.0,8.2,17.5,1.177,2.8,3.8,1.5,0.192
'260',04,05,2001,6290.0,5.9,10.6,0.885,4.0,2.2,0.9,0.079
'260',05,05,2001,21230.0,5.0,11.8,0.731,5.6,0.0,2.9,0.000
'260',06,05,2001,16800.0,6.3,15.4,0.837,5.2,0.0,2.5,0.000
'260',07,05,2001,26070.0,6.9,16.8,0.877,5.1,0.0,3.9,0.000
'260',08,05,2001,20220.0,5.3,15.3,0.871,3.6,0.0,3.0,0.000
'260',09,05,2001,22180.0,10.1,23.7,1.239,4.1,0.0,3.9,0.000
'260',10,05,2001,26610.0,12.0,25.3,1.051,4.5,0.0,4.8,0.000
'260',11,05,2001,27020.0,10.1,25.5,1.023,3.2,0.0,4.8,0.000
'260',12,05,2001,26610.0,9.9,24.9,1.067,3.2,0.0,4.7,0.000
'260',13,05,2001,26420.0,10.5,25.6,1.069,2.5,0.0,4.7,0.000
'260',14,05,2001,12640.0,10.9,20.2,1.437,2.4,5.9,2.1,0.146
'260',15,05,2001,17140.0,9.5,19.8,1.125,3.0,2.3,2.8,0.104
'260',16,05,2001,11710.0,10.8,18.8,1.340,4.7,9.5,1.9,0.175
'260',17,05,2001,15120.0,9.2,16.8,1.022,6.6,1.6,2.3,0.033
'260',18,05,2001,10220.0,10.2,14.7,1.210,4.0,1.9,1.6,0.096
'260',19,05,2001,22630.0,6.5,16.6,0.989,3.1,0.0,3.5,0.000
'260',20,05,2001,20850.0,3.7,18.2,0.900,2.2,0.0,3.2,0.000
'260',21,05,2001,26340.0,5.7,17.2,0.949,4.2,0.0,4.1,0.000
'260',22,05,2001,28850.0,6.6,20.0,0.984,4.0,0.0,4.6,0.000
'260',23,05,2001,29100.0,7.9,23.5,0.915,3.5,0.0,5.0,0.000
'260',24,05,2001,28790.0,9.3,21.9,1.155,3.8,0.0,4.8,0.000
'260',25,05,2001,29960.0,7.3,22.6,0.925,2.8,0.0,5.0,0.000
'260',26,05,2001,22730.0,7.6,23.5,1.084,2.3,0.0,3.9,0.000
'260',27,05,2001,9930.0,10.3,19.1,1.377,4.0,0.0,1.7,0.000
'260',28,05,2001,11200.0,15.5,21.7,1.771,4.5,1.1,1.9,0.071
'260',29,05,2001,28940.0,12.1,19.8,1.231,4.2,0.0,4.9,0.000
'260',30,05,2001,15610.0,8.3,21.5,1.176,1.4,0.0,2.6,0.000
'260',31,05,2001,22550.0,9.1,16.9,1.188,3.8,0.8,3.6,0.046
'260',01,06,2001,14330.0,7.7,17.9,1.038,3.3,2.5,2.2,0.129
'260',02,06,2001,8180.0,7.3,14.8,1.116,4.6,15.9,1.2,0.392
'260',03,06,2001,12830.0,6.8,13.0,0.907,4.8,1.5,1.9,0.088
'260',04,06,2001,11590.0,6.2,16.9,0.999,3.0,0.0,1.8,0.000
'260',05,06,2001,22630.0,10.9,21.0,1.122,2.6,0.0,3.8,0.000
'260',06,06,2001,19270.0,11.8,21.3,1.291,3.9,1.2,3.2,0.042
'260',07,06,2001,22050.0,9.3,16.1,0.977,5.3,2.9,3.5,0.096
'260',08,06,2001,24520.0,5.5,16.4,0.885,3.2,0.0,3.7,0.000
'260',09,06,2001,19500.0,2.8,15.7,0.721,1.0,0.0,2.9,0.000
'260',10,06,2001,15010.0,5.9,17.4,0.858,1.9,0.5,2.3,0.025
'260',11,06,2001,22850.0,6.3,16.3,0.899,3.3,0.1,3.6,0.008
'260',12,06,2001,13370.0,9.4,17.9,1.079,2.2,0.0,2.2,0.000
'260',13,06,2001,24140.0,6.7,20.4,1.054,2.0,0.0,3.9,0.000
'260',14,06,2001,25800.0,6.9,21.8,0.992,2.3,0.0,4.3,0.000
'260',15,06,2001,16740.0,12.2,24.4,1.544,2.6,16.2,2.9,0.092
'260',16,06,2001,14330.0,10.2,20.4,1.395,2.2,3.3,2.4,0.125
'260',17,06,2001,9890.0,13.2,19.0,1.557,2.4,8.1,1.6,0.254
'260',18,06,2001,8280.0,10.8,15.2,1.200,3.5,0.0,1.3,0.000
'260',19,06,2001,25920.0,5.6,19.3,0.976,1.6,0.0,4.2,0.000
'260',20,06,2001,24440.0,8.0,23.6,1.230,3.0,0.0,4.2,0.000
'260',21,06,2001,20920.0,11.0,19.2,1.165,3.0,0.0,3.4,0.000
'260',22,06,2001,15150.0,10.7,17.7,1.192,3.8,0.0,2.5,0.000
'260',23,06,2001,20550.0,10.9,21.4,1.193,1.7,0.0,3.5,0.000
'260',24,06,2001,20120.0,9.6,24.2,1.286,2.0,0.0,3.6,0.000
'260',25,06,2001,30160.0,11.7,24.8,1.180,3.5,0.0,5.4,0.000
'260',26,06,2001,28470.0,12.4,28.6,1.240,3.8,0.0,5.3,0.000
'260',27,06,2001,13070.0,16.6,24.5,1.825,4.2,0.9,2.4,0.042
'260',28,06,2001,22920.0,14.5,23.5,1.423,4.0,0.0,4.1,0.000
'260',29,06,2001,20060.0,14.4,25.6,1.567,3.2,0.0,3.6,0.000
'260',30,06,2001,17810.0,16.0,23.3,1.617,2.8,0.6,3.2,0.033
'260',01,07,2001,26490.0,13.6,22.2,1.478,3.3,0.0,4.7,0.000
'260',02,07,2001,13290.0,11.3,23.1,1.483,1.6,0.0,2.4,0.000
'260',03,07,2001,28990.0,12.8,26.0,1.615,4.0,0.0,5.3,0.000
'260',04,07,2001,30310.0,14.6,29.0,1.196,5.2,0.0,5.8,0.000
'260',05,07,2001,28710.0,16.3,31.6,1.438,3.8,0.0,5.7,0.000
'260',06,07,2001,19970.0,19.3,31.2,1.679,2.8,0.0,3.9,0.000
'260',07,07,2001,11900.0,17.7,27.0,1.970,3.0,8.2,2.2,0.088
'260',08,07,2001,2540.0,17.0,18.7,1.973,3.8,9.8,0.4,0.329
'260',09,07,2001,14450.0,13.8,21.7,1.523,3.3,0.2,2.5,0.012
'260',10,07,2001,13650.0,14.3,24.7,1.630,4.3,3.5,2.4,0.050
'260',11,07,2001,17710.0,12.7,20.2,1.356,7.8,7.3,3.0,0.104
'260',12,07,2001,15280.0,12.3,19.8,1.368,4.9,7.6,2.5,0.096
'260',13,07,2001,14560.0,11.5,20.4,1.348,3.5,10.4,2.4,0.104
'260',14,07,2001,7440.0,10.5,16.7,1.408,1.8,5.7,1.2,0.238
'260',15,07,2001,14480.0,8.5,20.0,1.268,1.9,1.8,2.3,0.021
'260',16,07,2001,19990.0,7.3,19.8,1.031,1.6,0.0,3.3,0.000
'260',17,07,2001,20760.0,8.6,22.4,1.230,3.8,0.8,3.5,0.037
'260',18,07,2001,12660.0,13.8,20.0,1.525,4.6,12.7,2.1,0.333
'260',19,07,2001,13040.0,13.2,20.0,1.578,3.3,10.2,2.2,0.100
'260',20,07,2001,12100.0,8.9,19.0,1.334,3.3,0.4,2.0,0.017
'260',21,07,2001,7380.0,8.6,18.3,1.394,3.7,4.0,1.2,0.133
'260',22,07,2001,22260.0,14.4,24.5,1.734,2.5,0.2,4.0,0.021
'260',23,07,2001,17880.0,14.9,24.2,1.760,1.3,3.6,3.2,0.133
'260',24,07,2001,22730.0,13.4,24.9,1.635,2.0,0.0,4.1,0.000
'260',25,07,2001,23860.0,13.2,25.5,1.705,1.8,0.0,4.3,0.000
'260',26,07,2001,24680.0,14.3,28.0,1.579,2.3,0.0,4.6,0.000
'260',27,07,2001,15380.0,15.8,28.7,1.744,2.5,0.2,2.9,0.025
'260',28,07,2001,23660.0,14.2,25.7,1.743,2.8,0.0,4.3,0.000
'260',29,07,2001,23140.0,13.8,27.4,1.720,1.7,0.0,4.3,0.000
'260',30,07,2001,23450.0,16.5,26.9,1.866,2.5,0.0,4.4,0.000
'260',31,07,2001,19180.0,14.6,24.4,1.784,3.2,0.0,3.5,0.000
'260',01,08,2001,20230.0,13.5,22.1,1.392,2.7,0.0,3.5,0.000
'260',02,08,2001,18120.0,11.8,27.7,1.514,3.0,1.5,3.3,0.062
'260',03,08,2001,12710.0,13.7,22.9,1.590,3.6,0.5,2.3,0.037
'260',04,08,2001,16760.0,11.3,21.7,1.279,3.7,1.3,2.9,0.071
'260',05,08,2001,16500.0,10.5,20.1,1.346,3.8,12.4,2.8,0.133
'260',06,08,2001,12390.0,10.2,21.9,1.523,3.9,14.9,2.1,0.100
'260',07,08,2001,10740.0,15.1,22.7,1.751,4.2,20.5,1.9,0.312
'260',08,08,2001,10840.0,13.7,19.5,1.581,6.1,13.4,1.8,0.200
'260',09,08,2001,11760.0,11.0,19.9,1.393,2.8,9.0,1.9,0.221
'260',10,08,2001,13180.0,10.1,18.4,1.279,2.7,8.8,2.2,0.129
'260',11,08,2001,18690.0,8.8,21.3,1.250,3.5,0.0,3.2,0.000
'260',12,08,2001,5390.0,14.5,18.7,1.472,4.7,6.1,0.9,0.296
'260',13,08,2001,4190.0,16.9,20.8,1.919,4.0,0.2,0.7,0.046
'260',14,08,2001,23090.0,14.0,28.6,1.856,2.2,0.0,4.3,0.000
'260',15,08,2001,20980.0,16.7,31.4,1.951,2.5,0.0,4.1,0.000
'260',16,08,2001,14400.0,11.9,22.6,1.478,4.0,1.4,2.6,0.037
'260',17,08,2001,20630.0,10.9,23.7,1.350,2.4,0.0,3.6,0.000
'260',18,08,2001,16360.0,15.1,24.9,1.896,3.5,0.0,3.0,0.000
'260',19,08,2001,14580.0,16.8,23.8,1.822,4.3,0.1,2.7,0.008
'260',20,08,2001,14290.0,11.9,23.4,1.654,2.5,0.0,2.5,0.000
'260',21,08,2001,18320.0,9.5,24.8,1.533,1.9,0.0,3.2,0.000
'260',22,08,2001,17680.0,14.5,28.2,1.773,1.7,0.0,3.3,0.000
'260',23,08,2001,15340.0,17.7,29.5,2.064,1.9,0.0,2.9,0.000
'260',24,08,2001,18900.0,17.4,30.2,1.981,1.5,0.0,3.6,0.000
'260',25,08,2001,19650.0,16.1,31.1,1.945,2.0,0.0,3.8,0.000
'260',26,08,2001,13340.0,18.3,30.0,2.187,2.8,16.2,2.5,0.137
'260',27,08,2001,20260.0,10.1,21.2,1.311,3.2,1.5,3.5,0.058
'260',28,08,2001,17830.0,7.8,20.2,1.199,2.1,0.0,2.9,0.000
'260',29,08,2001,18700.0,7.8,21.2,1.234,2.4,0.0,3.1,0.000
'260',30,08,2001,10040.0,10.2,20.6,1.392,2.0,0.0,1.7,0.000
'260',31,08,2001,8840.0,13.6,19.6,1.607,1.8,8.4,1.5,0.083
'260',01,09,2001,13260.0,9.5,19.8,1.252,2.5,0.3,2.2,0.008
'260',02,09,2001,3300.0,9.3,19.0,1.553,3.4,1.1,0.6,0.083
'260',03,09,2001,5030.0,12.8,18.2,1.466,2.8,20.8,0.8,0.267
'260',04,09,2001,9700.0,11.9,17.2,1.406,3.8,16.7,1.6,0.433
'260',05,09,2001,14150.0,12.5,18.2,1.285,3.5,0.9,2.3,0.092
'260',06,09,2001,10200.0,12.8,19.8,1.463,2.2,0.4,1.7,0.025
'260',07,09,2001,7040.0,12.6,17.8,1.351,4.3,1.6,1.2,0.125
'260',08,09,2001,13780.0,8.4,16.7,1.062,5.4,7.9,2.2,0.225
'260',09,09,2001,7840.0,9.1,16.5,1.142,3.7,12.9,1.2,0.304
'260',10,09,2001,11000.0,11.2,16.3,1.229,4.4,3.2,1.7,0.133
'260',11,09,2001,10760.0,11.2,17.2,1.254,3.9,5.7,1.7,0.158
'260',12,09,2001,6290.0,13.1,17.4,1.447,3.3,7.8,1.0,0.175
'260',13,09,2001,9800.0,8.6,17.6,1.223,3.5,10.2,1.5,0.229
'260',14,09,2001,10170.0,9.0,17.8,1.257,2.3,0.0,1.6,0.000
'260',15,09,2001,9400.0,9.6,16.6,1.187,4.0,13.4,1.5,0.258
'260',16,09,2001,10530.0,6.7,15.6,1.111,2.2,11.2,1.6,0.200
'260',17,09,2001,8090.0,5.9,16.2,1.109,2.6,23.5,1.2,0.288
'260',18,09,2001,7460.0,8.1,14.8,1.141,2.1,0.0,1.1,0.000
'260',19,09,2001,1160.0,10.1,12.0,1.217,5.8,29.6,0.2,0.592
'260',20,09,2001,5100.0,11.0,15.6,1.326,2.4,0.0,0.8,0.000
'260',21,09,2001,11200.0,7.3,17.3,1.143,3.0,3.7,1.8,0.037
'260',22,09,2001,12510.0,7.1,17.7,1.142,3.0,3.5,2.0,0.129
'260',23,09,2001,9410.0,11.6,15.8,1.296,3.1,0.1,1.5,0.012
'260',24,09,2001,5710.0,11.1,15.8,1.336,2.5,23.3,0.9,0.233
'260',25,09,2001,9420.0,6.2,17.5,1.174,1.1,0.1,1.4,0.008
'260',26,09,2001,9450.0,8.3,17.9,1.204,2.1,2.8,1.5,0.117
'260',27,09,2001,7100.0,12.6,18.6,1.569,3.5,4.8,1.2,0.158
'260',28,09,2001,13330.0,10.9,21.7,1.437,2.8,0.0,2.2,0.000
'260',29,09,2001,8730.0,9.7,19.1,1.431,2.5,4.3,1.4,0.142
'260',30,09,2001,9170.0,14.4,19.2,1.624,4.1,0.9,1.6,0.079
'260',01,10,2001,3470.0,15.6,18.4,1.666,6.7,1.2,0.6,0.046
'260',02,10,2001,1740.0,14.1,20.6,1.763,5.0,9.5,0.3,0.275
'260',03,10,2001,9820.0,12.5,19.1,1.403,4.5,0.2,1.6,0.021
'260',04,10,2001,8360.0,10.9,18.3,1.411,4.3,0.0,1.3,0.000
'260',05,10,2001,10330.0,10.3,18.7,1.285,3.0,0.0,1.7,0.000
'260',06,10,2001,7130.0,11.6,20.2,1.540,3.3,6.6,1.2,0.133
'260',07,10,2001,7930.0,13.0,18.0,1.446,4.8,0.6,1.3,0.050
'260',08,10,2001,7530.0,12.4,17.9,1.230,6.1,0.1,1.2,0.008
'260',09,10,2001,5810.0,12.9,17.0,1.370,6.1,0.2,0.9,0.012
'260',10,10,2001,9340.0,11.7,17.3,1.325,5.6,0.0,1.5,0.000
'260',11,10,2001,2510.0,10.0,16.6,1.405,4.4,0.0,0.4,0.000
'260',12,10,2001,10060.0,8.3,20.2,1.323,2.4,0.0,1.6,0.000
'260',13,10,2001,8570.0,11.5,22.5,1.680,2.1,0.0,1.5,0.000
'260',14,10,2001,5930.0,12.8,20.5,1.684,3.1,0.1,1.0,0.012
'260',15,10,2001,7450.0,13.7,21.2,1.659,3.4,0.4,1.3,0.012
'260',16,10,2001,9410.0,7.5,17.5,1.098,1.9,0.0,1.5,0.000
'260',17,10,2001,8090.0,8.9,19.6,1.294,3.1,0.0,1.3,0.000
'260',18,10,2001,6500.0,12.6,19.2,1.557,2.6,1.3,1.1,0.108
'260',19,10,2001,4170.0,14.1,18.2,1.682,2.5,0.0,0.7,0.000
'260',20,10,2001,6510.0,12.5,21.1,1.425,3.1,0.0,1.1,0.000
'260',21,10,2001,3620.0,12.2,15.5,1.358,3.7,0.1,0.6,0.012
'260',22,10,2001,2520.0,7.9,15.9,1.133,3.9,0.0,0.4,0.000
'260',23,10,2001,1210.0,8.1,13.6,1.251,3.3,13.6,0.2,0.392
'260',24,10,2001,3780.0,9.6,14.6,1.279,3.1,0.7,0.6,0.029
'260',25,10,2001,6040.0,8.3,17.2,1.224,2.9,0.0,1.0,0.000
'260',26,10,2001,6140.0,10.7,15.6,1.306,4.5,0.3,1.0,0.021
'260',27,10,2001,5400.0,9.7,16.6,1.247,3.8,1.2,0.8,0.042
'260',28,10,2001,5160.0,6.1,16.5,1.104,2.6,0.0,0.8,0.000
'260',29,10,2001,3380.0,6.3,14.8,1.126,4.3,0.0,0.5,0.000
'260',30,10,2001,6780.0,12.6,19.0,1.389,6.3,0.0,1.1,0.000
'260',31,10,2001,4110.0,7.7,15.3,1.036,5.7,4.8,0.6,0.154
'260',01,11,2001,5620.0,3.5,13.4,0.858,2.3,0.4,0.8,0.012
'260',02,11,2001,6400.0,3.0,14.8,0.968,2.2,0.0,0.9,0.000
'260',03,11,2001,2890.0,6.0,13.4,1.047,2.1,0.0,0.4,0.000
'260',04,11,2001,1390.0,7.7,11.5,0.963,3.0,0.0,0.2,0.000
'260',05,11,2001,4430.0,3.1,11.7,0.765,2.7,0.0,0.6,0.000
'260',06,11,2001,2280.0,8.3,12.8,1.083,4.8,2.7,0.3,0.121
'260',07,11,2001,2380.0,6.9,12.1,1.001,3.2,8.8,0.3,0.125
'260',08,11,2001,2390.0,2.4,9.9,0.740,4.8,11.2,0.3,0.383
'260',09,11,2001,5360.0,-2.5,7.4,0.566,2.3,3.0,0.6,0.125
'260',10,11,2001,4320.0,-2.4,7.0,0.547,3.3,0.0,0.5,0.000
'260',11,11,2001,1240.0,2.5,8.9,0.807,2.4,0.1,0.2,0.017
'260',12,11,2001,1360.0,7.7,12.1,1.127,2.5,3.5,0.2,0.358
'260',13,11,2001,3470.0,1.9,8.6,0.713,3.0,0.3,0.4,0.012
'260',14,11,2001,5530.0,-1.5,8.3,0.624,2.5,0.4,0.7,0.021
'260',15,11,2001,6210.0,-4.3,4.9,0.592,1.3,0.0,0.7,0.000
'260',16,11,2001,1940.0,3.5,11.3,0.942,1.2,0.1,0.3,0.017
'260',17,11,2001,1830.0,5.1,9.7,0.963,1.0,0.2,0.3,0.025
'260',18,11,2001,2380.0,4.6,9.0,0.941,1.5,0.0,0.3,0.000
'260',19,11,2001,1510.0,2.5,8.6,0.919,0.8,0.1,0.2,0.012
'260',20,11,2001,1020.0,3.6,9.1,0.858,2.5,0.0,0.1,0.000
'260',21,11,2001,1990.0,7.4,10.5,1.021,6.8,2.6,0.3,0.088
'260',22,11,2001,1250.0,2.7,11.4,0.841,4.7,7.3,0.2,0.300
'260',23,11,2001,3830.0,1.6,8.1,0.700,2.9,1.9,0.5,0.104
'260',24,11,2001,550.0,4.5,10.6,1.035,2.3,3.5,0.1,0.546
'260',25,11,2001,1310.0,8.0,11.8,1.187,3.3,6.7,0.2,0.388
'260',26,11,2001,2480.0,-0.7,8.9,0.752,1.2,0.8,0.3,0.112
'260',27,11,2001,4010.0,-1.0,8.0,0.708,3.3,4.4,0.5,0.133
'260',28,11,2001,4310.0,3.8,9.4,0.803,3.4,0.3,0.6,0.021
'260',29,11,2001,260.0,5.2,11.2,1.043,4.6,16.7,0.0,0.658
'260',30,11,2001,520.0,10.8,12.7,1.375,2.8,10.4,0.1,0.633
'260',01,12,2001,500.0,6.2,13.5,1.181,3.9,4.1,0.1,0.471
'260',02,12,2001,1280.0,3.0,8.7,0.902,2.0,3.8,0.2,0.079
'260',03,12,2001,1280.0,7.1,9.8,1.080,1.8,1.7,0.2,0.204
'260',04,12,2001,750.0,8.2,11.0,1.027,5.2,4.7,0.1,0.142
'260',05,12,2001,1720.0,4.1,12.1,0.955,5.2,3.3,0.2,0.150
'260',06,12,2001,3470.0,-0.8,10.8,0.745,3.3,0.2,0.5,0.029
'260',07,12,2001,3810.0,-2.6,7.8,0.633,1.0,0.0,0.4,0.000
'260',08,12,2001,3470.0,-1.0,5.2,0.633,2.4,0.0,0.4,0.000
'260',09,12,2001,3130.0,-2.0,1.8,0.554,2.6,0.0,0.3,0.000
'260',10,12,2001,3520.0,-3.1,5.6,0.527,1.1,0.0,0.4,0.000
'260',11,12,2001,1210.0,1.2,7.5,0.841,1.3,0.0,0.1,0.000
'260',12,12,2001,730.0,2.7,5.0,0.768,2.9,0.0,0.1,0.000
'260',13,12,2001,1350.0,-3.1,4.7,0.540,3.9,0.0,0.2,0.000
'260',14,12,2001,3240.0,-6.4,-1.2,0.333,3.1,0.0,0.3,0.000
'260',15,12,2001,830.0,-5.9,1.1,0.451,2.4,0.1,0.1,0.012
'260',16,12,2001,3820.0,-5.4,1.5,0.478,2.7,0.0,0.4,0.000
'260',17,12,2001,2540.0,-5.7,4.7,0.593,1.3,0.6,0.3,0.054
'260',18,12,2001,720.0,-3.9,5.6,0.665,1.6,0.1,0.1,0.008
'260',19,12,2001,630.0,1.9,6.4,0.702,3.5,5.1,0.1,0.217
'260',20,12,2001,2960.0,-2.1,4.4,0.538,3.0,1.1,0.3,0.054
'260',21,12,2001,210.0,0.2,7.0,0.670,5.1,18.7,0.0,0.633
'260',22,12,2001,1970.0,-3.0,3.9,0.559,2.7,3.4,0.2,0.238
'260',23,12,2001,4810.0,-6.8,-0.4,0.349,3.1,0.0,0.5,0.000
'260',24,12,2001,230.0,-0.6,7.8,0.729,7.2,6.5,0.0,0.404
'260',25,12,2001,2180.0,2.1,7.9,0.698,4.7,7.1,0.3,0.329
'260',26,12,2001,1080.0,0.3,2.4,0.622,3.0,5.7,0.1,0.342
'260',27,12,2001,380.0,0.1,7.4,0.768,5.6,10.8,0.0,0.479
'260',28,12,2001,1560.0,2.7,8.1,0.678,7.7,7.2,0.2,0.283
'260',29,12,2001,1150.0,-1.7,3.4,0.622,2.5,5.5,0.1,0.263
'260',30,12,2001,1310.0,-3.6,2.1,0.527,3.0,3.3,0.1,0.146
'260',31,12,2001,3820.0,-5.8,5.1,0.477,1.9,0.9,0.4,0.037
