* Source of data    : Royal Netherlands Meterological Institute (www.knmi.nl)
* File content      : Meteo from www.knmi.nl; input file for Swap 3.2 (www.swap.alterra.nl)
* File generated by : Alterra - Wageningen-UR (www.alterra.wur.nl)
* File generated at : 2017-02-27 11:38:43
Station,DD,MM,YYYY,Rad,Tmin,Tmax,Hum,Wind,Rain,ETref,Wet
'260',01,01,1982,930.0,1.2,7.2,0.787,1.5,1.6,0.1,0.129
'260',02,01,1982,810.0,4.8,10.8,1.032,3.6,3.5,0.1,0.342
'260',03,01,1982,2630.0,7.1,11.5,1.039,4.1,2.1,0.4,0.062
'260',04,01,1982,1100.0,8.0,11.0,1.028,5.7,4.5,0.2,0.154
'260',05,01,1982,700.0,-0.6,10.1,0.791,5.1,10.7,0.1,0.350
'260',06,01,1982,3760.0,-7.8,-0.4,0.376,3.6,0.2,0.4,0.017
'260',07,01,1982,4530.0,-10.2,-1.9,0.297,1.5,0.0,0.4,0.000
'260',08,01,1982,2530.0,-6.2,-3.9,0.295,5.1,0.0,0.2,0.000
'260',09,01,1982,1530.0,-11.8,-5.6,0.238,4.1,0.0,0.1,0.000
'260',10,01,1982,4860.0,-13.6,-3.8,0.228,2.6,0.0,0.3,0.000
'260',11,01,1982,2050.0,-10.2,-1.0,0.257,2.6,0.0,0.2,0.000
'260',12,01,1982,4710.0,-8.8,2.5,0.391,1.0,0.0,0.4,0.000
'260',13,01,1982,4460.0,-10.5,-0.1,0.392,1.0,0.0,0.4,0.000
'260',14,01,1982,5090.0,-9.0,0.6,0.320,2.6,0.0,0.4,0.000
'260',15,01,1982,4170.0,-8.8,3.1,0.412,2.6,0.0,0.4,0.000
'260',16,01,1982,4220.0,-0.9,6.3,0.491,2.6,0.0,0.5,0.000
'260',17,01,1982,4070.0,-1.8,7.3,0.569,1.5,0.0,0.5,0.000
'260',18,01,1982,4330.0,-3.7,6.1,0.593,1.0,0.0,0.5,0.000
'260',19,01,1982,2650.0,-1.2,5.4,0.581,1.5,0.0,0.3,0.000
'260',20,01,1982,4700.0,0.2,7.0,0.614,2.1,0.1,0.5,0.021
'260',21,01,1982,1510.0,0.0,3.9,0.693,1.5,0.5,0.2,0.054
'260',22,01,1982,1000.0,-1.0,4.0,0.670,2.6,1.6,0.1,0.079
'260',23,01,1982,1570.0,-2.1,3.2,0.608,1.0,0.0,0.2,0.000
'260',24,01,1982,1970.0,-3.0,2.6,0.566,1.5,0.0,0.2,0.000
'260',25,01,1982,570.0,1.7,3.1,0.693,4.1,3.8,0.1,0.425
'260',26,01,1982,1410.0,3.0,6.6,0.775,5.1,6.4,0.2,0.342
'260',27,01,1982,3000.0,-0.1,4.4,0.596,3.1,2.8,0.3,0.183
'260',28,01,1982,1500.0,-0.2,6.7,0.641,4.1,0.0,0.2,0.000
'260',29,01,1982,1130.0,5.3,9.7,0.889,4.6,3.7,0.2,0.367
'260',30,01,1982,2590.0,7.3,10.1,0.912,5.7,3.0,0.4,0.125
'260',31,01,1982,6540.0,-2.5,7.8,0.553,2.1,0.8,0.8,0.112
'260',01,02,1982,6640.0,-2.9,5.4,0.511,1.5,0.0,0.7,0.000
'260',02,02,1982,7060.0,-2.1,5.0,0.492,3.6,0.0,0.8,0.000
'260',03,02,1982,6330.0,-1.3,3.2,0.418,5.1,0.0,0.7,0.000
'260',04,02,1982,6080.0,-0.9,6.3,0.525,3.1,0.0,0.7,0.000
'260',05,02,1982,5600.0,0.8,9.0,0.726,3.1,0.0,0.7,0.000
'260',06,02,1982,2310.0,5.7,8.6,0.886,3.1,3.4,0.3,0.208
'260',07,02,1982,800.0,4.9,6.9,0.901,2.6,4.4,0.1,0.471
'260',08,02,1982,3770.0,2.2,8.0,0.773,3.1,0.8,0.5,0.163
'260',09,02,1982,2970.0,4.0,9.7,0.851,3.1,0.0,0.4,0.000
'260',10,02,1982,4140.0,2.1,10.0,0.695,2.6,0.0,0.5,0.000
'260',11,02,1982,6470.0,2.1,12.3,0.778,2.6,1.4,0.9,0.058
'260',12,02,1982,5060.0,-0.6,9.6,0.753,2.6,0.7,0.7,0.058
'260',13,02,1982,6430.0,4.4,12.2,0.882,3.6,1.6,0.9,0.125
'260',14,02,1982,6600.0,0.0,8.9,0.673,1.5,0.8,0.8,0.096
'260',15,02,1982,2430.0,0.1,4.3,0.636,4.1,0.0,0.3,0.000
'260',16,02,1982,810.0,0.8,2.0,0.582,3.1,0.0,0.1,0.000
'260',17,02,1982,1190.0,-0.2,1.7,0.576,3.1,0.0,0.1,0.000
'260',18,02,1982,4500.0,-1.2,5.9,0.584,3.6,0.0,0.5,0.000
'260',19,02,1982,6400.0,-3.1,0.6,0.414,4.1,0.0,0.6,0.000
'260',20,02,1982,8980.0,-4.6,4.4,0.369,3.6,0.0,0.9,0.000
'260',21,02,1982,10330.0,-3.7,5.2,0.359,3.1,0.0,1.1,0.000
'260',22,02,1982,10460.0,-3.6,7.0,0.390,3.1,0.0,1.2,0.000
'260',23,02,1982,8760.0,-5.7,4.2,0.389,2.1,0.0,0.9,0.000
'260',24,02,1982,2300.0,-2.8,-1.1,0.511,1.5,0.0,0.2,0.000
'260',25,02,1982,6770.0,-5.1,2.5,0.434,2.1,0.0,0.7,0.000
'260',26,02,1982,7840.0,-7.2,4.6,0.392,2.1,0.0,0.8,0.000
'260',27,02,1982,2190.0,-0.6,4.9,0.585,3.1,0.0,0.3,0.000
'260',28,02,1982,1540.0,3.7,10.2,0.946,4.1,1.7,0.2,0.158
'260',01,03,1982,5540.0,5.2,13.3,0.865,7.2,4.9,0.8,0.146
'260',02,03,1982,10130.0,3.2,9.4,0.798,5.1,0.1,1.3,0.042
'260',03,03,1982,2080.0,6.0,9.2,0.899,7.7,17.1,0.3,0.479
'260',04,03,1982,2890.0,0.6,6.9,0.659,4.6,3.1,0.4,0.179
'260',05,03,1982,10690.0,-2.3,8.1,0.558,2.1,0.1,1.3,0.004
'260',06,03,1982,12060.0,-4.0,7.7,0.485,2.6,0.0,1.3,0.000
'260',07,03,1982,12520.0,-2.0,6.4,0.470,2.6,0.0,1.4,0.000
'260',08,03,1982,11820.0,-3.6,8.5,0.509,1.0,0.0,1.3,0.000
'260',09,03,1982,6100.0,-3.1,8.4,0.544,2.1,0.0,0.7,0.000
'260',10,03,1982,1330.0,1.9,9.2,0.824,7.7,14.9,0.2,0.521
'260',11,03,1982,7410.0,2.1,7.1,0.609,6.2,0.1,0.9,0.012
'260',12,03,1982,4030.0,2.1,8.7,0.672,5.1,5.0,0.5,0.204
'260',13,03,1982,10090.0,1.2,7.8,0.648,3.1,2.4,1.2,0.075
'260',14,03,1982,4910.0,1.4,9.1,0.751,4.6,0.0,0.6,0.000
'260',15,03,1982,11430.0,5.9,12.9,0.709,6.2,0.0,1.6,0.000
'260',16,03,1982,8500.0,3.3,10.4,0.713,6.7,6.6,1.1,0.163
'260',17,03,1982,9650.0,2.2,9.6,0.671,4.1,4.0,1.2,0.062
'260',18,03,1982,9110.0,0.8,9.5,0.706,2.6,0.9,1.1,0.017
'260',19,03,1982,9990.0,-0.2,9.9,0.688,1.5,0.7,1.2,0.029
'260',20,03,1982,11700.0,2.9,9.2,0.701,4.1,0.2,1.5,0.075
'260',21,03,1982,6990.0,1.0,6.8,0.567,1.0,0.0,0.9,0.000
'260',22,03,1982,7130.0,1.9,8.0,0.680,1.0,0.0,0.9,0.000
'260',23,03,1982,8340.0,3.0,9.3,0.756,2.6,0.0,1.1,0.000
'260',24,03,1982,11860.0,1.0,10.0,0.746,1.5,0.0,1.5,0.000
'260',25,03,1982,15750.0,-0.9,11.9,0.565,1.0,0.0,1.9,0.000
'260',26,03,1982,16100.0,-2.0,16.9,0.675,1.0,0.0,2.2,0.000
'260',27,03,1982,15190.0,1.0,18.5,0.676,1.0,0.0,2.2,0.000
'260',28,03,1982,7900.0,3.0,11.3,0.827,1.5,0.0,1.1,0.000
'260',29,03,1982,2500.0,2.3,6.9,0.708,2.1,3.2,0.3,0.183
'260',30,03,1982,5560.0,2.9,7.0,0.678,5.1,0.0,0.7,0.000
'260',31,03,1982,18880.0,1.8,10.8,0.574,5.1,0.0,2.5,0.000
'260',01,04,1982,16700.0,1.7,15.5,0.625,2.6,0.0,2.4,0.000
'260',02,04,1982,14390.0,3.2,17.9,0.878,2.1,0.7,2.1,0.088
'260',03,04,1982,14750.0,4.5,13.4,0.842,2.1,0.0,2.1,0.000
'260',04,04,1982,17680.0,2.4,16.4,0.742,2.1,0.0,2.6,0.000
'260',05,04,1982,16120.0,5.3,19.1,0.801,2.1,0.0,2.5,0.000
'260',06,04,1982,7320.0,9.0,17.0,1.183,2.6,1.3,1.1,0.092
'260',07,04,1982,4880.0,9.2,14.7,1.175,6.2,6.2,0.7,0.392
'260',08,04,1982,10830.0,1.7,10.0,0.640,5.1,3.1,1.4,0.217
'260',09,04,1982,12490.0,0.4,7.1,0.591,3.6,1.7,1.5,0.042
'260',10,04,1982,10520.0,1.1,8.4,0.596,3.6,1.6,1.3,0.042
'260',11,04,1982,11780.0,0.0,7.6,0.609,4.1,2.2,1.4,0.058
'260',12,04,1982,13800.0,0.1,7.5,0.629,3.6,2.0,1.7,0.029
'260',13,04,1982,19610.0,-0.3,9.5,0.605,3.6,0.4,2.4,0.012
'260',14,04,1982,19600.0,-2.2,10.5,0.556,1.5,0.0,2.4,0.000
'260',15,04,1982,21220.0,-1.5,14.6,0.584,2.1,0.0,2.9,0.000
'260',16,04,1982,21510.0,2.0,15.2,0.745,3.1,0.0,3.1,0.000
'260',17,04,1982,22680.0,3.6,10.8,0.732,5.1,0.0,3.1,0.000
'260',18,04,1982,19160.0,4.7,12.8,0.702,2.6,0.0,2.7,0.000
'260',19,04,1982,23200.0,0.4,13.9,0.650,2.6,0.0,3.2,0.000
'260',20,04,1982,18490.0,2.5,13.3,0.737,2.6,0.0,2.5,0.000
'260',21,04,1982,18000.0,2.9,12.5,0.785,2.6,0.0,2.5,0.000
'260',22,04,1982,21610.0,1.3,15.5,0.728,2.1,0.0,3.0,0.000
'260',23,04,1982,15010.0,1.4,13.9,0.755,3.1,0.4,2.0,0.017
'260',24,04,1982,18880.0,3.9,11.9,0.733,5.1,0.4,2.6,0.008
'260',25,04,1982,22470.0,2.2,14.0,0.754,3.6,0.0,3.1,0.000
'260',26,04,1982,14300.0,4.9,12.1,0.853,5.1,0.2,2.0,0.033
'260',27,04,1982,6090.0,5.3,10.7,0.878,3.6,0.1,0.9,0.029
'260',28,04,1982,14270.0,4.5,13.1,0.875,3.1,0.0,2.0,0.000
'260',29,04,1982,12370.0,1.4,10.6,0.663,4.6,1.3,1.6,0.042
'260',30,04,1982,6280.0,1.1,9.5,0.665,3.6,4.1,0.8,0.329
'260',01,05,1982,7030.0,3.7,10.1,0.706,4.6,5.7,1.0,0.221
'260',02,05,1982,16510.0,3.5,11.6,0.618,4.6,0.2,2.3,0.021
'260',03,05,1982,15270.0,6.5,13.5,0.761,6.2,0.8,2.2,0.079
'260',04,05,1982,21450.0,3.9,12.6,0.735,5.1,0.1,3.0,0.021
'260',05,05,1982,11030.0,3.5,11.1,0.797,2.1,0.3,1.5,0.058
'260',06,05,1982,7110.0,5.0,9.1,0.881,2.1,4.6,1.0,0.329
'260',07,05,1982,12460.0,4.2,10.6,0.817,3.1,1.3,1.7,0.046
'260',08,05,1982,15440.0,2.1,11.3,0.767,2.6,0.0,2.1,0.000
'260',09,05,1982,27170.0,-1.0,14.4,0.661,2.6,0.0,3.8,0.000
'260',10,05,1982,21690.0,2.2,16.0,0.682,2.6,0.0,3.2,0.000
'260',11,05,1982,22780.0,4.0,17.2,0.780,2.1,0.0,3.4,0.000
'260',12,05,1982,22740.0,4.9,18.8,0.796,2.6,0.0,3.5,0.000
'260',13,05,1982,27630.0,3.8,19.6,0.684,2.6,0.0,4.3,0.000
'260',14,05,1982,28200.0,4.5,22.8,0.680,3.1,0.0,4.6,0.000
'260',15,05,1982,26450.0,6.7,25.6,0.926,2.1,0.0,4.6,0.000
'260',16,05,1982,19400.0,10.5,24.3,1.135,1.5,0.1,3.4,0.025
'260',17,05,1982,22050.0,10.7,23.6,1.278,1.5,0.0,3.8,0.000
'260',18,05,1982,12440.0,9.7,19.4,1.407,2.1,0.0,2.0,0.000
'260',19,05,1982,19510.0,7.3,19.3,1.149,2.1,0.5,3.2,0.012
'260',20,05,1982,9150.0,12.2,17.9,1.503,1.5,7.5,1.5,0.354
'260',21,05,1982,15280.0,11.8,20.2,1.390,1.5,1.8,2.5,0.025
'260',22,05,1982,8850.0,12.5,18.1,1.378,3.6,2.0,1.4,0.096
'260',23,05,1982,9360.0,9.7,15.5,1.191,3.1,1.0,1.5,0.104
'260',24,05,1982,20380.0,8.9,16.9,1.075,3.6,0.0,3.2,0.000
'260',25,05,1982,14420.0,9.5,20.0,1.248,3.1,0.0,2.4,0.000
'260',26,05,1982,26660.0,10.0,26.3,1.194,2.1,0.0,4.8,0.000
'260',27,05,1982,16080.0,12.0,24.9,1.488,2.6,4.4,2.8,0.017
'260',28,05,1982,20290.0,8.2,18.0,1.043,2.6,0.0,3.2,0.000
'260',29,05,1982,24350.0,5.3,20.5,0.923,2.1,0.0,4.0,0.000
'260',30,05,1982,29210.0,10.2,23.8,0.967,3.6,0.0,5.1,0.000
'260',31,05,1982,28480.0,12.1,27.2,1.230,2.1,0.0,5.2,0.000
'260',01,06,1982,22430.0,11.7,29.2,1.322,1.0,0.0,4.1,0.000
'260',02,06,1982,24410.0,16.0,29.0,1.732,1.5,5.4,4.6,0.104
'260',03,06,1982,23840.0,17.6,29.5,1.750,1.5,0.0,4.6,0.000
'260',04,06,1982,16420.0,15.6,26.8,1.837,2.1,0.0,3.1,0.000
'260',05,06,1982,25980.0,14.2,29.6,1.693,1.5,0.0,4.9,0.000
'260',06,06,1982,11220.0,16.0,27.4,1.867,1.0,0.0,2.1,0.000
'260',07,06,1982,15920.0,15.0,25.8,1.758,1.5,1.7,2.9,0.021
'260',08,06,1982,26120.0,13.8,24.3,1.462,2.6,0.0,4.7,0.000
'260',09,06,1982,27020.0,11.5,20.2,1.324,2.6,0.0,4.6,0.000
'260',10,06,1982,25440.0,7.5,21.8,1.077,2.6,0.0,4.3,0.000
'260',11,06,1982,7140.0,12.6,19.1,1.386,3.6,0.6,1.2,0.029
'260',12,06,1982,14920.0,10.8,18.0,1.135,4.1,0.4,2.4,0.012
'260',13,06,1982,14900.0,10.1,16.3,1.171,3.6,3.4,2.3,0.204
'260',14,06,1982,16410.0,8.1,15.5,0.988,3.1,0.3,2.5,0.012
'260',15,06,1982,10950.0,7.7,15.8,0.929,1.0,0.0,1.7,0.000
'260',16,06,1982,8150.0,7.8,15.4,1.073,1.5,7.2,1.2,0.246
'260',17,06,1982,17890.0,4.8,17.2,0.960,2.1,0.0,2.8,0.000
'260',18,06,1982,13450.0,9.0,19.3,1.334,2.6,5.1,2.2,0.100
'260',19,06,1982,10110.0,13.0,17.6,1.531,3.1,32.1,1.6,0.342
'260',20,06,1982,20620.0,10.1,19.5,1.327,2.1,0.0,3.4,0.000
'260',21,06,1982,15470.0,9.0,19.1,1.286,2.1,0.0,2.5,0.000
'260',22,06,1982,12250.0,13.8,21.3,1.669,3.1,9.9,2.1,0.129
'260',23,06,1982,15700.0,13.8,21.3,1.497,3.6,9.1,2.7,0.092
'260',24,06,1982,10600.0,12.5,19.4,1.439,3.1,4.2,1.8,0.212
'260',25,06,1982,19920.0,11.3,22.8,1.433,2.6,0.0,3.5,0.000
'260',26,06,1982,22070.0,13.0,22.0,1.409,3.1,3.3,3.8,0.033
'260',27,06,1982,17150.0,12.9,19.4,1.413,3.6,0.3,2.9,0.029
'260',28,06,1982,12490.0,12.2,18.3,1.284,4.1,0.6,2.1,0.017
'260',29,06,1982,19220.0,12.3,19.0,1.255,3.6,3.8,3.2,0.050
'260',30,06,1982,23040.0,10.8,19.6,1.210,3.1,0.0,3.9,0.000
'260',01,07,1982,10730.0,11.2,18.0,1.334,2.1,0.4,1.8,0.096
'260',02,07,1982,25740.0,13.8,26.7,1.633,2.6,0.0,4.8,0.000
'260',03,07,1982,8830.0,13.1,22.0,1.475,2.6,0.5,1.5,0.008
'260',04,07,1982,18890.0,12.0,18.5,1.167,4.6,0.0,3.2,0.000
'260',05,07,1982,21220.0,13.8,19.5,1.276,3.1,0.0,3.6,0.000
'260',06,07,1982,9970.0,11.0,19.0,1.395,2.1,0.0,1.7,0.000
'260',07,07,1982,27220.0,10.1,23.2,1.124,1.0,0.0,4.7,0.000
'260',08,07,1982,26260.0,12.1,26.9,1.546,1.5,0.0,4.8,0.000
'260',09,07,1982,28040.0,16.0,31.7,1.522,4.1,0.0,5.5,0.000
'260',10,07,1982,13280.0,16.2,22.6,1.711,3.1,0.0,2.4,0.000
'260',11,07,1982,25020.0,15.4,26.9,1.877,4.1,0.0,4.6,0.000
'260',12,07,1982,24380.0,17.0,29.2,1.903,4.6,0.0,4.6,0.000
'260',13,07,1982,24970.0,15.5,29.8,1.857,3.6,0.0,4.8,0.000
'260',14,07,1982,22930.0,17.3,32.1,1.962,3.1,0.1,4.5,0.008
'260',15,07,1982,18780.0,16.5,28.3,1.747,3.6,20.3,3.5,0.075
'260',16,07,1982,17490.0,10.9,21.7,1.281,2.6,0.0,3.0,0.000
'260',17,07,1982,19670.0,9.3,22.2,1.184,2.1,0.0,3.4,0.000
'260',18,07,1982,27100.0,9.9,23.2,1.160,3.1,0.0,4.8,0.000
'260',19,07,1982,21500.0,13.3,23.0,1.599,4.1,0.0,3.8,0.000
'260',20,07,1982,21730.0,12.5,25.1,1.491,4.6,0.0,3.9,0.000
'260',21,07,1982,16780.0,13.1,21.5,1.507,4.6,0.0,2.9,0.000
'260',22,07,1982,17430.0,11.2,21.4,1.312,2.6,0.0,3.0,0.000
'260',23,07,1982,11850.0,15.2,20.5,1.464,2.1,0.0,2.1,0.000
'260',24,07,1982,10550.0,15.1,20.9,1.520,2.6,0.0,1.8,0.000
'260',25,07,1982,14600.0,14.0,19.6,1.357,2.1,0.0,2.5,0.000
'260',26,07,1982,16780.0,12.0,20.6,1.263,2.6,0.0,2.8,0.000
'260',27,07,1982,12780.0,12.7,20.0,1.322,2.6,1.4,2.1,0.096
'260',28,07,1982,21530.0,14.6,24.0,1.535,4.6,0.0,3.8,0.000
'260',29,07,1982,22460.0,14.3,28.0,1.511,4.1,0.0,4.2,0.000
'260',30,07,1982,21290.0,14.9,30.3,1.367,4.1,0.0,4.1,0.000
'260',31,07,1982,20750.0,18.3,29.8,1.890,2.1,1.6,4.0,0.012
'260',01,08,1982,17800.0,17.8,25.6,1.957,2.1,0.0,3.3,0.000
'260',02,08,1982,22140.0,16.7,31.9,1.650,2.6,0.0,4.3,0.000
'260',03,08,1982,21720.0,17.7,31.4,1.658,2.1,0.0,4.3,0.000
'260',04,08,1982,21550.0,15.7,30.8,1.638,2.1,0.0,4.1,0.000
'260',05,08,1982,5770.0,15.3,20.8,1.856,2.1,3.2,1.0,0.158
'260',06,08,1982,21490.0,14.8,25.8,1.680,1.5,0.0,3.9,0.000
'260',07,08,1982,16850.0,16.9,23.7,1.906,2.6,0.0,3.1,0.000
'260',08,08,1982,9940.0,14.6,22.5,1.539,2.1,0.2,1.8,0.042
'260',09,08,1982,13910.0,12.6,22.8,1.491,3.1,1.2,2.4,0.042
'260',10,08,1982,23080.0,10.8,22.3,1.180,2.6,1.4,4.0,0.037
'260',11,08,1982,20730.0,10.0,24.8,1.347,2.1,0.0,3.6,0.000
'260',12,08,1982,20960.0,14.0,28.7,1.728,3.1,0.0,3.8,0.000
'260',13,08,1982,12860.0,13.0,20.6,1.394,4.1,3.7,2.2,0.058
'260',14,08,1982,18630.0,11.4,20.5,1.219,2.1,0.2,3.1,0.021
'260',15,08,1982,9180.0,13.4,21.5,1.584,3.6,4.5,1.6,0.121
'260',16,08,1982,10330.0,15.1,20.4,1.440,4.1,0.0,1.8,0.000
'260',17,08,1982,14170.0,14.3,20.2,1.422,3.6,7.7,2.4,0.062
'260',18,08,1982,5860.0,13.3,19.0,1.557,5.1,4.6,1.0,0.137
'260',19,08,1982,20770.0,9.7,19.2,1.078,4.1,0.1,3.4,0.008
'260',20,08,1982,19310.0,10.7,18.0,1.214,4.6,8.6,3.1,0.137
'260',21,08,1982,10590.0,14.0,17.1,1.278,4.1,0.2,1.8,0.025
'260',22,08,1982,8740.0,13.7,20.8,1.536,4.1,0.0,1.5,0.000
'260',23,08,1982,10840.0,13.0,19.2,1.353,3.1,2.0,1.8,0.050
'260',24,08,1982,11670.0,11.8,19.1,1.304,3.1,4.0,1.9,0.292
'260',25,08,1982,13650.0,9.4,18.1,1.127,3.1,1.8,2.2,0.050
'260',26,08,1982,11440.0,9.5,18.7,1.276,2.1,0.2,1.9,0.021
'260',27,08,1982,14640.0,8.7,18.4,1.139,3.1,1.2,2.4,0.008
'260',28,08,1982,12210.0,7.6,19.8,1.134,1.5,0.1,1.9,0.004
'260',29,08,1982,20180.0,6.2,21.2,0.965,2.1,0.0,3.3,0.000
'260',30,08,1982,12480.0,11.0,19.7,1.342,3.1,0.6,2.1,0.012
'260',31,08,1982,9080.0,10.3,17.7,1.317,2.6,1.7,1.5,0.025
'260',01,09,1982,8840.0,7.5,17.1,1.117,2.6,1.8,1.4,0.104
'260',02,09,1982,20110.0,7.4,19.0,1.087,2.6,1.8,3.2,0.054
'260',03,09,1982,18650.0,6.7,21.4,1.047,3.1,0.0,3.1,0.000
'260',04,09,1982,17390.0,11.4,21.5,1.411,2.6,0.0,2.9,0.000
'260',05,09,1982,13560.0,11.3,24.9,1.592,2.6,0.4,2.4,0.008
'260',06,09,1982,3460.0,14.5,19.3,1.669,2.6,0.0,0.6,0.000
'260',07,09,1982,5010.0,14.0,19.5,1.553,3.1,0.0,0.9,0.000
'260',08,09,1982,9730.0,14.6,20.5,1.525,2.6,0.0,1.7,0.000
'260',09,09,1982,15010.0,9.5,20.9,1.256,1.5,0.0,2.5,0.000
'260',10,09,1982,16260.0,9.3,25.4,1.358,1.5,0.0,2.8,0.000
'260',11,09,1982,12350.0,10.9,21.5,1.550,2.6,0.0,2.1,0.000
'260',12,09,1982,10810.0,8.5,21.8,1.482,1.5,0.0,1.8,0.000
'260',13,09,1982,13050.0,8.5,21.9,1.285,2.1,0.0,2.2,0.000
'260',14,09,1982,14690.0,7.0,21.7,1.200,1.0,0.0,2.4,0.000
'260',15,09,1982,14340.0,9.0,26.5,1.509,1.0,0.0,2.5,0.000
'260',16,09,1982,11830.0,9.6,24.5,1.612,1.5,0.0,2.0,0.000
'260',17,09,1982,13950.0,9.6,25.4,1.393,2.1,0.0,2.4,0.000
'260',18,09,1982,10290.0,13.2,22.0,1.724,1.5,0.0,1.8,0.000
'260',19,09,1982,13820.0,12.4,26.4,1.618,2.1,0.0,2.5,0.000
'260',20,09,1982,9600.0,15.5,23.8,1.857,3.6,1.9,1.7,0.012
'260',21,09,1982,4440.0,8.2,20.0,1.248,5.1,5.9,0.7,0.100
'260',22,09,1982,14430.0,4.8,16.6,0.880,2.1,0.0,2.2,0.000
'260',23,09,1982,10990.0,2.4,16.8,0.908,2.6,2.4,1.6,0.125
'260',24,09,1982,11430.0,11.5,18.5,1.245,3.6,0.0,1.9,0.000
'260',25,09,1982,4290.0,13.1,18.3,1.457,3.6,4.9,0.7,0.225
'260',26,09,1982,4920.0,12.3,17.4,1.399,3.6,2.9,0.8,0.100
'260',27,09,1982,13600.0,10.7,18.7,1.198,4.6,0.0,2.2,0.000
'260',28,09,1982,12490.0,10.6,18.0,1.183,2.6,0.0,2.0,0.000
'260',29,09,1982,12750.0,10.9,22.8,1.308,2.6,0.0,2.2,0.000
'260',30,09,1982,1900.0,11.8,15.6,1.430,2.1,1.6,0.3,0.246
'260',01,10,1982,11210.0,8.8,18.3,1.187,1.5,0.0,1.7,0.000
'260',02,10,1982,13160.0,6.7,19.2,1.220,1.5,0.0,2.1,0.000
'260',03,10,1982,6620.0,8.8,17.6,1.341,1.5,0.0,1.0,0.000
'260',04,10,1982,11410.0,8.6,16.7,1.161,2.6,0.0,1.8,0.000
'260',05,10,1982,1770.0,6.6,12.9,1.127,2.1,5.5,0.3,0.183
'260',06,10,1982,7320.0,4.8,15.8,1.054,2.1,0.0,1.1,0.000
'260',07,10,1982,2150.0,8.9,13.2,1.255,2.6,15.4,0.3,0.337
'260',08,10,1982,4200.0,8.9,14.2,1.212,1.5,16.2,0.6,0.150
'260',09,10,1982,4460.0,10.2,13.6,1.227,2.6,14.0,0.7,0.342
'260',10,10,1982,2870.0,9.7,13.1,1.194,3.1,26.1,0.4,0.400
'260',11,10,1982,3210.0,8.3,12.4,1.093,2.1,1.2,0.5,0.154
'260',12,10,1982,5380.0,7.4,13.8,1.117,2.6,0.8,0.8,0.121
'260',13,10,1982,3550.0,8.3,12.5,1.082,4.1,7.4,0.5,0.238
'260',14,10,1982,4850.0,9.2,13.9,1.127,3.1,2.0,0.7,0.100
'260',15,10,1982,5130.0,8.4,12.6,1.031,3.1,5.5,0.8,0.225
'260',16,10,1982,7640.0,5.6,12.7,0.936,3.1,0.4,1.1,0.046
'260',17,10,1982,6770.0,9.2,15.4,1.104,4.1,1.4,1.0,0.146
'260',18,10,1982,8150.0,9.2,16.8,1.169,3.6,3.2,1.3,0.088
'260',19,10,1982,5060.0,9.6,14.0,1.205,3.6,0.2,0.8,0.042
'260',20,10,1982,4500.0,10.1,15.2,1.137,4.6,0.0,0.7,0.000
'260',21,10,1982,5140.0,11.1,16.4,1.271,2.6,2.3,0.8,0.179
'260',22,10,1982,8150.0,9.8,19.2,1.337,3.1,0.1,1.3,0.042
'260',23,10,1982,1410.0,9.6,13.5,1.249,3.6,2.5,0.2,0.279
'260',24,10,1982,8820.0,3.6,14.5,0.829,2.1,0.0,1.3,0.000
'260',25,10,1982,2900.0,5.2,12.2,0.969,3.1,0.0,0.4,0.000
'260',26,10,1982,2420.0,9.5,14.1,1.242,3.1,0.0,0.4,0.000
'260',27,10,1982,8760.0,3.9,15.3,0.934,1.0,0.0,1.3,0.000
'260',28,10,1982,4670.0,4.1,14.9,1.096,1.5,0.0,0.7,0.000
'260',29,10,1982,6040.0,8.4,13.2,1.113,2.6,0.0,0.9,0.000
'260',30,10,1982,750.0,7.0,9.9,0.963,1.5,0.0,0.1,0.000
'260',31,10,1982,3540.0,6.2,10.5,0.925,2.6,0.0,0.5,0.000
'260',01,11,1982,3930.0,10.4,17.1,1.304,3.6,0.0,0.6,0.000
'260',02,11,1982,1050.0,11.2,13.6,1.382,2.1,0.0,0.2,0.000
'260',03,11,1982,2130.0,11.2,13.8,1.383,1.0,0.0,0.3,0.000
'260',04,11,1982,1030.0,10.4,12.6,1.261,2.1,0.0,0.2,0.000
'260',05,11,1982,1590.0,7.4,11.9,1.067,3.1,0.0,0.2,0.000
'260',06,11,1982,6590.0,4.1,9.3,0.722,6.2,0.0,0.9,0.000
'260',07,11,1982,5200.0,2.4,9.5,0.503,5.7,0.0,0.7,0.000
'260',08,11,1982,3640.0,7.7,16.5,1.083,5.7,5.2,0.6,0.212
'260',09,11,1982,1910.0,9.4,13.2,1.160,4.6,0.0,0.3,0.000
'260',10,11,1982,1820.0,9.0,12.1,1.143,5.1,1.1,0.3,0.117
'260',11,11,1982,4730.0,8.0,14.6,1.191,3.6,0.0,0.7,0.000
'260',12,11,1982,2160.0,8.1,14.5,1.099,5.1,4.5,0.3,0.129
'260',13,11,1982,2140.0,3.5,8.5,0.811,3.6,0.8,0.3,0.037
'260',14,11,1982,4710.0,3.9,8.1,0.770,3.6,3.3,0.6,0.225
'260',15,11,1982,4430.0,-0.8,7.4,0.664,2.1,7.8,0.5,0.333
'260',16,11,1982,750.0,-0.5,7.8,0.664,4.6,4.5,0.1,0.183
'260',17,11,1982,2700.0,3.7,9.2,0.797,4.1,7.0,0.4,0.300
'260',18,11,1982,650.0,7.2,12.3,0.996,5.7,7.4,0.1,0.238
'260',19,11,1982,3250.0,5.2,10.6,0.777,5.7,3.0,0.5,0.021
'260',20,11,1982,2900.0,5.3,11.0,0.887,4.6,1.3,0.4,0.033
'260',21,11,1982,3320.0,5.4,8.8,0.865,5.1,0.0,0.5,0.000
'260',22,11,1982,2030.0,4.6,8.9,0.868,5.1,9.7,0.3,0.238
'260',23,11,1982,780.0,3.9,12.7,0.928,4.1,2.3,0.1,0.167
'260',24,11,1982,2080.0,5.9,13.8,0.920,5.7,0.0,0.3,0.000
'260',25,11,1982,760.0,6.5,9.3,0.880,5.7,2.2,0.1,0.221
'260',26,11,1982,1580.0,3.4,8.9,0.840,3.1,1.4,0.2,0.017
'260',27,11,1982,2580.0,1.1,7.1,0.776,2.1,0.0,0.3,0.000
'260',28,11,1982,2120.0,1.5,5.0,0.750,3.1,0.0,0.3,0.000
'260',29,11,1982,1430.0,2.0,3.8,0.750,2.1,0.0,0.2,0.000
'260',30,11,1982,1390.0,0.4,4.1,0.662,3.1,0.0,0.2,0.000
'260',01,12,1982,3650.0,-1.5,2.3,0.553,3.1,0.0,0.4,0.000
'260',02,12,1982,940.0,-2.5,1.6,0.553,1.0,0.0,0.1,0.000
'260',03,12,1982,460.0,1.1,2.9,0.637,1.0,0.0,0.1,0.000
'260',04,12,1982,360.0,1.5,3.5,0.682,2.1,0.0,0.0,0.000
'260',05,12,1982,1660.0,2.0,6.0,0.735,4.1,4.8,0.2,0.229
'260',06,12,1982,3090.0,-2.3,7.0,0.699,1.0,0.6,0.4,0.100
'260',07,12,1982,1190.0,-2.6,11.1,0.840,2.6,4.6,0.1,0.125
'260',08,12,1982,2700.0,3.9,11.9,0.828,5.1,0.1,0.4,0.008
'260',09,12,1982,630.0,2.3,9.2,0.779,5.1,10.5,0.1,0.242
'260',10,12,1982,990.0,3.5,11.5,0.861,5.7,9.5,0.1,0.283
'260',11,12,1982,1560.0,1.6,7.5,0.744,4.6,7.5,0.2,0.125
'260',12,12,1982,2110.0,-0.1,3.2,0.657,2.6,0.0,0.2,0.000
'260',13,12,1982,1210.0,-2.1,0.0,0.558,2.1,0.0,0.1,0.000
'260',14,12,1982,680.0,-2.8,1.9,0.546,4.1,0.3,0.1,0.037
'260',15,12,1982,450.0,1.9,13.0,0.946,8.2,1.4,0.1,0.183
'260',16,12,1982,1280.0,4.2,11.5,0.774,6.2,3.1,0.2,0.067
'260',17,12,1982,1010.0,0.3,4.4,0.602,2.6,4.1,0.1,0.233
'260',18,12,1982,2130.0,-1.0,3.6,0.628,2.1,1.5,0.2,0.046
'260',19,12,1982,2640.0,-1.1,6.9,0.617,6.7,8.6,0.3,0.158
'260',20,12,1982,1680.0,4.2,7.2,0.768,7.2,1.7,0.2,0.046
'260',21,12,1982,660.0,2.9,5.3,0.733,7.2,9.0,0.1,0.362
'260',22,12,1982,990.0,-1.1,3.5,0.643,1.5,4.4,0.1,0.258
'260',23,12,1982,2420.0,-2.4,2.8,0.592,1.5,0.2,0.3,0.004
'260',24,12,1982,640.0,-1.5,2.9,0.578,5.1,0.3,0.1,0.117
'260',25,12,1982,800.0,2.9,6.2,0.850,2.1,0.1,0.1,0.021
'260',26,12,1982,860.0,6.2,8.5,0.962,3.6,0.1,0.1,0.033
'260',27,12,1982,2630.0,5.5,9.7,0.849,5.1,0.4,0.4,0.037
'260',28,12,1982,1630.0,2.0,6.9,0.695,4.1,0.2,0.2,0.008
'260',29,12,1982,3350.0,-2.0,6.9,0.647,1.0,0.0,0.4,0.000
'260',30,12,1982,2060.0,-0.1,4.9,0.667,2.6,0.0,0.2,0.000
'260',31,12,1982,930.0,-1.3,1.6,0.567,3.1,0.0,0.1,0.000
