* Source of data    : Royal Netherlands Meterological Institute (www.knmi.nl)
* File content      : Meteo from www.knmi.nl; input file for Swap 3.2 (www.swap.alterra.nl)
* File generated by : Alterra - Wageningen-UR (www.alterra.wur.nl)
* File generated at : 2017-02-27 11:38:43
Station,DD,MM,YYYY,Rad,Tmin,Tmax,Hum,Wind,Rain,ETref,Wet
'260',01,01,1998,2190.0,2.0,7.9,0.784,4.9,1.5,0.3,0.042
'260',02,01,1998,690.0,5.8,9.7,0.953,6.8,11.3,0.1,0.300
'260',03,01,1998,250.0,5.8,11.4,0.861,8.5,15.2,0.0,0.292
'260',04,01,1998,1270.0,4.8,8.6,0.766,8.8,2.0,0.2,0.146
'260',05,01,1998,500.0,3.8,7.9,0.768,8.4,12.0,0.1,0.300
'260',06,01,1998,3020.0,5.3,8.7,0.843,5.5,1.3,0.4,0.058
'260',07,01,1998,1610.0,6.0,11.1,0.952,7.0,6.5,0.2,0.188
'260',08,01,1998,930.0,6.9,11.6,1.024,8.3,3.7,0.1,0.121
'260',09,01,1998,1540.0,6.9,12.3,1.078,5.8,0.0,0.2,0.000
'260',10,01,1998,3680.0,4.2,10.8,0.862,3.3,0.0,0.5,0.000
'260',11,01,1998,3820.0,1.4,10.0,0.754,3.2,0.0,0.5,0.000
'260',12,01,1998,2490.0,4.2,10.2,0.904,3.1,0.0,0.3,0.000
'260',13,01,1998,2730.0,3.9,9.6,0.870,4.1,0.0,0.4,0.000
'260',14,01,1998,310.0,4.8,10.5,0.870,6.8,6.6,0.0,0.200
'260',15,01,1998,610.0,4.0,9.5,0.905,6.2,2.8,0.1,0.096
'260',16,01,1998,1190.0,5.2,8.2,0.905,4.1,0.6,0.2,0.037
'260',17,01,1998,2310.0,3.3,8.1,0.814,5.3,0.8,0.3,0.067
'260',18,01,1998,560.0,3.8,6.3,0.678,7.0,8.3,0.1,0.317
'260',19,01,1998,1350.0,1.8,7.5,0.754,6.3,3.4,0.2,0.258
'260',20,01,1998,790.0,-0.5,4.9,0.605,5.8,1.7,0.1,0.167
'260',21,01,1998,4300.0,-4.2,2.2,0.444,2.1,0.0,0.5,0.000
'260',22,01,1998,4000.0,-5.7,1.2,0.428,2.5,0.0,0.4,0.000
'260',23,01,1998,520.0,-3.1,1.3,0.553,2.8,0.0,0.1,0.000
'260',24,01,1998,2870.0,0.8,4.8,0.633,5.2,0.2,0.3,0.033
'260',25,01,1998,4220.0,-1.9,3.5,0.430,5.5,0.0,0.5,0.000
'260',26,01,1998,6080.0,-5.0,3.0,0.419,2.8,0.0,0.6,0.000
'260',27,01,1998,5890.0,-6.6,4.0,0.427,1.0,0.0,0.6,0.000
'260',28,01,1998,910.0,0.4,4.6,0.671,1.9,0.4,0.1,0.088
'260',29,01,1998,3870.0,1.6,6.2,0.760,1.7,0.7,0.5,0.079
'260',30,01,1998,1580.0,1.6,7.0,0.794,2.7,0.8,0.2,0.058
'260',31,01,1998,6360.0,-4.8,4.7,0.338,4.7,0.4,0.7,0.050
'260',01,02,1998,5120.0,-9.1,-1.6,0.261,2.8,0.0,0.4,0.000
'260',02,02,1998,2670.0,-10.2,4.1,0.491,2.8,3.7,0.3,0.108
'260',03,02,1998,5730.0,-1.8,5.8,0.562,2.2,0.0,0.6,0.000
'260',04,02,1998,6400.0,-0.7,5.3,0.627,4.1,0.0,0.7,0.000
'260',05,02,1998,5070.0,-0.5,8.1,0.754,3.3,0.0,0.6,0.000
'260',06,02,1998,1530.0,4.2,7.2,0.754,3.6,0.0,0.2,0.000
'260',07,02,1998,2860.0,1.3,7.1,0.712,4.5,2.9,0.3,0.121
'260',08,02,1998,4480.0,-0.7,7.0,0.731,4.0,0.0,0.5,0.000
'260',09,02,1998,6980.0,2.3,10.5,0.645,4.7,0.0,0.9,0.000
'260',10,02,1998,5340.0,2.4,9.9,0.789,3.9,0.0,0.7,0.000
'260',11,02,1998,5210.0,5.9,10.6,0.915,6.0,0.0,0.7,0.000
'260',12,02,1998,4500.0,7.9,12.6,1.093,5.9,0.0,0.7,0.000
'260',13,02,1998,5220.0,7.7,16.2,1.131,3.3,0.0,0.8,0.000
'260',14,02,1998,7300.0,3.5,15.2,0.954,3.0,0.0,1.1,0.000
'260',15,02,1998,5680.0,6.6,15.1,0.941,3.7,0.0,0.8,0.000
'260',16,02,1998,5270.0,7.1,12.5,0.987,6.9,0.6,0.8,0.079
'260',17,02,1998,3610.0,3.6,8.6,0.752,3.0,0.2,0.5,0.037
'260',18,02,1998,8370.0,0.7,11.8,0.775,2.7,0.0,1.1,0.000
'260',19,02,1998,6080.0,3.8,11.8,0.870,3.8,0.0,0.8,0.000
'260',20,02,1998,7920.0,8.5,14.3,1.065,4.3,0.0,1.2,0.000
'260',21,02,1998,2080.0,7.0,12.1,1.051,4.4,1.9,0.3,0.142
'260',22,02,1998,3110.0,3.8,9.2,0.886,2.8,4.6,0.4,0.042
'260',23,02,1998,7110.0,1.2,10.4,0.793,3.9,1.5,0.9,0.129
'260',24,02,1998,4180.0,8.2,12.3,1.105,2.8,0.0,0.6,0.000
'260',25,02,1998,3290.0,3.5,10.9,0.901,1.3,0.0,0.5,0.000
'260',26,02,1998,1210.0,6.7,9.1,0.950,4.4,0.0,0.2,0.000
'260',27,02,1998,1840.0,7.0,9.8,0.860,8.0,0.0,0.3,0.000
'260',28,02,1998,7420.0,0.6,8.6,0.637,6.1,7.3,0.9,0.238
'260',01,03,1998,4540.0,0.5,7.1,0.677,4.3,0.6,0.5,0.029
'260',02,03,1998,7610.0,3.6,11.2,0.836,6.5,3.4,1.1,0.208
'260',03,03,1998,710.0,7.6,13.9,1.205,9.1,16.6,0.1,0.625
'260',04,03,1998,1580.0,5.3,14.8,0.928,7.8,6.6,0.2,0.188
'260',05,03,1998,5490.0,3.8,7.9,0.781,6.7,15.9,0.7,0.346
'260',06,03,1998,1170.0,4.7,10.4,1.026,4.6,35.3,0.2,0.817
'260',07,03,1998,3490.0,7.5,12.0,1.055,7.5,17.6,0.5,0.425
'260',08,03,1998,4080.0,-1.5,8.3,0.577,4.5,2.9,0.5,0.100
'260',09,03,1998,11440.0,-2.5,8.6,0.573,2.4,0.1,1.3,0.012
'260',10,03,1998,11640.0,0.7,8.5,0.579,5.0,0.0,1.5,0.000
'260',11,03,1998,1980.0,0.5,5.8,0.580,5.6,9.4,0.2,0.487
'260',12,03,1998,9110.0,-1.6,7.2,0.584,3.4,0.2,1.1,0.017
'260',13,03,1998,2880.0,-1.9,8.8,0.741,3.3,0.6,0.4,0.075
'260',14,03,1998,4050.0,6.6,9.9,0.989,3.8,0.6,0.6,0.067
'260',15,03,1998,5110.0,6.5,11.9,1.036,3.2,0.0,0.7,0.000
'260',16,03,1998,4250.0,7.9,11.3,1.042,2.6,0.0,0.6,0.000
'260',17,03,1998,7310.0,8.2,12.3,1.051,3.1,0.0,1.1,0.000
'260',18,03,1998,7600.0,3.2,11.9,0.819,3.7,0.0,1.1,0.000
'260',19,03,1998,13080.0,1.5,10.7,0.688,3.0,0.0,1.7,0.000
'260',20,03,1998,4240.0,3.6,9.8,0.888,3.4,0.8,0.6,0.137
'260',21,03,1998,11570.0,2.3,10.2,0.690,2.2,0.0,1.5,0.000
'260',22,03,1998,4590.0,3.5,9.4,0.801,3.5,1.3,0.6,0.054
'260',23,03,1998,7430.0,0.5,6.7,0.567,5.0,0.2,0.9,0.021
'260',24,03,1998,15050.0,-2.5,8.9,0.448,2.6,0.0,1.8,0.000
'260',25,03,1998,15130.0,0.7,12.1,0.490,3.4,0.0,2.0,0.000
'260',26,03,1998,5460.0,2.0,9.8,0.644,5.4,3.7,0.7,0.300
'260',27,03,1998,2320.0,8.5,11.8,1.192,4.0,0.7,0.3,0.050
'260',28,03,1998,5940.0,10.4,14.4,1.264,3.2,0.0,0.9,0.000
'260',29,03,1998,9440.0,10.1,18.8,1.226,2.7,0.0,1.5,0.000
'260',30,03,1998,11280.0,12.6,19.3,1.321,3.9,0.0,1.9,0.000
'260',31,03,1998,7910.0,7.3,15.9,1.130,2.5,0.0,1.2,0.000
'260',01,04,1998,4570.0,6.8,12.6,1.114,1.7,1.3,0.7,0.033
'260',02,04,1998,6260.0,9.1,14.8,1.192,2.4,5.7,1.0,0.229
'260',03,04,1998,3520.0,7.2,13.8,1.061,5.3,11.5,0.5,0.233
'260',04,04,1998,6010.0,7.8,13.7,1.085,6.4,2.9,0.9,0.150
'260',05,04,1998,9690.0,7.4,13.3,1.003,5.3,1.5,1.4,0.050
'260',06,04,1998,11280.0,5.4,14.3,0.937,4.2,0.7,1.6,0.021
'260',07,04,1998,8730.0,2.2,12.8,0.846,2.4,9.0,1.2,0.254
'260',08,04,1998,9120.0,4.0,11.8,0.891,2.0,1.9,1.3,0.033
'260',09,04,1998,12420.0,3.0,13.0,0.858,2.7,3.4,1.7,0.088
'260',10,04,1998,7510.0,4.3,11.7,0.917,2.2,3.0,1.0,0.071
'260',11,04,1998,11870.0,2.7,11.1,0.814,3.1,0.5,1.6,0.021
'260',12,04,1998,16300.0,3.3,9.6,0.665,4.0,0.2,2.1,0.029
'260',13,04,1998,6800.0,0.3,6.3,0.675,4.4,12.7,0.8,0.375
'260',14,04,1998,11120.0,0.5,8.4,0.614,4.8,0.2,1.4,0.029
'260',15,04,1998,3540.0,2.4,8.6,0.812,4.5,11.5,0.5,0.483
'260',16,04,1998,13230.0,1.7,10.4,0.701,4.5,2.6,1.7,0.058
'260',17,04,1998,11250.0,3.7,13.5,0.785,3.3,0.6,1.6,0.137
'260',18,04,1998,9400.0,7.1,12.3,0.926,1.9,0.1,1.4,0.017
'260',19,04,1998,6880.0,6.8,13.3,0.970,1.9,0.1,1.0,0.033
'260',20,04,1998,4740.0,7.3,13.7,1.060,4.0,5.2,0.7,0.129
'260',21,04,1998,16900.0,5.6,15.7,0.932,3.0,0.0,2.5,0.000
'260',22,04,1998,20180.0,8.5,20.5,1.050,4.2,0.0,3.3,0.000
'260',23,04,1998,19150.0,9.8,21.7,1.257,3.9,0.7,3.1,0.071
'260',24,04,1998,8470.0,10.5,14.9,1.200,5.3,2.1,1.3,0.129
'260',25,04,1998,4970.0,9.4,14.7,1.297,4.0,12.8,0.8,0.337
'260',26,04,1998,11060.0,8.6,14.6,1.035,2.8,0.1,1.7,0.008
'260',27,04,1998,8580.0,7.2,14.8,0.971,1.9,6.1,1.3,0.212
'260',28,04,1998,14790.0,7.4,15.8,1.018,1.8,1.1,2.2,0.008
'260',29,04,1998,14590.0,4.3,16.9,0.935,2.9,0.0,2.2,0.000
'260',30,04,1998,6200.0,9.8,15.4,1.273,2.4,0.0,1.0,0.000
'260',01,05,1998,6110.0,8.9,14.3,1.263,2.6,0.0,0.9,0.000
'260',02,05,1998,5290.0,7.4,12.3,1.132,4.0,0.0,0.8,0.000
'260',03,05,1998,9870.0,7.5,13.0,0.973,4.3,0.0,1.4,0.000
'260',04,05,1998,20070.0,6.3,13.0,0.879,3.3,0.0,2.9,0.000
'260',05,05,1998,10530.0,7.0,14.2,0.970,3.4,0.3,1.6,0.117
'260',06,05,1998,6080.0,9.6,13.8,1.231,6.3,5.9,0.9,0.283
'260',07,05,1998,8530.0,10.0,15.6,1.114,5.7,0.0,1.3,0.000
'260',08,05,1998,23530.0,7.5,23.2,1.095,3.5,0.0,4.0,0.000
'260',09,05,1998,22060.0,11.6,26.5,1.435,3.1,0.0,3.9,0.000
'260',10,05,1998,23840.0,10.4,28.1,1.372,2.3,0.0,4.4,0.000
'260',11,05,1998,22580.0,14.7,30.3,1.482,2.7,0.0,4.3,0.000
'260',12,05,1998,21540.0,15.0,32.0,1.550,2.4,0.0,4.2,0.000
'260',13,05,1998,24060.0,16.7,28.9,1.673,5.2,0.0,4.6,0.000
'260',14,05,1998,26140.0,13.9,25.5,1.142,4.8,0.0,4.7,0.000
'260',15,05,1998,27110.0,11.7,25.2,0.889,4.4,0.0,4.8,0.000
'260',16,05,1998,27150.0,10.8,21.7,1.011,4.5,0.0,4.6,0.000
'260',17,05,1998,27130.0,8.8,22.2,1.002,3.6,0.0,4.6,0.000
'260',18,05,1998,22140.0,8.9,24.0,1.189,2.7,0.0,3.8,0.000
'260',19,05,1998,26350.0,9.9,21.6,1.133,3.3,0.0,4.4,0.000
'260',20,05,1998,16280.0,9.6,19.0,1.178,2.6,0.0,2.6,0.000
'260',21,05,1998,12740.0,8.6,16.0,1.027,3.2,0.0,2.0,0.000
'260',22,05,1998,11330.0,6.1,13.1,0.859,3.3,0.0,1.7,0.000
'260',23,05,1998,11020.0,2.9,15.9,0.927,2.2,0.1,1.6,0.021
'260',24,05,1998,6770.0,9.8,15.3,1.208,2.5,2.4,1.0,0.204
'260',25,05,1998,14240.0,10.0,18.3,1.281,2.7,0.1,2.3,0.017
'260',26,05,1998,5770.0,10.1,15.2,1.387,1.9,14.6,0.9,0.304
'260',27,05,1998,13280.0,8.8,18.1,1.273,1.6,3.2,2.1,0.117
'260',28,05,1998,19120.0,9.0,21.5,1.356,2.4,3.4,3.2,0.083
'260',29,05,1998,11010.0,12.7,20.0,1.529,1.9,14.7,1.9,0.208
'260',30,05,1998,14740.0,10.1,20.0,1.214,2.0,0.0,2.4,0.000
'260',31,05,1998,11630.0,10.4,20.1,1.431,2.5,0.0,1.9,0.000
'260',01,06,1998,19820.0,11.0,21.6,1.236,2.6,0.0,3.4,0.000
'260',02,06,1998,14730.0,13.3,22.1,1.605,4.0,2.4,2.5,0.062
'260',03,06,1998,15910.0,12.6,20.3,1.458,4.5,3.1,2.7,0.088
'260',04,06,1998,11270.0,10.1,17.3,1.291,3.5,0.0,1.8,0.000
'260',05,06,1998,10500.0,7.8,16.4,1.141,3.9,5.5,1.7,0.133
'260',06,06,1998,13050.0,14.5,26.3,1.955,2.5,48.3,2.3,0.146
'260',07,06,1998,12210.0,13.1,19.6,1.427,3.6,10.7,2.1,0.246
'260',08,06,1998,15190.0,13.3,18.9,1.416,5.4,0.2,2.6,0.037
'260',09,06,1998,3540.0,14.5,18.0,1.624,4.9,11.6,0.6,0.429
'260',10,06,1998,20360.0,9.5,19.1,1.212,4.6,8.3,3.3,0.100
'260',11,06,1998,14680.0,9.5,18.2,1.355,2.6,26.6,2.3,0.238
'260',12,06,1998,15970.0,5.3,14.3,0.922,3.9,11.7,2.4,0.367
'260',13,06,1998,20470.0,3.7,17.4,0.915,3.4,0.0,3.2,0.000
'260',14,06,1998,9930.0,11.1,16.4,1.340,3.7,6.0,1.6,0.317
'260',15,06,1998,16050.0,9.7,19.4,1.334,2.2,7.5,2.6,0.092
'260',16,06,1998,13200.0,9.7,17.4,1.297,3.5,0.5,2.1,0.025
'260',17,06,1998,19880.0,11.3,18.0,1.176,3.8,0.8,3.2,0.054
'260',18,06,1998,5650.0,12.1,15.8,1.453,3.5,11.2,0.9,0.383
'260',19,06,1998,12320.0,13.9,22.7,1.718,2.7,0.2,2.2,0.029
'260',20,06,1998,25260.0,12.6,28.0,1.580,2.0,0.0,4.7,0.000
'260',21,06,1998,24960.0,16.8,29.7,2.044,3.6,0.2,4.7,0.042
'260',22,06,1998,22860.0,13.8,20.1,1.416,4.3,0.0,3.9,0.000
'260',23,06,1998,8030.0,13.7,18.8,1.577,4.2,2.0,1.3,0.146
'260',24,06,1998,13090.0,15.9,22.8,1.839,2.9,0.0,2.3,0.000
'260',25,06,1998,13950.0,12.3,23.9,1.643,4.5,3.2,2.5,0.104
'260',26,06,1998,20180.0,8.9,22.4,1.344,2.3,0.0,3.4,0.000
'260',27,06,1998,12780.0,13.0,21.7,1.500,4.0,14.2,2.2,0.154
'260',28,06,1998,17920.0,12.4,19.9,1.400,4.9,3.6,3.0,0.088
'260',29,06,1998,9920.0,13.0,19.0,1.440,4.3,0.1,1.7,0.004
'260',30,06,1998,8170.0,12.8,18.4,1.426,3.3,3.5,1.3,0.221
'260',01,07,1998,18990.0,11.4,19.1,1.321,3.6,0.0,3.2,0.000
'260',02,07,1998,11530.0,11.9,18.5,1.372,2.3,0.8,1.9,0.083
'260',03,07,1998,11690.0,12.6,17.0,1.284,2.7,0.0,1.9,0.000
'260',04,07,1998,13230.0,12.4,19.6,1.457,3.2,0.0,2.2,0.000
'260',05,07,1998,8730.0,14.5,18.8,1.628,4.0,0.9,1.5,0.054
'260',06,07,1998,15880.0,9.9,20.5,1.393,3.2,0.1,2.7,0.042
'260',07,07,1998,17450.0,10.2,17.1,1.138,3.6,2.7,2.8,0.058
'260',08,07,1998,16870.0,10.9,18.0,1.284,3.8,1.2,2.8,0.062
'260',09,07,1998,4710.0,14.9,17.3,1.643,3.6,1.3,0.8,0.125
'260',10,07,1998,8540.0,11.9,19.6,1.518,2.7,0.0,1.4,0.000
'260',11,07,1998,18770.0,13.8,19.4,1.354,5.1,0.6,3.2,0.062
'260',12,07,1998,4810.0,13.4,18.4,1.742,5.8,12.7,0.8,0.629
'260',13,07,1998,17920.0,10.4,18.7,1.172,4.8,1.1,3.0,0.017
'260',14,07,1998,7320.0,11.7,16.0,1.308,4.6,2.2,1.2,0.075
'260',15,07,1998,11330.0,12.1,18.8,1.408,3.8,8.2,1.9,0.196
'260',16,07,1998,10620.0,9.1,19.1,1.357,2.8,0.6,1.7,0.058
'260',17,07,1998,12060.0,7.6,19.6,1.355,3.8,1.7,2.0,0.042
'260',18,07,1998,13610.0,12.9,19.8,1.395,4.8,0.0,2.3,0.000
'260',19,07,1998,22700.0,11.7,22.8,1.416,2.8,0.0,3.9,0.000
'260',20,07,1998,23060.0,12.9,30.5,1.827,2.7,0.1,4.4,0.008
'260',21,07,1998,12750.0,13.6,23.4,1.618,4.4,2.7,2.3,0.058
'260',22,07,1998,22470.0,12.0,23.5,1.391,3.3,0.0,3.9,0.000
'260',23,07,1998,15400.0,16.0,22.8,1.715,4.0,2.9,2.8,0.033
'260',24,07,1998,18930.0,10.5,21.0,1.437,2.3,0.0,3.2,0.000
'260',25,07,1998,22990.0,9.3,21.2,1.140,2.1,0.0,3.8,0.000
'260',26,07,1998,20560.0,8.9,23.0,1.143,1.5,0.0,3.5,0.000
'260',27,07,1998,16070.0,11.8,25.1,1.345,1.9,0.0,2.8,0.000
'260',28,07,1998,11840.0,13.1,20.4,1.609,2.9,2.7,2.0,0.012
'260',29,07,1998,5700.0,13.9,19.1,1.685,4.1,8.1,1.0,0.142
'260',30,07,1998,13470.0,12.8,20.0,1.546,4.7,18.8,2.3,0.246
'260',31,07,1998,15810.0,11.7,20.4,1.550,4.0,10.0,2.7,0.117
'260',01,08,1998,13360.0,10.6,20.4,1.442,2.0,0.0,2.2,0.000
'260',02,08,1998,18190.0,11.7,20.0,1.436,2.7,0.0,3.1,0.000
'260',03,08,1998,20170.0,9.3,23.0,1.415,3.8,0.1,3.5,0.004
'260',04,08,1998,18190.0,14.5,19.7,1.526,4.1,4.1,3.1,0.221
'260',05,08,1998,13170.0,10.9,19.9,1.482,3.1,0.0,2.2,0.000
'260',06,08,1998,24090.0,9.8,24.4,1.156,3.2,0.0,4.2,0.000
'260',07,08,1998,17390.0,13.0,25.0,1.810,1.7,0.0,3.2,0.000
'260',08,08,1998,23970.0,12.2,27.9,1.500,2.3,0.0,4.4,0.000
'260',09,08,1998,22660.0,14.1,24.2,1.575,3.3,0.0,4.0,0.000
'260',10,08,1998,23480.0,12.5,30.9,1.597,2.4,0.0,4.4,0.000
'260',11,08,1998,21140.0,15.9,30.2,2.023,2.1,0.0,4.0,0.000
'260',12,08,1998,20320.0,14.1,27.8,1.955,2.6,0.0,3.7,0.000
'260',13,08,1998,18610.0,11.1,20.0,1.306,3.7,0.0,3.2,0.000
'260',14,08,1998,11070.0,13.6,23.7,1.694,2.8,0.0,2.0,0.000
'260',15,08,1998,12790.0,9.4,23.0,1.539,2.6,0.0,2.2,0.000
'260',16,08,1998,17410.0,7.0,22.8,1.223,1.6,0.0,2.9,0.000
'260',17,08,1998,17820.0,11.3,23.2,1.509,3.2,0.0,3.1,0.000
'260',18,08,1998,16430.0,10.4,23.1,1.472,2.4,0.8,2.9,0.050
'260',19,08,1998,19200.0,7.5,21.2,1.173,1.2,0.0,3.2,0.000
'260',20,08,1998,15870.0,9.1,23.2,1.474,4.5,0.0,2.7,0.000
'260',21,08,1998,8590.0,13.3,19.2,1.513,5.7,12.9,1.4,0.292
'260',22,08,1998,13510.0,10.6,18.7,1.312,3.8,9.1,2.2,0.096
'260',23,08,1998,8280.0,9.8,17.7,1.217,4.0,15.0,1.3,0.271
'260',24,08,1998,9150.0,11.9,16.8,1.305,4.3,10.7,1.5,0.175
'260',25,08,1998,11480.0,10.2,18.1,1.237,2.9,0.0,1.9,0.000
'260',26,08,1998,4780.0,9.1,14.1,1.208,3.1,14.5,0.7,0.329
'260',27,08,1998,13070.0,8.4,16.2,1.157,2.8,3.0,2.0,0.112
'260',28,08,1998,7350.0,9.6,15.6,1.090,2.6,0.0,1.1,0.000
'260',29,08,1998,11980.0,9.3,17.7,1.145,1.7,0.0,1.9,0.000
'260',30,08,1998,7690.0,8.8,18.9,1.385,2.0,1.4,1.2,0.200
'260',31,08,1998,10880.0,7.1,18.4,1.182,2.3,0.0,1.7,0.000
'260',01,09,1998,7680.0,11.7,19.7,1.429,4.3,6.3,1.3,0.129
'260',02,09,1998,7160.0,13.8,19.9,1.757,2.8,6.3,1.2,0.146
'260',03,09,1998,3400.0,15.7,20.5,2.004,3.5,19.2,0.6,0.246
'260',04,09,1998,10190.0,14.6,21.0,1.739,2.2,2.4,1.8,0.125
'260',05,09,1998,9020.0,13.8,20.9,1.671,3.4,4.8,1.5,0.188
'260',06,09,1998,9000.0,12.6,20.7,1.657,2.4,0.0,1.5,0.000
'260',07,09,1998,9450.0,14.5,22.1,1.783,3.0,2.5,1.6,0.142
'260',08,09,1998,7630.0,14.2,20.1,1.755,4.3,3.4,1.3,0.137
'260',09,09,1998,5270.0,14.6,21.5,1.874,5.3,10.6,0.9,0.183
'260',10,09,1998,12020.0,13.8,21.8,1.604,6.1,0.1,2.1,0.004
'260',11,09,1998,12190.0,12.2,18.9,1.424,4.1,3.1,2.0,0.125
'260',12,09,1998,7840.0,7.9,15.8,1.044,2.0,5.4,1.2,0.212
'260',13,09,1998,2680.0,4.8,10.9,1.036,3.2,11.8,0.4,0.304
'260',14,09,1998,2630.0,2.7,13.1,1.095,4.5,43.9,0.4,0.692
'260',15,09,1998,9180.0,11.4,16.4,1.311,4.9,2.5,1.5,0.175
'260',16,09,1998,8600.0,11.0,15.9,1.244,5.3,9.5,1.4,0.217
'260',17,09,1998,5040.0,11.2,15.7,1.336,4.4,3.9,0.8,0.154
'260',18,09,1998,10420.0,6.1,19.2,1.272,2.1,0.0,1.7,0.000
'260',19,09,1998,9880.0,13.3,22.2,1.687,2.1,3.2,1.7,0.083
'260',20,09,1998,9540.0,12.4,20.6,1.678,2.5,0.0,1.6,0.000
'260',21,09,1998,14380.0,9.8,20.2,1.328,2.7,0.0,2.4,0.000
'260',22,09,1998,14410.0,10.0,18.5,1.300,4.0,0.0,2.3,0.000
'260',23,09,1998,14030.0,7.7,19.5,1.308,3.2,0.0,2.2,0.000
'260',24,09,1998,13420.0,9.5,20.2,1.405,3.3,0.0,2.2,0.000
'260',25,09,1998,11490.0,13.9,22.5,1.564,2.8,0.0,2.0,0.000
'260',26,09,1998,11150.0,12.6,22.2,1.618,3.3,0.3,1.9,0.017
'260',27,09,1998,11530.0,12.2,20.6,1.492,2.3,0.3,1.9,0.025
'260',28,09,1998,8140.0,10.4,19.9,1.479,1.6,0.0,1.3,0.000
'260',29,09,1998,6650.0,10.2,18.3,1.464,2.0,5.7,1.1,0.046
'260',30,09,1998,3690.0,12.4,15.5,1.488,4.3,3.7,0.6,0.158
'260',01,10,1998,2400.0,9.1,14.1,1.326,4.1,0.0,0.4,0.000
'260',02,10,1998,3630.0,4.6,9.1,0.842,4.5,0.0,0.5,0.000
'260',03,10,1998,1120.0,3.7,6.1,0.804,1.9,0.1,0.1,0.012
'260',04,10,1998,3920.0,5.6,8.9,0.934,2.5,3.7,0.5,0.242
'260',05,10,1998,1970.0,6.1,9.0,0.995,4.2,1.5,0.3,0.158
'260',06,10,1998,6090.0,7.0,11.1,0.943,5.7,1.9,0.8,0.050
'260',07,10,1998,1460.0,6.8,8.8,1.027,2.3,6.2,0.2,0.188
'260',08,10,1998,1290.0,6.5,9.5,1.060,2.6,14.4,0.2,0.425
'260',09,10,1998,6710.0,2.6,11.4,0.955,3.0,2.3,0.9,0.092
'260',10,10,1998,4650.0,9.4,15.2,1.281,4.3,5.8,0.7,0.208
'260',11,10,1998,1960.0,8.8,13.9,1.212,4.0,6.7,0.3,0.250
'260',12,10,1998,4950.0,8.9,13.2,1.114,4.6,4.5,0.7,0.100
'260',13,10,1998,5150.0,6.0,13.8,1.099,4.5,1.7,0.8,0.221
'260',14,10,1998,1000.0,8.6,16.5,1.403,5.0,5.1,0.2,0.429
'260',15,10,1998,7420.0,7.7,15.1,1.058,2.8,0.0,1.1,0.000
'260',16,10,1998,6460.0,8.2,15.4,1.177,4.1,0.0,1.0,0.000
'260',17,10,1998,2280.0,9.8,15.6,1.297,6.1,9.7,0.4,0.192
'260',18,10,1998,6190.0,1.1,11.4,0.789,2.1,1.6,0.8,0.033
'260',19,10,1998,7330.0,-1.1,12.5,0.818,2.9,1.5,0.9,0.029
'260',20,10,1998,6560.0,5.1,11.5,0.813,2.6,3.3,0.9,0.121
'260',21,10,1998,1070.0,8.9,15.0,1.269,6.5,3.0,0.2,0.179
'260',22,10,1998,2280.0,14.2,17.2,1.618,5.8,0.2,0.4,0.029
'260',23,10,1998,770.0,9.7,16.1,1.334,6.4,8.2,0.1,0.329
'260',24,10,1998,2950.0,8.7,13.0,1.184,6.2,22.6,0.4,0.288
'260',25,10,1998,3710.0,8.7,12.6,1.018,7.5,9.9,0.6,0.254
'260',26,10,1998,3040.0,4.7,10.1,0.878,4.1,5.0,0.4,0.146
'260',27,10,1998,1090.0,4.3,14.9,1.110,8.3,15.8,0.2,0.579
'260',28,10,1998,2700.0,11.0,15.5,1.198,8.5,14.4,0.4,0.350
'260',29,10,1998,4480.0,7.8,11.9,0.934,6.2,3.5,0.7,0.129
'260',30,10,1998,2270.0,3.8,9.3,0.834,3.7,13.3,0.3,0.312
'260',31,10,1998,1650.0,5.2,8.4,0.890,4.2,13.4,0.2,0.529
'260',01,11,1998,6000.0,4.8,10.7,0.895,4.0,18.3,0.8,0.292
'260',02,11,1998,3120.0,4.1,8.8,0.887,3.8,10.0,0.4,0.258
'260',03,11,1998,1920.0,6.0,8.9,0.954,5.9,34.5,0.3,0.596
'260',04,11,1998,3130.0,2.9,8.8,0.865,2.6,12.5,0.4,0.229
'260',05,11,1998,3320.0,3.1,10.4,0.885,6.1,10.5,0.4,0.379
'260',06,11,1998,4670.0,1.3,11.7,0.810,3.7,0.6,0.6,0.017
'260',07,11,1998,3300.0,-0.1,10.4,0.871,2.3,0.0,0.4,0.000
'260',08,11,1998,1000.0,3.1,11.6,0.979,4.9,9.1,0.1,0.225
'260',09,11,1998,1660.0,9.8,15.4,1.332,4.5,8.5,0.3,0.342
'260',10,11,1998,1740.0,4.2,11.3,0.937,3.5,2.8,0.2,0.121
'260',11,11,1998,5310.0,2.2,11.4,0.789,2.0,1.2,0.7,0.058
'260',12,11,1998,3560.0,2.1,7.0,0.751,3.5,0.0,0.4,0.000
'260',13,11,1998,1360.0,5.6,8.5,0.950,4.0,6.7,0.2,0.400
'260',14,11,1998,1130.0,5.2,6.7,0.913,1.8,3.8,0.1,0.433
'260',15,11,1998,3070.0,4.3,8.6,0.885,1.3,3.4,0.4,0.196
'260',16,11,1998,5380.0,0.4,7.1,0.667,2.8,0.0,0.6,0.000
'260',17,11,1998,3710.0,-1.8,7.2,0.654,1.1,0.0,0.4,0.000
'260',18,11,1998,1520.0,-2.5,4.7,0.634,1.9,4.0,0.2,0.229
'260',19,11,1998,2960.0,-4.5,3.3,0.505,1.8,0.0,0.3,0.000
'260',20,11,1998,6150.0,-6.2,2.4,0.452,1.4,0.0,0.6,0.000
'260',21,11,1998,6750.0,-5.5,1.8,0.451,2.5,0.0,0.7,0.000
'260',22,11,1998,5400.0,-8.1,-1.2,0.345,3.1,0.0,0.5,0.000
'260',23,11,1998,5550.0,-8.5,-0.5,0.353,1.5,0.0,0.5,0.000
'260',24,11,1998,3390.0,-7.8,-0.7,0.379,2.5,0.0,0.3,0.000
'260',25,11,1998,1290.0,-0.9,1.6,0.544,2.4,0.1,0.1,0.017
'260',26,11,1998,790.0,0.0,7.1,0.769,3.5,6.8,0.1,0.188
'260',27,11,1998,1850.0,3.0,8.6,0.854,2.0,0.6,0.2,0.037
'260',28,11,1998,2110.0,1.5,5.3,0.732,4.0,1.7,0.3,0.129
'260',29,11,1998,480.0,1.1,3.3,0.691,3.1,4.9,0.1,0.263
'260',30,11,1998,300.0,-0.6,2.0,0.586,3.6,0.0,0.0,0.000
'260',01,12,1998,2150.0,-2.2,1.3,0.517,4.3,0.0,0.2,0.000
'260',02,12,1998,1170.0,-3.5,-1.2,0.418,4.2,0.0,0.1,0.000
'260',03,12,1998,810.0,-2.3,-0.7,0.478,2.1,0.0,0.1,0.000
'260',04,12,1998,2730.0,-1.2,6.2,0.659,2.8,3.3,0.3,0.154
'260',05,12,1998,3040.0,-0.8,4.7,0.597,3.2,1.8,0.3,0.188
'260',06,12,1998,3430.0,-1.7,5.5,0.517,3.2,0.8,0.4,0.046
'260',07,12,1998,1820.0,-5.4,4.1,0.552,1.6,0.7,0.2,0.025
'260',08,12,1998,1250.0,-5.6,1.2,0.531,3.4,1.2,0.1,0.083
'260',09,12,1998,500.0,1.2,3.7,0.731,3.2,4.9,0.1,0.346
'260',10,12,1998,700.0,2.7,4.0,0.773,3.0,0.0,0.1,0.000
'260',11,12,1998,240.0,2.0,7.8,0.855,3.7,1.0,0.0,0.117
'260',12,12,1998,280.0,6.1,13.3,1.212,4.8,12.1,0.0,0.367
'260',13,12,1998,2690.0,7.1,12.9,0.990,7.1,0.0,0.4,0.000
'260',14,12,1998,1280.0,7.8,12.6,1.178,6.0,3.3,0.2,0.104
'260',15,12,1998,320.0,7.0,11.8,1.138,5.2,12.7,0.0,0.421
'260',16,12,1998,2790.0,5.3,9.7,0.963,3.7,0.0,0.4,0.000
'260',17,12,1998,2980.0,3.3,8.2,0.779,3.8,0.0,0.4,0.000
'260',18,12,1998,330.0,5.0,7.8,0.912,5.0,1.6,0.0,0.067
'260',19,12,1998,1220.0,4.3,8.3,0.848,5.6,10.1,0.2,0.283
'260',20,12,1998,3500.0,-1.0,6.0,0.652,2.3,0.2,0.4,0.012
'260',21,12,1998,2800.0,-1.4,5.3,0.649,2.4,0.0,0.3,0.000
'260',22,12,1998,1440.0,1.3,6.8,0.729,3.6,0.3,0.2,0.037
'260',23,12,1998,1290.0,3.8,6.1,0.709,5.0,0.0,0.2,0.000
'260',24,12,1998,2770.0,1.0,6.9,0.688,4.0,3.0,0.3,0.142
'260',25,12,1998,180.0,4.5,10.0,0.963,7.5,7.4,0.0,0.508
'260',26,12,1998,1800.0,5.6,11.5,0.952,8.0,5.1,0.3,0.217
'260',27,12,1998,890.0,5.9,11.7,0.927,7.0,4.3,0.1,0.217
'260',28,12,1998,560.0,4.1,10.0,0.888,5.0,3.6,0.1,0.183
'260',29,12,1998,2630.0,1.7,6.4,0.712,4.5,0.0,0.3,0.000
'260',30,12,1998,3230.0,4.5,10.3,0.820,4.5,0.0,0.4,0.000
'260',31,12,1998,1830.0,3.7,10.6,0.816,4.7,0.0,0.2,0.000
