* Source of data    : Royal Netherlands Meterological Institute (www.knmi.nl)
* File content      : Meteo from www.knmi.nl; input file for Swap 3.2 (www.swap.alterra.nl)
* File generated by : Alterra - Wageningen-UR (www.alterra.wur.nl)
* File generated at : 2017-02-27 11:38:43
Station,DD,MM,YYYY,Rad,Tmin,Tmax,Hum,Wind,Rain,ETref,Wet
'260',01,01,2010,3180.0,-6.3,0.7,0.393,3.8,0.0,0.3,0.000
'260',02,01,2010,1170.0,-6.4,1.2,0.474,3.1,0.1,0.1,0.033
'260',03,01,2010,3880.0,-6.5,-1.0,0.369,2.5,0.0,0.4,0.000
'260',04,01,2010,1790.0,-5.4,-0.6,0.445,3.1,0.0,0.2,0.000
'260',05,01,2010,2530.0,-3.0,1.9,0.525,2.8,0.9,0.3,0.033
'260',06,01,2010,4550.0,-5.2,-0.5,0.417,2.5,0.1,0.4,0.037
'260',07,01,2010,4080.0,-10.0,-2.1,0.340,2.0,0.0,0.4,0.000
'260',08,01,2010,2160.0,-10.7,-2.1,0.327,3.6,0.0,0.2,0.000
'260',09,01,2010,1660.0,-4.9,-0.5,0.421,7.3,1.0,0.2,0.242
'260',10,01,2010,1490.0,-1.0,0.2,0.521,3.5,1.1,0.2,0.204
'260',11,01,2010,1250.0,-0.9,0.0,0.522,2.5,0.0,0.1,0.000
'260',12,01,2010,2220.0,-4.2,-0.7,0.425,3.8,0.0,0.2,0.000
'260',13,01,2010,2230.0,-5.0,-1.2,0.384,4.8,0.0,0.2,0.000
'260',14,01,2010,3930.0,-3.0,4.8,0.562,2.5,0.0,0.4,0.000
'260',15,01,2010,1140.0,0.1,1.8,0.604,2.4,0.0,0.1,0.000
'260',16,01,2010,1500.0,-0.1,1.9,0.575,5.4,7.7,0.2,0.217
'260',17,01,2010,1830.0,0.8,6.7,0.742,2.8,1.4,0.2,0.100
'260',18,01,2010,1100.0,0.2,5.3,0.712,3.2,1.2,0.1,0.096
'260',19,01,2010,1330.0,1.9,5.8,0.766,1.6,0.3,0.2,0.029
'260',20,01,2010,4170.0,1.6,5.5,0.660,3.9,0.0,0.5,0.000
'260',21,01,2010,1560.0,1.9,3.8,0.643,3.1,0.0,0.2,0.000
'260',22,01,2010,4080.0,0.2,4.9,0.642,3.4,0.0,0.5,0.000
'260',23,01,2010,1430.0,-0.5,2.4,0.574,3.5,5.0,0.2,0.371
'260',24,01,2010,1340.0,-0.7,0.6,0.569,1.8,1.1,0.1,0.137
'260',25,01,2010,1600.0,-7.5,-0.6,0.401,2.3,0.0,0.1,0.000
'260',26,01,2010,6890.0,-10.1,-3.7,0.279,2.5,0.0,0.5,0.000
'260',27,01,2010,1970.0,-11.1,4.5,0.401,3.8,3.9,0.2,0.163
'260',28,01,2010,3410.0,0.9,5.2,0.620,3.4,1.3,0.4,0.042
'260',29,01,2010,1300.0,-0.3,4.6,0.627,3.5,8.5,0.1,0.583
'260',30,01,2010,7100.0,-1.6,1.7,0.492,2.8,7.5,0.8,0.221
'260',31,01,2010,5380.0,-0.5,3.7,0.541,3.4,0.1,0.6,0.004
'260',01,02,2010,3430.0,-4.1,3.4,0.542,3.2,3.1,0.4,0.112
'260',02,02,2010,850.0,-0.6,5.2,0.661,5.3,18.2,0.1,0.542
'260',03,02,2010,6030.0,-1.1,6.2,0.583,3.0,0.3,0.7,0.054
'260',04,02,2010,2100.0,1.7,8.2,0.803,3.6,2.3,0.3,0.183
'260',05,02,2010,1370.0,2.5,6.5,0.773,3.4,1.1,0.2,0.175
'260',06,02,2010,2520.0,1.1,5.7,0.740,2.1,0.0,0.3,0.000
'260',07,02,2010,1530.0,0.2,2.4,0.593,2.1,0.0,0.2,0.000
'260',08,02,2010,4000.0,-4.5,0.2,0.438,4.4,0.0,0.4,0.000
'260',09,02,2010,4960.0,-5.0,-1.5,0.346,4.0,0.0,0.5,0.000
'260',10,02,2010,3800.0,-5.5,-1.2,0.382,3.8,1.7,0.4,0.229
'260',11,02,2010,6200.0,-5.3,-0.8,0.361,5.4,0.0,0.6,0.000
'260',12,02,2010,9110.0,-6.5,0.9,0.356,3.9,0.0,0.9,0.000
'260',13,02,2010,2290.0,-4.3,0.0,0.391,2.8,0.0,0.2,0.000
'260',14,02,2010,2210.0,-4.6,-1.3,0.396,2.2,0.5,0.2,0.129
'260',15,02,2010,5140.0,-5.3,-1.0,0.378,2.1,0.5,0.5,0.121
'260',16,02,2010,3720.0,-3.2,1.7,0.440,4.5,0.1,0.4,0.012
'260',17,02,2010,5760.0,-4.5,2.6,0.431,2.8,0.1,0.6,0.025
'260',18,02,2010,2690.0,1.0,5.7,0.660,3.0,0.7,0.3,0.042
'260',19,02,2010,1270.0,1.0,5.3,0.625,4.9,0.2,0.2,0.021
'260',20,02,2010,6450.0,-3.2,5.1,0.505,3.7,0.2,0.7,0.017
'260',21,02,2010,2620.0,-4.5,4.2,0.536,3.1,3.9,0.3,0.208
'260',22,02,2010,1330.0,1.7,8.3,0.822,3.0,13.1,0.2,0.596
'260',23,02,2010,5460.0,0.8,4.4,0.604,4.5,0.5,0.6,0.112
'260',24,02,2010,3720.0,1.5,10.2,0.831,3.3,1.8,0.5,0.137
'260',25,02,2010,2710.0,6.8,11.0,0.942,5.2,5.3,0.4,0.337
'260',26,02,2010,2580.0,5.7,10.3,0.830,6.0,1.1,0.4,0.067
'260',27,02,2010,3500.0,4.3,9.1,0.771,4.8,2.1,0.5,0.171
'260',28,02,2010,1520.0,3.4,10.9,0.807,5.6,20.2,0.2,0.679
'260',01,03,2010,7660.0,1.1,7.0,0.616,4.1,2.7,0.9,0.188
'260',02,03,2010,7320.0,-1.8,8.0,0.514,2.4,0.0,0.9,0.000
'260',03,03,2010,10840.0,-3.2,7.1,0.499,2.3,0.0,1.2,0.000
'260',04,03,2010,11810.0,-1.3,5.8,0.517,3.4,0.0,1.3,0.000
'260',05,03,2010,6810.0,-4.6,6.0,0.428,3.7,5.6,0.8,0.300
'260',06,03,2010,12750.0,-2.5,3.2,0.392,5.3,0.2,1.4,0.017
'260',07,03,2010,13500.0,-5.0,3.9,0.309,3.4,0.0,1.4,0.000
'260',08,03,2010,4670.0,-5.1,5.2,0.484,2.3,0.9,0.5,0.188
'260',09,03,2010,14110.0,-3.8,5.6,0.444,2.7,0.0,1.5,0.000
'260',10,03,2010,13510.0,-2.7,4.8,0.486,4.6,0.0,1.5,0.000
'260',11,03,2010,7240.0,-1.2,5.8,0.532,3.6,0.0,0.8,0.000
'260',12,03,2010,4700.0,3.1,6.8,0.633,2.6,0.0,0.6,0.000
'260',13,03,2010,5140.0,2.8,7.3,0.686,3.6,0.1,0.7,0.025
'260',14,03,2010,5970.0,4.8,8.5,0.782,4.0,0.0,0.8,0.000
'260',15,03,2010,5470.0,4.8,9.2,0.825,4.2,10.1,0.7,0.379
'260',16,03,2010,8060.0,3.7,10.9,0.743,2.8,0.2,1.1,0.021
'260',17,03,2010,11860.0,2.7,13.6,0.727,3.6,0.0,1.7,0.000
'260',18,03,2010,11530.0,1.3,17.3,0.707,3.5,0.0,1.7,0.000
'260',19,03,2010,3150.0,10.0,14.7,1.043,3.9,2.6,0.5,0.146
'260',20,03,2010,3690.0,11.7,16.7,1.344,5.0,20.5,0.6,0.346
'260',21,03,2010,11320.0,2.0,12.3,0.746,3.2,0.3,1.6,0.033
'260',22,03,2010,10200.0,0.7,12.5,0.738,3.1,0.0,1.4,0.000
'260',23,03,2010,15290.0,4.2,13.7,0.804,2.5,0.0,2.2,0.000
'260',24,03,2010,10510.0,8.2,17.9,1.010,3.6,0.0,1.6,0.000
'260',25,03,2010,14020.0,10.4,19.7,1.087,4.3,0.7,2.3,0.046
'260',26,03,2010,5290.0,7.9,12.4,0.946,3.3,1.5,0.8,0.033
'260',27,03,2010,9660.0,7.8,12.7,0.893,4.3,0.6,1.4,0.017
'260',28,03,2010,8360.0,7.0,11.6,0.900,4.6,0.4,1.2,0.021
'260',29,03,2010,9240.0,7.5,12.7,1.006,3.4,3.2,1.4,0.233
'260',30,03,2010,4450.0,5.6,13.8,0.999,4.5,2.9,0.7,0.133
'260',31,03,2010,8320.0,3.9,10.2,0.726,7.2,2.1,1.1,0.146
'260',01,04,2010,12360.0,2.5,8.6,0.623,5.8,3.0,1.6,0.108
'260',02,04,2010,16080.0,2.1,13.6,0.632,5.4,1.5,2.2,0.042
'260',03,04,2010,6590.0,5.4,10.7,0.869,3.3,8.6,0.9,0.250
'260',04,04,2010,6420.0,2.7,10.6,0.850,3.6,3.6,0.9,0.167
'260',05,04,2010,11680.0,2.8,10.9,0.720,3.5,0.0,1.6,0.000
'260',06,04,2010,19400.0,5.0,16.0,0.739,3.8,0.0,2.9,0.000
'260',07,04,2010,15840.0,8.0,19.5,0.943,3.1,0.2,2.5,0.033
'260',08,04,2010,12910.0,3.3,13.3,0.688,3.0,1.0,1.8,0.212
'260',09,04,2010,19730.0,3.5,15.7,0.861,2.9,0.0,2.9,0.000
'260',10,04,2010,17370.0,4.1,12.1,0.794,3.4,0.0,2.4,0.000
'260',11,04,2010,8470.0,2.3,10.3,0.708,4.4,0.0,1.1,0.000
'260',12,04,2010,17420.0,3.8,14.9,0.729,5.2,0.0,2.5,0.000
'260',13,04,2010,19470.0,2.8,15.2,0.748,4.5,0.0,2.8,0.000
'260',14,04,2010,17260.0,2.7,15.4,0.676,3.8,0.0,2.5,0.000
'260',15,04,2010,21210.0,3.8,15.3,0.654,4.1,0.0,3.0,0.000
'260',16,04,2010,13310.0,1.5,12.0,0.664,3.0,0.0,1.8,0.000
'260',17,04,2010,22590.0,-0.9,16.6,0.585,1.3,0.0,3.1,0.000
'260',18,04,2010,21780.0,-0.1,18.0,0.601,2.4,0.0,3.2,0.000
'260',19,04,2010,19790.0,5.4,13.4,0.741,3.0,0.0,2.8,0.000
'260',20,04,2010,19480.0,5.3,12.5,0.684,3.8,0.0,2.7,0.000
'260',21,04,2010,16140.0,2.4,9.8,0.590,3.6,0.0,2.2,0.000
'260',22,04,2010,15940.0,0.7,12.0,0.590,2.1,0.0,2.1,0.000
'260',23,04,2010,23950.0,-2.0,14.8,0.514,2.4,0.0,3.3,0.000
'260',24,04,2010,21870.0,0.8,19.3,0.629,2.4,0.0,3.3,0.000
'260',25,04,2010,16860.0,4.3,23.5,0.688,2.8,0.1,2.7,0.025
'260',26,04,2010,16670.0,9.3,16.8,1.113,3.5,0.0,2.6,0.000
'260',27,04,2010,17680.0,5.0,18.9,0.869,1.6,0.0,2.8,0.000
'260',28,04,2010,20340.0,5.7,23.0,0.917,2.6,0.0,3.4,0.000
'260',29,04,2010,18640.0,9.3,25.2,1.058,2.5,6.2,3.3,0.079
'260',30,04,2010,10010.0,9.8,14.6,1.057,4.3,6.6,1.5,0.154
'260',01,05,2010,10150.0,6.3,14.9,1.014,2.8,6.1,1.5,0.121
'260',02,05,2010,2490.0,5.5,8.7,0.927,4.5,18.3,0.3,0.525
'260',03,05,2010,2800.0,5.4,7.5,0.872,4.3,7.4,0.4,0.625
'260',04,05,2010,19420.0,4.0,11.2,0.696,4.0,0.0,2.7,0.000
'260',05,05,2010,16640.0,1.1,13.2,0.731,3.1,0.0,2.3,0.000
'260',06,05,2010,20700.0,3.9,13.9,0.804,4.8,0.0,3.0,0.000
'260',07,05,2010,7410.0,5.8,9.4,0.859,2.8,0.4,1.0,0.071
'260',08,05,2010,3980.0,7.3,10.9,0.975,1.1,0.1,0.6,0.012
'260',09,05,2010,11070.0,5.0,11.8,0.867,2.9,0.0,1.6,0.000
'260',10,05,2010,12790.0,2.0,11.0,0.641,2.3,0.0,1.7,0.000
'260',11,05,2010,11730.0,4.4,11.5,0.699,4.5,7.5,1.6,0.358
'260',12,05,2010,5720.0,4.5,7.7,0.830,3.5,8.7,0.8,0.421
'260',13,05,2010,5200.0,3.9,9.2,0.840,1.9,1.5,0.7,0.225
'260',14,05,2010,13160.0,1.8,12.8,0.718,1.8,0.0,1.8,0.000
'260',15,05,2010,17680.0,0.5,14.6,0.706,2.5,0.0,2.5,0.000
'260',16,05,2010,19720.0,8.2,15.5,0.878,3.5,0.0,3.0,0.000
'260',17,05,2010,19970.0,5.8,15.9,0.917,3.3,0.7,3.0,0.058
'260',18,05,2010,23430.0,3.4,15.7,0.805,2.9,0.0,3.4,0.000
'260',19,05,2010,28250.0,5.1,17.1,0.798,3.7,0.0,4.3,0.000
'260',20,05,2010,27470.0,3.4,20.7,0.866,2.6,0.0,4.4,0.000
'260',21,05,2010,22190.0,9.6,20.1,1.156,3.3,0.0,3.6,0.000
'260',22,05,2010,27600.0,8.5,19.8,1.133,3.5,0.0,4.5,0.000
'260',23,05,2010,26780.0,8.2,23.7,1.222,2.3,0.0,4.6,0.000
'260',24,05,2010,25540.0,10.2,22.5,1.285,3.4,0.0,4.4,0.000
'260',25,05,2010,26150.0,8.1,18.1,1.002,3.1,0.0,4.1,0.000
'260',26,05,2010,9960.0,6.6,13.0,0.786,3.0,0.0,1.5,0.000
'260',27,05,2010,12740.0,6.7,15.4,0.914,1.6,0.7,1.9,0.062
'260',28,05,2010,26590.0,4.0,17.2,0.854,2.9,0.0,4.0,0.000
'260',29,05,2010,19390.0,4.4,21.0,0.866,3.7,3.4,3.1,0.188
'260',30,05,2010,8590.0,9.4,15.9,1.235,4.2,11.2,1.3,0.375
'260',31,05,2010,10760.0,9.8,17.2,1.256,3.2,0.0,1.7,0.000
'260',01,06,2010,18180.0,5.8,18.5,0.957,1.8,0.0,2.8,0.000
'260',02,06,2010,29470.0,10.4,21.4,1.121,3.5,0.0,4.9,0.000
'260',03,06,2010,29830.0,9.4,21.6,1.116,3.5,0.0,5.0,0.000
'260',04,06,2010,29660.0,9.3,23.3,1.114,2.7,0.0,5.1,0.000
'260',05,06,2010,27760.0,9.3,26.5,1.093,1.5,0.0,5.0,0.000
'260',06,06,2010,13330.0,12.4,26.1,1.302,2.4,1.1,2.4,0.046
'260',07,06,2010,13640.0,11.5,18.8,1.346,3.4,0.0,2.3,0.000
'260',08,06,2010,13530.0,11.5,23.0,1.409,2.2,12.9,2.3,0.129
'260',09,06,2010,9140.0,15.3,20.1,1.773,1.9,1.8,1.6,0.275
'260',10,06,2010,7300.0,15.9,21.7,1.872,1.8,1.6,1.3,0.096
'260',11,06,2010,7360.0,9.7,20.1,1.448,3.8,0.0,1.2,0.000
'260',12,06,2010,23860.0,8.1,19.1,1.132,3.1,0.0,3.8,0.000
'260',13,06,2010,13730.0,9.0,16.6,1.114,1.5,0.0,2.2,0.000
'260',14,06,2010,27400.0,9.7,21.5,1.155,4.0,0.0,4.6,0.000
'260',15,06,2010,25040.0,9.3,16.8,0.909,4.6,0.0,4.0,0.000
'260',16,06,2010,29470.0,8.3,22.0,1.021,4.8,0.0,4.9,0.000
'260',17,06,2010,28530.0,10.2,23.1,1.135,4.8,0.0,4.9,0.000
'260',18,06,2010,9130.0,10.8,15.9,1.108,3.6,0.0,1.4,0.000
'260',19,06,2010,18230.0,9.5,15.7,1.016,4.0,0.5,2.8,0.046
'260',20,06,2010,10590.0,9.8,14.0,0.987,3.5,0.0,1.6,0.000
'260',21,06,2010,27470.0,6.7,18.2,0.979,2.9,0.0,4.4,0.000
'260',22,06,2010,27870.0,4.3,20.9,0.844,1.8,0.0,4.5,0.000
'260',23,06,2010,28730.0,7.5,25.9,1.182,1.7,0.0,5.1,0.000
'260',24,06,2010,26750.0,10.4,27.0,1.295,2.0,0.0,4.8,0.000
'260',25,06,2010,28480.0,12.2,24.6,1.309,2.4,0.0,5.1,0.000
'260',26,06,2010,28920.0,10.6,25.5,1.292,1.9,0.0,5.2,0.000
'260',27,06,2010,28680.0,12.3,28.4,1.294,2.1,0.0,5.3,0.000
'260',28,06,2010,26990.0,12.7,29.8,1.425,2.2,0.0,5.0,0.000
'260',29,06,2010,23240.0,11.1,26.6,1.229,2.1,0.3,4.2,0.029
'260',30,06,2010,23440.0,14.2,27.0,1.586,2.3,0.0,4.3,0.000
'260',01,07,2010,22690.0,14.2,28.4,1.706,2.2,0.0,4.3,0.000
'260',02,07,2010,24770.0,20.5,33.6,1.827,3.1,0.0,5.0,0.000
'260',03,07,2010,14760.0,16.0,27.8,1.863,2.5,5.5,2.8,0.108
'260',04,07,2010,26830.0,14.5,25.8,1.581,2.6,0.0,4.9,0.000
'260',05,07,2010,19990.0,13.7,23.6,1.322,3.0,0.0,3.6,0.000
'260',06,07,2010,23240.0,9.0,20.9,1.041,2.8,0.0,3.9,0.000
'260',07,07,2010,24910.0,8.0,25.7,1.098,2.3,0.0,4.4,0.000
'260',08,07,2010,25220.0,13.2,28.9,1.517,2.0,0.0,4.8,0.000
'260',09,07,2010,23500.0,14.6,34.4,1.540,2.3,0.0,4.6,0.000
'260',10,07,2010,24270.0,16.5,32.7,1.841,2.2,29.6,4.8,0.100
'260',11,07,2010,24090.0,18.4,29.3,2.188,2.5,1.8,4.6,0.021
'260',12,07,2010,16710.0,16.9,25.8,1.844,3.1,2.5,3.1,0.042
'260',13,07,2010,17880.0,14.4,26.5,1.654,2.1,0.0,3.3,0.000
'260',14,07,2010,22110.0,17.3,28.6,1.848,3.5,15.0,4.1,0.083
'260',15,07,2010,17360.0,16.3,22.5,1.492,5.2,0.0,3.1,0.000
'260',16,07,2010,15860.0,15.0,24.1,1.571,3.9,2.1,2.8,0.075
'260',17,07,2010,20140.0,11.8,21.1,1.272,3.7,1.2,3.5,0.029
'260',18,07,2010,25830.0,10.2,23.3,1.174,2.2,0.0,4.5,0.000
'260',19,07,2010,26940.0,11.8,27.5,1.346,1.5,0.0,5.0,0.000
'260',20,07,2010,23040.0,13.7,29.3,1.530,2.9,0.0,4.4,0.000
'260',21,07,2010,15480.0,18.7,25.9,1.665,2.7,0.0,2.9,0.000
'260',22,07,2010,16620.0,12.5,23.5,1.398,2.4,0.6,2.9,0.008
'260',23,07,2010,18710.0,10.5,22.6,1.410,2.1,0.0,3.2,0.000
'260',24,07,2010,26760.0,12.6,20.4,1.117,2.5,0.0,4.6,0.000
'260',25,07,2010,11250.0,12.1,19.8,1.416,2.5,1.2,1.9,0.071
'260',26,07,2010,12870.0,12.5,20.6,1.504,2.9,6.1,2.2,0.175
'260',27,07,2010,14260.0,11.9,21.2,1.432,2.2,1.5,2.5,0.062
'260',28,07,2010,20870.0,14.4,22.3,1.544,3.1,8.1,3.7,0.125
'260',29,07,2010,16920.0,13.8,20.7,1.458,3.1,1.0,2.9,0.054
'260',30,07,2010,22080.0,13.5,22.7,1.426,1.9,0.0,3.9,0.000
'260',31,07,2010,7600.0,14.1,21.5,1.704,3.0,1.0,1.3,0.058
'260',01,08,2010,13160.0,12.8,22.8,1.515,1.9,0.1,2.3,0.017
'260',02,08,2010,8310.0,10.6,20.1,1.456,1.4,2.6,1.4,0.058
'260',03,08,2010,23810.0,10.7,22.1,1.302,2.5,0.0,4.1,0.000
'260',04,08,2010,8890.0,13.9,20.1,1.499,3.5,3.2,1.5,0.088
'260',05,08,2010,14650.0,9.1,20.2,1.247,2.5,0.1,2.4,0.004
'260',06,08,2010,22510.0,7.6,23.3,1.051,2.0,0.0,3.8,0.000
'260',07,08,2010,6800.0,14.4,20.8,1.602,2.0,2.5,1.2,0.150
'260',08,08,2010,13030.0,12.3,20.9,1.561,2.3,0.6,2.2,0.029
'260',09,08,2010,17030.0,12.3,22.3,1.408,1.7,1.4,3.0,0.025
'260',10,08,2010,10910.0,11.6,22.5,1.521,3.7,2.0,1.9,0.092
'260',11,08,2010,19640.0,9.6,21.3,1.181,2.7,0.6,3.4,0.042
'260',12,08,2010,11150.0,8.2,20.3,1.241,2.1,0.5,1.8,0.021
'260',13,08,2010,19700.0,9.5,21.0,1.215,2.3,0.0,3.3,0.000
'260',14,08,2010,19050.0,10.1,24.2,1.291,2.3,0.0,3.4,0.000
'260',15,08,2010,11390.0,15.3,20.2,1.630,5.4,18.9,2.0,0.208
'260',16,08,2010,11930.0,16.6,22.3,1.787,1.9,3.5,2.1,0.104
'260',17,08,2010,2870.0,15.1,18.0,1.596,3.8,0.7,0.5,0.079
'260',18,08,2010,12400.0,14.4,19.9,1.390,3.9,2.7,2.1,0.058
'260',19,08,2010,13230.0,13.2,21.0,1.422,3.4,0.0,2.3,0.000
'260',20,08,2010,20700.0,14.3,27.6,1.595,3.3,0.0,3.8,0.000
'260',21,08,2010,12580.0,17.5,25.9,1.946,3.8,0.0,2.3,0.000
'260',22,08,2010,10710.0,17.4,22.5,2.010,2.9,0.0,1.9,0.000
'260',23,08,2010,9020.0,16.8,21.4,1.804,5.5,13.2,1.6,0.242
'260',24,08,2010,17500.0,13.5,19.9,1.215,5.7,2.0,3.0,0.058
'260',25,08,2010,13790.0,13.6,20.5,1.379,2.5,6.4,2.4,0.238
'260',26,08,2010,3280.0,13.5,20.4,1.809,2.8,50.6,0.6,0.763
'260',27,08,2010,7460.0,10.1,17.2,1.289,3.4,3.0,1.2,0.229
'260',28,08,2010,14660.0,8.6,18.4,1.188,3.1,5.6,2.3,0.129
'260',29,08,2010,7650.0,9.7,16.7,1.266,4.2,25.6,1.2,0.467
'260',30,08,2010,14680.0,10.1,17.9,1.237,5.4,9.5,2.4,0.246
'260',31,08,2010,15530.0,6.7,18.7,1.100,2.2,0.0,2.4,0.000
'260',01,09,2010,12800.0,5.9,18.5,1.109,1.5,0.0,2.0,0.000
'260',02,09,2010,10580.0,6.2,17.7,1.153,1.6,0.0,1.7,0.000
'260',03,09,2010,15410.0,7.6,19.6,1.167,1.3,0.0,2.5,0.000
'260',04,09,2010,17490.0,7.0,19.5,1.058,2.4,0.0,2.8,0.000
'260',05,09,2010,16890.0,7.2,19.7,1.021,3.1,0.0,2.7,0.000
'260',06,09,2010,18770.0,9.0,20.5,1.048,5.9,0.0,3.1,0.000
'260',07,09,2010,3430.0,10.8,15.0,1.103,4.9,12.1,0.5,0.263
'260',08,09,2010,6170.0,12.3,21.0,1.641,3.3,4.2,1.0,0.154
'260',09,09,2010,13190.0,11.2,20.8,1.395,2.5,0.0,2.2,0.000
'260',10,09,2010,5530.0,11.2,18.3,1.500,3.2,1.3,0.9,0.075
'260',11,09,2010,15970.0,14.9,23.3,1.580,3.4,0.0,2.8,0.000
'260',12,09,2010,6710.0,9.5,19.1,1.323,2.4,0.8,1.1,0.112
'260',13,09,2010,12020.0,7.8,19.1,1.055,3.3,0.1,2.0,0.017
'260',14,09,2010,2050.0,13.5,16.7,1.579,5.9,21.9,0.3,0.733
'260',15,09,2010,14110.0,10.4,17.1,1.064,5.1,6.6,2.3,0.171
'260',16,09,2010,9020.0,9.0,17.2,1.165,3.2,6.3,1.4,0.146
'260',17,09,2010,9580.0,8.6,15.0,1.054,2.9,2.7,1.5,0.171
'260',18,09,2010,11650.0,7.4,16.7,0.989,2.5,0.0,1.8,0.000
'260',19,09,2010,5750.0,8.3,16.2,1.113,3.8,0.0,0.9,0.000
'260',20,09,2010,6630.0,12.6,18.1,1.448,4.4,0.0,1.1,0.000
'260',21,09,2010,8390.0,9.7,18.6,1.432,1.6,0.0,1.4,0.000
'260',22,09,2010,14180.0,8.7,22.5,1.339,2.0,0.0,2.3,0.000
'260',23,09,2010,8680.0,11.7,20.8,1.516,2.0,22.6,1.5,0.146
'260',24,09,2010,7920.0,12.2,17.8,1.417,2.9,1.1,1.3,0.042
'260',25,09,2010,12460.0,7.8,15.0,1.018,3.1,0.8,1.9,0.025
'260',26,09,2010,7630.0,4.4,14.4,1.013,1.9,0.0,1.1,0.000
'260',27,09,2010,1580.0,4.3,12.7,1.101,1.5,5.5,0.2,0.508
'260',28,09,2010,3510.0,8.5,15.0,1.249,1.6,0.1,0.6,0.029
'260',29,09,2010,12260.0,5.8,14.2,0.967,2.5,0.0,1.8,0.000
'260',30,09,2010,2560.0,6.5,14.9,1.250,2.1,4.2,0.4,0.271
'260',01,10,2010,12050.0,6.0,17.0,1.093,3.6,4.2,1.9,0.167
'260',02,10,2010,5120.0,12.2,18.2,1.543,4.2,7.8,0.9,0.375
'260',03,10,2010,11430.0,14.7,22.3,1.650,4.5,0.0,2.0,0.000
'260',04,10,2010,8130.0,13.0,22.0,1.627,2.7,0.0,1.4,0.000
'260',05,10,2010,5840.0,13.6,19.5,1.575,3.3,0.0,1.0,0.000
'260',06,10,2010,3990.0,12.3,19.2,1.498,3.5,1.7,0.7,0.192
'260',07,10,2010,5490.0,9.7,16.9,1.410,2.5,0.0,0.9,0.000
'260',08,10,2010,4090.0,11.1,16.3,1.405,3.6,0.0,0.7,0.000
'260',09,10,2010,11390.0,9.5,19.4,1.275,3.5,0.0,1.8,0.000
'260',10,10,2010,12130.0,7.1,17.9,0.972,3.7,0.0,1.8,0.000
'260',11,10,2010,12090.0,4.6,16.2,0.839,3.5,0.0,1.8,0.000
'260',12,10,2010,9230.0,5.1,13.4,0.958,2.9,0.0,1.3,0.000
'260',13,10,2010,4800.0,2.8,13.0,0.872,1.2,0.0,0.7,0.000
'260',14,10,2010,3200.0,2.3,12.5,0.915,1.5,0.0,0.5,0.000
'260',15,10,2010,3160.0,7.6,12.8,1.152,1.9,9.2,0.5,0.371
'260',16,10,2010,5870.0,4.2,10.3,0.809,4.3,0.0,0.8,0.000
'260',17,10,2010,9740.0,-1.0,10.7,0.641,2.6,0.0,1.2,0.000
'260',18,10,2010,7470.0,-1.8,12.6,0.710,3.5,1.0,1.0,0.029
'260',19,10,2010,5570.0,6.8,12.7,1.033,2.9,32.4,0.8,0.500
'260',20,10,2010,6400.0,3.5,9.3,0.810,2.6,12.2,0.8,0.308
'260',21,10,2010,8550.0,2.9,11.5,0.732,5.0,0.6,1.2,0.033
'260',22,10,2010,5710.0,6.7,12.5,0.946,4.8,0.0,0.8,0.000
'260',23,10,2010,1750.0,4.8,8.6,0.833,5.8,6.0,0.2,0.267
'260',24,10,2010,7110.0,2.9,11.7,0.761,3.0,4.1,1.0,0.075
'260',25,10,2010,7910.0,0.0,11.3,0.677,2.1,0.0,1.0,0.000
'260',26,10,2010,4040.0,-0.1,10.1,0.683,3.8,1.2,0.5,0.100
'260',27,10,2010,1740.0,6.7,10.7,1.046,5.1,6.6,0.2,0.325
'260',28,10,2010,1890.0,8.9,13.6,1.197,4.5,0.0,0.3,0.000
'260',29,10,2010,4360.0,5.9,13.1,0.961,4.3,0.0,0.6,0.000
'260',30,10,2010,2780.0,6.9,13.4,1.023,3.2,0.3,0.4,0.037
'260',31,10,2010,3170.0,5.4,13.3,1.078,2.6,0.9,0.5,0.142
'260',01,11,2010,1590.0,5.0,9.2,0.967,1.7,0.0,0.2,0.000
'260',02,11,2010,1200.0,8.3,13.0,1.156,4.9,0.7,0.2,0.088
'260',03,11,2010,4170.0,10.7,14.7,1.155,5.2,5.8,0.7,0.333
'260',04,11,2010,1230.0,14.5,15.9,1.482,7.7,0.0,0.2,0.000
'260',05,11,2010,890.0,9.4,15.0,1.274,5.1,20.5,0.1,0.521
'260',06,11,2010,2630.0,7.4,11.6,1.083,1.9,11.1,0.4,0.388
'260',07,11,2010,2800.0,0.8,8.2,0.734,2.8,6.2,0.4,0.154
'260',08,11,2010,2880.0,0.3,8.0,0.701,4.8,0.3,0.4,0.037
'260',09,11,2010,1490.0,4.2,5.3,0.806,4.5,2.6,0.2,0.221
'260',10,11,2010,2990.0,2.4,8.5,0.761,2.9,9.2,0.4,0.312
'260',11,11,2010,1020.0,3.4,10.7,0.830,6.8,12.9,0.1,0.279
'260',12,11,2010,2840.0,9.8,12.8,1.058,7.1,4.3,0.4,0.233
'260',13,11,2010,1720.0,8.8,11.5,1.137,3.3,1.3,0.3,0.117
'260',14,11,2010,1270.0,8.4,13.2,1.137,4.5,5.8,0.2,0.433
'260',15,11,2010,3410.0,0.2,10.6,0.748,1.8,0.0,0.4,0.000
'260',16,11,2010,4470.0,-1.1,6.0,0.733,1.3,0.0,0.5,0.000
'260',17,11,2010,1540.0,0.6,5.3,0.672,2.9,0.0,0.2,0.000
'260',18,11,2010,2000.0,4.0,6.9,0.802,1.9,0.0,0.3,0.000
'260',19,11,2010,1990.0,4.2,8.7,0.903,1.9,0.9,0.3,0.050
'260',20,11,2010,3810.0,4.1,9.4,0.830,1.6,0.0,0.5,0.000
'260',21,11,2010,3910.0,2.7,8.3,0.772,3.5,0.0,0.5,0.000
'260',22,11,2010,2640.0,1.8,6.3,0.693,3.4,0.0,0.3,0.000
'260',23,11,2010,2970.0,1.5,7.6,0.671,2.3,0.0,0.4,0.000
'260',24,11,2010,3360.0,0.4,6.3,0.669,2.0,0.0,0.4,0.000
'260',25,11,2010,2320.0,0.1,4.8,0.666,2.3,0.0,0.3,0.000
'260',26,11,2010,4180.0,-2.8,3.8,0.496,1.7,0.0,0.4,0.000
'260',27,11,2010,900.0,-4.4,1.6,0.501,2.8,0.1,0.1,0.025
'260',28,11,2010,5160.0,-5.2,0.5,0.431,3.1,0.0,0.5,0.000
'260',29,11,2010,410.0,-4.5,-0.7,0.449,3.4,1.7,0.0,0.192
'260',30,11,2010,2220.0,-3.7,-0.5,0.382,5.8,0.0,0.2,0.000
'260',01,12,2010,2560.0,-7.8,-3.7,0.263,7.0,0.0,0.2,0.000
'260',02,12,2010,1500.0,-7.9,-6.1,0.310,3.0,1.4,0.1,0.283
'260',03,12,2010,2880.0,-9.7,-2.5,0.336,2.5,0.4,0.2,0.058
'260',04,12,2010,1060.0,-6.3,0.8,0.435,5.5,4.4,0.1,0.383
'260',05,12,2010,2170.0,-1.1,4.7,0.612,3.8,2.8,0.3,0.246
'260',06,12,2010,1820.0,-3.3,2.3,0.558,1.5,0.0,0.2,0.000
'260',07,12,2010,1930.0,-3.8,-1.3,0.498,2.4,0.0,0.2,0.000
'260',08,12,2010,1040.0,-4.7,-0.4,0.472,2.8,0.0,0.1,0.000
'260',09,12,2010,2610.0,-2.4,5.4,0.556,3.7,2.5,0.3,0.100
'260',10,12,2010,1110.0,-1.0,7.1,0.735,3.1,0.1,0.1,0.012
'260',11,12,2010,840.0,6.0,8.0,0.883,4.6,0.4,0.1,0.046
'260',12,12,2010,1770.0,-3.4,6.8,0.545,3.9,0.8,0.2,0.025
'260',13,12,2010,1510.0,-6.5,2.0,0.438,2.4,0.1,0.1,0.025
'260',14,12,2010,1140.0,-5.9,0.1,0.403,2.2,0.0,0.1,0.000
'260',15,12,2010,2170.0,-5.7,3.6,0.506,2.2,2.1,0.2,0.092
'260',16,12,2010,290.0,-2.7,4.5,0.627,4.0,12.4,0.0,0.371
'260',17,12,2010,900.0,-5.6,-0.6,0.448,3.0,2.4,0.1,0.171
'260',18,12,2010,1900.0,-6.0,-1.5,0.411,3.2,3.6,0.2,0.083
'260',19,12,2010,1180.0,-5.7,-3.9,0.408,2.9,6.4,0.1,0.188
'260',20,12,2010,3170.0,-11.1,-4.7,0.331,1.8,0.0,0.2,0.000
'260',21,12,2010,950.0,-8.5,-1.6,0.409,1.8,0.1,0.1,0.017
'260',22,12,2010,740.0,-2.9,-1.1,0.498,3.4,0.0,0.1,0.000
'260',23,12,2010,700.0,-2.2,0.0,0.498,5.8,0.5,0.1,0.117
'260',24,12,2010,1640.0,-2.4,-0.3,0.424,6.0,0.0,0.2,0.000
'260',25,12,2010,2880.0,-3.3,0.6,0.448,2.8,0.1,0.3,0.012
'260',26,12,2010,2780.0,-5.9,4.8,0.536,2.1,1.8,0.3,0.071
'260',27,12,2010,1370.0,-1.6,0.9,0.539,3.5,0.0,0.1,0.000
'260',28,12,2010,850.0,-0.3,1.2,0.526,2.7,0.1,0.1,0.017
'260',29,12,2010,2050.0,-1.6,1.8,0.544,2.3,0.0,0.2,0.000
'260',30,12,2010,3380.0,-5.5,1.9,0.486,1.0,0.0,0.3,0.000
'260',31,12,2010,1040.0,0.6,3.7,0.694,1.8,0.7,0.1,0.137
