* Source of data    : Royal Netherlands Meterological Institute (www.knmi.nl)
* File content      : Meteo from www.knmi.nl; input file for Swap 3.2 (www.swap.alterra.nl)
* File generated by : Alterra - Wageningen-UR (www.alterra.wur.nl)
* File generated at : 2017-02-27 11:38:43
Station,DD,MM,YYYY,Rad,Tmin,Tmax,Hum,Wind,Rain,ETref,Wet
'260',01,01,2013,1480.0,4.9,8.8,0.845,4.2,14.5,0.2,0.367
'260',02,01,2013,2920.0,4.1,8.6,0.832,3.9,0.2,0.4,0.058
'260',03,01,2013,1020.0,7.6,11.6,1.099,3.9,0.7,0.2,0.067
'260',04,01,2013,610.0,8.3,10.3,1.100,3.8,0.8,0.1,0.125
'260',05,01,2013,370.0,7.4,8.8,1.014,2.4,0.2,0.1,0.029
'260',06,01,2013,1660.0,6.9,10.1,1.041,2.6,0.0,0.2,0.000
'260',07,01,2013,450.0,6.1,8.4,0.946,3.4,0.0,0.1,0.000
'260',08,01,2013,1160.0,6.0,8.4,0.908,4.3,0.0,0.2,0.000
'260',09,01,2013,540.0,4.0,7.9,0.847,3.4,7.1,0.1,0.521
'260',10,01,2013,2290.0,-0.5,7.7,0.681,3.0,2.5,0.3,0.121
'260',11,01,2013,2730.0,-2.4,3.8,0.492,1.6,0.0,0.3,0.000
'260',12,01,2013,3530.0,-2.5,3.2,0.427,3.0,0.0,0.4,0.000
'260',13,01,2013,4520.0,-5.1,0.6,0.383,3.5,0.0,0.4,0.000
'260',14,01,2013,4280.0,-7.4,-1.9,0.352,2.5,0.0,0.4,0.000
'260',15,01,2013,1820.0,-5.8,-1.6,0.362,3.8,4.4,0.2,0.438
'260',16,01,2013,4440.0,-12.9,-1.7,0.283,1.9,0.0,0.3,0.000
'260',17,01,2013,1680.0,-7.4,-2.8,0.369,1.4,0.0,0.1,0.000
'260',18,01,2013,3030.0,-3.4,-0.1,0.427,4.0,0.0,0.3,0.000
'260',19,01,2013,2290.0,-5.2,-2.4,0.319,6.3,0.0,0.2,0.000
'260',20,01,2013,1450.0,-5.9,-2.7,0.355,6.5,1.6,0.1,0.179
'260',21,01,2013,1100.0,-2.8,-1.1,0.455,3.5,0.4,0.1,0.050
'260',22,01,2013,4020.0,-8.4,-1.3,0.350,2.3,0.0,0.4,0.000
'260',23,01,2013,2160.0,-9.3,-2.8,0.321,2.3,0.0,0.2,0.000
'260',24,01,2013,6170.0,-6.9,-0.4,0.332,2.5,0.0,0.6,0.000
'260',25,01,2013,5340.0,-11.4,-1.9,0.316,2.5,0.0,0.5,0.000
'260',26,01,2013,1500.0,-4.4,1.5,0.455,4.9,1.1,0.2,0.100
'260',27,01,2013,940.0,1.3,6.1,0.706,5.8,8.2,0.1,0.317
'260',28,01,2013,4700.0,2.7,8.3,0.761,5.7,4.6,0.6,0.212
'260',29,01,2013,1210.0,8.3,13.0,1.147,6.8,4.2,0.2,0.263
'260',30,01,2013,3060.0,7.7,13.0,0.964,7.8,7.3,0.5,0.196
'260',31,01,2013,2630.0,6.4,10.1,0.803,7.5,1.6,0.4,0.042
'260',01,02,2013,1140.0,1.8,7.4,0.739,3.2,5.2,0.1,0.337
'260',02,02,2013,5570.0,1.2,6.2,0.596,3.9,3.9,0.7,0.125
'260',03,02,2013,2630.0,2.2,7.4,0.680,4.8,2.4,0.3,0.225
'260',04,02,2013,5500.0,6.6,10.2,0.811,5.8,2.7,0.8,0.171
'260',05,02,2013,4750.0,0.9,6.7,0.611,5.3,6.5,0.6,0.121
'260',06,02,2013,6710.0,0.2,5.7,0.610,3.5,7.2,0.8,0.204
'260',07,02,2013,5610.0,0.4,5.5,0.645,2.9,7.5,0.6,0.171
'260',08,02,2013,5520.0,-1.6,4.2,0.503,2.4,0.1,0.6,0.004
'260',09,02,2013,1730.0,-3.0,1.1,0.511,1.9,4.2,0.2,0.263
'260',10,02,2013,7340.0,-1.8,1.1,0.452,5.2,0.5,0.8,0.067
'260',11,02,2013,4160.0,-3.6,0.8,0.342,6.0,0.0,0.4,0.000
'260',12,02,2013,2690.0,-3.7,0.7,0.376,3.3,0.0,0.3,0.000
'260',13,02,2013,5400.0,-5.2,2.2,0.412,2.1,0.0,0.5,0.000
'260',14,02,2013,1750.0,-2.2,1.3,0.472,5.2,3.7,0.2,0.296
'260',15,02,2013,5230.0,1.1,8.0,0.751,2.0,0.1,0.6,0.008
'260',16,02,2013,3130.0,2.4,7.8,0.790,1.3,0.7,0.4,0.025
'260',17,02,2013,6020.0,-1.9,7.3,0.623,2.2,0.0,0.7,0.000
'260',18,02,2013,7530.0,-1.4,7.1,0.573,1.3,0.0,0.9,0.000
'260',19,02,2013,2770.0,-1.7,6.0,0.613,2.4,0.1,0.3,0.021
'260',20,02,2013,6790.0,-2.4,3.0,0.430,3.9,0.0,0.7,0.000
'260',21,02,2013,4640.0,-2.9,1.1,0.378,4.0,0.0,0.5,0.000
'260',22,02,2013,5610.0,-4.0,1.3,0.370,4.8,0.0,0.5,0.000
'260',23,02,2013,3560.0,-4.6,0.7,0.385,4.8,0.1,0.4,0.042
'260',24,02,2013,2270.0,-1.1,0.9,0.539,4.6,2.4,0.2,0.446
'260',25,02,2013,1870.0,0.8,2.7,0.634,4.1,0.4,0.2,0.054
'260',26,02,2013,5350.0,0.8,6.0,0.685,3.5,0.0,0.6,0.000
'260',27,02,2013,2260.0,-0.2,2.5,0.569,3.5,0.0,0.2,0.000
'260',28,02,2013,8330.0,0.6,5.2,0.605,2.3,0.0,1.0,0.000
'260',01,03,2013,3620.0,2.5,5.0,0.651,3.1,0.1,0.4,0.012
'260',02,03,2013,4850.0,1.9,4.5,0.547,1.9,0.0,0.6,0.000
'260',03,03,2013,2770.0,-1.0,6.2,0.620,1.8,0.2,0.3,0.033
'260',04,03,2013,12900.0,-2.4,10.9,0.542,4.0,0.0,1.6,0.000
'260',05,03,2013,12260.0,2.4,15.9,0.625,4.0,0.0,1.7,0.000
'260',06,03,2013,6320.0,4.8,16.8,0.625,2.6,0.0,1.0,0.000
'260',07,03,2013,5390.0,7.3,11.2,0.817,3.8,0.4,0.8,0.058
'260',08,03,2013,7580.0,6.0,13.1,0.999,4.3,2.0,1.1,0.221
'260',09,03,2013,1600.0,1.0,6.2,0.750,3.3,24.0,0.2,1.000
'260',10,03,2013,1890.0,-1.5,1.0,0.482,4.3,2.8,0.2,0.208
'260',11,03,2013,3780.0,-3.0,-1.2,0.369,6.3,0.0,0.4,0.000
'260',12,03,2013,9950.0,-6.9,0.5,0.310,5.2,0.0,1.0,0.000
'260',13,03,2013,10420.0,-7.4,5.7,0.366,1.9,0.0,1.1,0.000
'260',14,03,2013,11810.0,-5.2,3.6,0.373,2.4,0.1,1.2,0.017
'260',15,03,2013,4960.0,-5.4,3.3,0.453,4.1,2.3,0.5,0.325
'260',16,03,2013,6400.0,2.7,7.7,0.495,5.9,0.0,0.8,0.000
'260',17,03,2013,5380.0,2.9,9.1,0.735,5.1,2.0,0.7,0.137
'260',18,03,2013,11590.0,1.3,10.3,0.679,3.6,2.4,1.5,0.167
'260',19,03,2013,5900.0,0.0,6.6,0.659,3.5,0.3,0.7,0.037
'260',20,03,2013,6590.0,0.6,2.7,0.525,4.1,0.0,0.7,0.000
'260',21,03,2013,10330.0,-2.6,5.9,0.482,2.0,0.0,1.1,0.000
'260',22,03,2013,11900.0,-2.9,4.1,0.463,7.3,0.0,1.3,0.000
'260',23,03,2013,9330.0,-2.6,2.3,0.297,9.7,0.0,1.0,0.000
'260',24,03,2013,9510.0,-3.6,3.0,0.176,9.3,0.0,1.0,0.000
'260',25,03,2013,15030.0,-2.4,4.1,0.261,8.1,0.0,1.6,0.000
'260',26,03,2013,18170.0,-2.9,5.5,0.276,6.5,0.0,2.0,0.000
'260',27,03,2013,18260.0,-3.5,6.3,0.296,5.1,0.0,2.0,0.000
'260',28,03,2013,10770.0,-3.1,4.2,0.391,4.0,0.0,1.1,0.000
'260',29,03,2013,4870.0,-3.4,2.7,0.448,1.9,0.1,0.5,0.025
'260',30,03,2013,9320.0,-3.9,4.8,0.439,2.7,0.0,1.0,0.000
'260',31,03,2013,8990.0,-5.3,4.3,0.393,2.9,0.0,1.0,0.000
'260',01,04,2013,16530.0,-3.0,7.5,0.372,4.4,0.0,1.9,0.000
'260',02,04,2013,19960.0,-2.7,8.4,0.314,5.5,0.0,2.4,0.000
'260',03,04,2013,16620.0,-0.5,8.6,0.367,5.8,0.0,2.0,0.000
'260',04,04,2013,4330.0,0.4,4.7,0.438,5.1,0.0,0.5,0.000
'260',05,04,2013,10010.0,1.2,7.4,0.480,4.8,0.0,1.2,0.000
'260',06,04,2013,14920.0,-3.0,9.1,0.437,3.9,0.0,1.8,0.000
'260',07,04,2013,19380.0,-2.4,9.4,0.428,2.1,0.0,2.4,0.000
'260',08,04,2013,15580.0,-0.3,11.1,0.436,4.1,0.0,2.0,0.000
'260',09,04,2013,9230.0,2.2,10.6,0.723,3.1,0.3,1.2,0.067
'260',10,04,2013,10510.0,0.9,11.0,0.749,2.5,0.0,1.4,0.000
'260',11,04,2013,3920.0,3.9,10.4,0.884,4.4,4.1,0.5,0.288
'260',12,04,2013,9150.0,4.5,14.1,0.956,4.3,4.9,1.3,0.133
'260',13,04,2013,11640.0,5.3,14.9,0.817,4.0,1.0,1.7,0.150
'260',14,04,2013,13730.0,11.0,21.0,1.188,4.6,0.1,2.3,0.021
'260',15,04,2013,10660.0,5.8,16.8,1.012,2.7,2.0,1.7,0.050
'260',16,04,2013,10700.0,5.0,17.2,0.898,4.4,0.0,1.7,0.000
'260',17,04,2013,12390.0,8.1,20.7,1.092,3.8,0.0,2.1,0.000
'260',18,04,2013,21350.0,8.4,17.1,0.835,7.9,0.0,3.3,0.000
'260',19,04,2013,10320.0,3.9,12.1,0.787,3.9,0.0,1.4,0.000
'260',20,04,2013,23980.0,-1.8,12.2,0.534,4.1,0.0,3.2,0.000
'260',21,04,2013,17370.0,-0.3,14.4,0.646,2.2,0.0,2.4,0.000
'260',22,04,2013,20710.0,-1.8,15.2,0.636,3.7,0.0,2.9,0.000
'260',23,04,2013,7460.0,6.5,14.7,1.026,3.5,1.2,1.1,0.158
'260',24,04,2013,20510.0,5.9,20.0,1.058,3.3,0.0,3.3,0.000
'260',25,04,2013,16780.0,9.8,22.8,1.216,2.6,0.0,2.8,0.000
'260',26,04,2013,2560.0,4.3,12.4,0.967,3.0,7.0,0.4,0.271
'260',27,04,2013,19060.0,1.1,11.0,0.610,3.5,0.0,2.5,0.000
'260',28,04,2013,20600.0,0.7,12.8,0.615,2.0,0.0,2.8,0.000
'260',29,04,2013,16470.0,2.7,12.8,0.685,3.9,2.4,2.3,0.075
'260',30,04,2013,19050.0,2.4,13.2,0.648,3.4,0.0,2.7,0.000
'260',01,05,2013,23910.0,2.4,17.4,0.693,4.0,0.0,3.5,0.000
'260',02,05,2013,10260.0,5.9,17.0,0.800,3.7,0.0,1.6,0.000
'260',03,05,2013,24150.0,5.2,19.0,0.840,2.3,0.0,3.7,0.000
'260',04,05,2013,22210.0,3.6,17.4,0.823,3.9,0.0,3.4,0.000
'260',05,05,2013,18800.0,7.2,18.8,0.897,2.5,0.0,3.0,0.000
'260',06,05,2013,24210.0,4.6,23.1,0.953,2.5,0.0,4.0,0.000
'260',07,05,2013,15270.0,9.8,23.2,1.098,3.5,0.1,2.6,0.017
'260',08,05,2013,13920.0,12.6,21.9,1.378,3.3,4.3,2.4,0.021
'260',09,05,2013,23190.0,7.8,17.0,0.878,3.8,0.0,3.7,0.000
'260',10,05,2013,7200.0,9.4,15.8,1.028,5.5,0.1,1.1,0.012
'260',11,05,2013,8650.0,8.0,13.7,0.969,4.4,17.4,1.3,0.288
'260',12,05,2013,13110.0,6.7,13.1,0.921,3.8,6.3,1.9,0.229
'260',13,05,2013,8130.0,7.7,13.7,0.957,4.7,4.3,1.2,0.246
'260',14,05,2013,10400.0,6.1,12.0,0.908,3.5,2.9,1.5,0.150
'260',15,05,2013,15450.0,4.9,17.2,0.837,4.2,0.1,2.4,0.017
'260',16,05,2013,3970.0,4.0,11.2,0.884,2.5,14.5,0.6,0.471
'260',17,05,2013,3070.0,8.1,10.4,1.091,2.2,8.9,0.4,0.137
'260',18,05,2013,5870.0,5.1,12.8,0.982,2.5,0.0,0.9,0.000
'260',19,05,2013,18720.0,3.5,15.1,0.972,2.9,0.0,2.8,0.000
'260',20,05,2013,3780.0,10.1,12.6,1.242,1.5,4.5,0.6,0.342
'260',21,05,2013,3010.0,8.6,11.5,1.138,2.6,9.5,0.4,0.546
'260',22,05,2013,10040.0,4.0,12.3,0.867,4.3,0.0,1.4,0.000
'260',23,05,2013,15470.0,4.0,10.4,0.758,2.4,6.8,2.1,0.242
'260',24,05,2013,19980.0,3.1,12.5,0.718,3.4,1.5,2.8,0.042
'260',25,05,2013,19200.0,2.8,13.9,0.811,3.6,4.9,2.7,0.183
'260',26,05,2013,13320.0,8.0,12.4,0.999,4.4,0.5,1.9,0.033
'260',27,05,2013,27350.0,7.0,19.5,0.793,2.8,0.0,4.4,0.000
'260',28,05,2013,26300.0,9.0,21.6,0.991,4.7,0.0,4.4,0.000
'260',29,05,2013,4090.0,10.1,12.4,1.203,3.2,0.5,0.6,0.054
'260',30,05,2013,11660.0,10.6,16.8,1.172,2.2,0.0,1.8,0.000
'260',31,05,2013,27000.0,10.7,20.6,1.255,4.9,0.0,4.5,0.000
'260',01,06,2013,12510.0,8.4,15.4,1.096,4.0,0.0,1.9,0.000
'260',02,06,2013,27470.0,6.7,17.7,0.973,3.5,0.0,4.2,0.000
'260',03,06,2013,15030.0,5.7,14.8,0.916,3.7,0.0,2.2,0.000
'260',04,06,2013,28070.0,7.9,21.0,1.027,3.3,0.0,4.6,0.000
'260',05,06,2013,25120.0,8.8,21.9,1.127,3.2,0.0,4.3,0.000
'260',06,06,2013,27870.0,10.4,25.2,1.324,3.4,0.0,4.9,0.000
'260',07,06,2013,28950.0,10.9,24.7,1.329,3.8,0.0,5.0,0.000
'260',08,06,2013,28110.0,9.9,19.8,1.189,5.0,0.0,4.6,0.000
'260',09,06,2013,18210.0,8.8,16.9,1.059,4.5,0.0,2.8,0.000
'260',10,06,2013,17990.0,6.7,17.2,1.016,1.9,0.0,2.8,0.000
'260',11,06,2013,19350.0,5.6,21.6,1.065,1.7,0.0,3.2,0.000
'260',12,06,2013,9920.0,16.0,21.8,1.690,4.0,1.3,1.8,0.079
'260',13,06,2013,9530.0,13.3,18.7,1.423,5.3,3.8,1.6,0.233
'260',14,06,2013,19640.0,9.1,19.1,1.058,3.5,0.0,3.2,0.000
'260',15,06,2013,22000.0,8.7,18.9,0.993,5.7,2.3,3.6,0.025
'260',16,06,2013,19440.0,8.7,18.9,1.080,3.6,0.0,3.2,0.000
'260',17,06,2013,20270.0,7.7,24.0,1.206,3.4,0.0,3.6,0.000
'260',18,06,2013,22900.0,14.0,30.4,1.601,1.9,0.0,4.4,0.000
'260',19,06,2013,14750.0,17.6,26.4,1.944,3.3,0.2,2.8,0.029
'260',20,06,2013,9030.0,16.8,22.8,2.011,2.0,3.5,1.6,0.071
'260',21,06,2013,4650.0,15.2,19.5,1.756,4.8,6.9,0.8,0.250
'260',22,06,2013,10710.0,13.6,19.2,1.484,5.9,1.8,1.8,0.067
'260',23,06,2013,11080.0,12.4,18.4,1.375,5.6,8.0,1.8,0.204
'260',24,06,2013,12640.0,11.5,16.1,1.297,3.5,3.0,2.0,0.058
'260',25,06,2013,15460.0,6.4,17.4,0.983,2.5,0.0,2.4,0.000
'260',26,06,2013,18320.0,5.4,17.6,0.983,2.6,2.5,2.9,0.075
'260',27,06,2013,12750.0,10.6,15.3,1.150,3.0,1.2,2.0,0.079
'260',28,06,2013,7920.0,11.1,17.1,1.340,3.3,13.0,1.3,0.446
'260',29,06,2013,16850.0,7.8,17.5,1.039,3.5,2.4,2.7,0.054
'260',30,06,2013,18400.0,7.4,22.2,1.307,3.7,0.0,3.1,0.000
'260',01,07,2013,15380.0,10.4,19.3,1.312,3.3,0.0,2.6,0.000
'260',02,07,2013,18820.0,9.6,20.8,1.200,2.3,1.5,3.2,0.042
'260',03,07,2013,9590.0,14.8,19.1,1.720,2.9,6.6,1.6,0.125
'260',04,07,2013,17830.0,15.3,22.5,1.647,3.4,0.1,3.1,0.017
'260',05,07,2013,18740.0,13.6,23.5,1.566,2.6,0.0,3.3,0.000
'260',06,07,2013,25400.0,11.4,25.2,1.503,2.2,0.0,4.6,0.000
'260',07,07,2013,28650.0,11.9,25.1,1.441,3.0,0.0,5.2,0.000
'260',08,07,2013,28050.0,13.7,25.1,1.486,4.0,0.0,5.1,0.000
'260',09,07,2013,28260.0,12.7,23.4,1.388,3.4,0.0,5.0,0.000
'260',10,07,2013,15680.0,13.1,19.5,1.385,3.6,0.1,2.7,0.033
'260',11,07,2013,10980.0,10.8,18.2,1.244,2.5,0.0,1.8,0.000
'260',12,07,2013,12700.0,7.3,19.4,1.238,1.8,0.0,2.1,0.000
'260',13,07,2013,21850.0,9.4,21.8,1.309,2.2,0.0,3.7,0.000
'260',14,07,2013,16160.0,10.2,22.5,1.406,1.6,0.0,2.8,0.000
'260',15,07,2013,27540.0,11.4,26.0,1.239,2.0,0.0,5.0,0.000
'260',16,07,2013,22380.0,11.0,26.0,1.362,1.9,0.0,4.1,0.000
'260',17,07,2013,19890.0,15.1,26.3,1.731,2.1,0.0,3.7,0.000
'260',18,07,2013,27480.0,15.3,27.1,1.686,3.3,0.0,5.1,0.000
'260',19,07,2013,26200.0,13.1,25.7,1.445,4.1,0.0,4.8,0.000
'260',20,07,2013,12970.0,13.9,22.6,1.593,2.6,0.0,2.3,0.000
'260',21,07,2013,27130.0,15.2,30.4,1.676,2.3,0.0,5.2,0.000
'260',22,07,2013,24100.0,15.2,32.6,1.772,2.0,0.0,4.7,0.000
'260',23,07,2013,24210.0,15.8,31.6,1.809,2.0,0.0,4.7,0.000
'260',24,07,2013,16530.0,14.0,26.9,1.669,2.3,0.0,3.1,0.000
'260',25,07,2013,20770.0,12.5,29.0,1.752,2.3,0.0,3.8,0.000
'260',26,07,2013,12730.0,15.2,26.9,1.998,1.3,3.3,2.4,0.046
'260',27,07,2013,13770.0,17.0,25.4,2.088,2.1,22.7,2.6,0.150
'260',28,07,2013,17660.0,14.6,23.4,1.641,3.7,1.0,3.2,0.025
'260',29,07,2013,20790.0,14.8,24.3,1.623,3.9,0.0,3.8,0.000
'260',30,07,2013,11770.0,15.9,20.5,1.648,4.9,4.8,2.1,0.163
'260',31,07,2013,12300.0,17.5,22.5,1.819,3.3,0.1,2.2,0.012
'260',01,08,2013,25660.0,19.4,30.7,2.018,3.1,0.0,5.0,0.000
'260',02,08,2013,22960.0,19.6,34.0,2.151,3.0,0.0,4.6,0.000
'260',03,08,2013,19300.0,12.7,23.4,1.504,3.4,0.0,3.5,0.000
'260',04,08,2013,21940.0,12.1,26.2,1.406,2.1,0.0,4.0,0.000
'260',05,08,2013,21770.0,12.3,29.2,1.607,2.7,0.0,4.1,0.000
'260',06,08,2013,16100.0,13.9,22.2,1.546,3.4,0.0,2.9,0.000
'260',07,08,2013,4960.0,12.9,17.1,1.502,3.4,11.2,0.8,0.321
'260',08,08,2013,23600.0,11.1,21.9,1.364,2.2,0.0,4.1,0.000
'260',09,08,2013,16520.0,9.7,23.2,1.292,2.6,0.3,2.9,0.012
'260',10,08,2013,13780.0,10.0,19.9,1.148,3.1,0.0,2.3,0.000
'260',11,08,2013,15630.0,11.6,21.9,1.385,3.3,0.0,2.7,0.000
'260',12,08,2013,14250.0,11.3,21.1,1.313,2.5,2.6,2.4,0.025
'260',13,08,2013,18810.0,9.3,19.7,1.188,3.2,0.0,3.1,0.000
'260',14,08,2013,17520.0,9.1,21.8,1.134,1.5,0.0,2.9,0.000
'260',15,08,2013,10920.0,8.0,20.7,1.440,2.5,2.1,1.8,0.096
'260',16,08,2013,14850.0,12.5,26.9,1.561,2.6,4.8,2.6,0.183
'260',17,08,2013,16760.0,16.6,22.9,1.805,3.5,0.6,3.0,0.046
'260',18,08,2013,15730.0,13.8,22.6,1.568,3.8,4.9,2.8,0.171
'260',19,08,2013,15770.0,10.3,21.1,1.239,2.7,0.3,2.7,0.021
'260',20,08,2013,12380.0,8.4,21.2,1.193,1.3,0.0,2.1,0.000
'260',21,08,2013,17080.0,10.4,24.0,1.349,2.0,0.0,3.0,0.000
'260',22,08,2013,10470.0,10.5,21.6,1.370,1.5,0.0,1.8,0.000
'260',23,08,2013,20170.0,13.6,26.2,1.580,2.2,0.0,3.7,0.000
'260',24,08,2013,11810.0,15.2,23.5,1.709,3.1,0.4,2.1,0.058
'260',25,08,2013,8980.0,13.7,22.4,1.732,2.1,0.0,1.6,0.000
'260',26,08,2013,20730.0,12.8,24.0,1.203,4.0,0.0,3.7,0.000
'260',27,08,2013,18990.0,10.2,24.2,1.186,2.3,0.0,3.3,0.000
'260',28,08,2013,14780.0,10.0,24.1,1.232,2.0,0.0,2.6,0.000
'260',29,08,2013,16800.0,9.2,24.2,1.231,1.6,0.0,2.9,0.000
'260',30,08,2013,15360.0,10.0,23.3,1.472,2.7,0.0,2.7,0.000
'260',31,08,2013,14110.0,8.7,21.1,1.228,3.1,0.0,2.4,0.000
'260',01,09,2013,10610.0,7.2,17.9,1.036,3.4,0.0,1.7,0.000
'260',02,09,2013,8070.0,13.6,19.6,1.603,3.4,0.0,1.4,0.000
'260',03,09,2013,10270.0,13.6,23.6,1.739,1.9,0.0,1.8,0.000
'260',04,09,2013,14720.0,12.2,26.0,1.669,2.1,0.0,2.7,0.000
'260',05,09,2013,18720.0,14.3,30.3,1.684,2.7,0.0,3.5,0.000
'260',06,09,2013,13880.0,13.4,27.9,1.543,1.8,0.8,2.5,0.037
'260',07,09,2013,4960.0,13.0,19.8,1.476,1.4,0.0,0.8,0.000
'260',08,09,2013,10230.0,11.9,18.6,1.304,1.7,15.8,1.7,0.267
'260',09,09,2013,10110.0,10.7,17.8,1.293,2.4,13.3,1.6,0.417
'260',10,09,2013,7660.0,10.7,15.9,1.335,3.8,44.1,1.2,0.413
'260',11,09,2013,12050.0,10.3,19.4,1.324,2.9,1.6,2.0,0.012
'260',12,09,2013,10830.0,11.5,19.6,1.463,2.1,0.0,1.8,0.000
'260',13,09,2013,8560.0,9.0,17.8,1.287,2.8,1.5,1.4,0.154
'260',14,09,2013,5140.0,9.8,17.9,1.424,3.6,8.3,0.8,0.425
'260',15,09,2013,11820.0,7.3,17.2,1.066,4.0,6.9,1.9,0.196
'260',16,09,2013,13530.0,8.0,15.7,0.931,4.0,7.5,2.0,0.200
'260',17,09,2013,8160.0,8.6,14.3,1.126,4.0,8.9,1.2,0.371
'260',18,09,2013,6800.0,8.9,15.7,1.183,2.1,1.4,1.0,0.054
'260',19,09,2013,7740.0,9.3,15.3,1.113,3.9,2.3,1.2,0.121
'260',20,09,2013,5630.0,7.6,16.8,1.210,2.6,1.3,0.9,0.050
'260',21,09,2013,9470.0,6.9,17.7,1.161,2.3,0.0,1.5,0.000
'260',22,09,2013,7100.0,14.0,21.1,1.734,2.5,0.0,1.2,0.000
'260',23,09,2013,7950.0,10.2,20.0,1.546,1.9,0.0,1.3,0.000
'260',24,09,2013,5710.0,12.4,18.2,1.514,1.2,0.0,0.9,0.000
'260',25,09,2013,5450.0,10.1,18.6,1.400,1.1,0.0,0.9,0.000
'260',26,09,2013,10380.0,7.3,16.4,1.074,2.8,0.0,1.6,0.000
'260',27,09,2013,14480.0,5.6,16.7,1.002,2.8,0.0,2.1,0.000
'260',28,09,2013,14610.0,6.3,17.4,0.847,4.4,0.0,2.2,0.000
'260',29,09,2013,14130.0,8.5,17.9,0.973,6.0,0.0,2.2,0.000
'260',30,09,2013,14100.0,6.8,16.5,0.932,5.0,0.0,2.1,0.000
'260',01,10,2013,13700.0,5.2,16.5,0.915,4.0,0.0,2.0,0.000
'260',02,10,2013,10490.0,5.1,15.2,0.835,4.9,0.0,1.5,0.000
'260',03,10,2013,11780.0,7.4,17.5,0.954,5.1,1.4,1.8,0.029
'260',04,10,2013,7610.0,10.9,21.9,1.585,3.8,8.2,1.3,0.088
'260',05,10,2013,8090.0,9.1,19.4,1.361,1.9,0.0,1.3,0.000
'260',06,10,2013,6350.0,6.8,18.0,1.155,0.5,0.0,1.0,0.000
'260',07,10,2013,9150.0,5.3,17.6,1.160,1.2,0.0,1.4,0.000
'260',08,10,2013,5240.0,7.1,18.2,1.309,2.0,0.1,0.9,0.017
'260',09,10,2013,5060.0,8.2,15.8,1.152,3.2,0.7,0.8,0.075
'260',10,10,2013,9660.0,6.1,13.0,0.948,2.5,1.2,1.4,0.058
'260',11,10,2013,1030.0,6.2,8.6,0.973,2.2,22.1,0.1,0.683
'260',12,10,2013,7070.0,4.1,10.9,0.925,2.4,22.5,1.0,0.292
'260',13,10,2013,750.0,7.6,9.3,1.033,6.7,63.9,0.1,0.871
'260',14,10,2013,1260.0,8.9,11.2,1.144,3.4,7.5,0.2,0.342
'260',15,10,2013,3200.0,5.6,11.8,1.036,2.2,3.6,0.5,0.146
'260',16,10,2013,6100.0,4.0,14.2,1.095,2.6,0.8,0.9,0.088
'260',17,10,2013,7480.0,6.3,16.1,1.090,4.1,0.0,1.2,0.000
'260',18,10,2013,2920.0,6.2,13.5,1.147,2.3,0.0,0.4,0.000
'260',19,10,2013,6460.0,9.6,16.7,1.308,3.6,4.9,1.0,0.083
'260',20,10,2013,6560.0,12.3,18.7,1.499,4.2,0.2,1.1,0.025
'260',21,10,2013,3850.0,12.0,17.6,1.485,4.0,0.0,0.6,0.000
'260',22,10,2013,8020.0,12.7,21.8,1.626,3.9,3.1,1.4,0.096
'260',23,10,2013,5010.0,12.3,18.8,1.475,5.3,0.0,0.8,0.000
'260',24,10,2013,8840.0,7.0,16.8,1.003,2.4,0.0,1.3,0.000
'260',25,10,2013,2080.0,9.7,18.0,1.420,3.7,0.4,0.3,0.062
'260',26,10,2013,6580.0,14.4,19.5,1.508,4.6,0.0,1.1,0.000
'260',27,10,2013,4240.0,12.6,15.6,1.268,7.7,4.2,0.7,0.163
'260',28,10,2013,4010.0,10.4,17.4,1.195,8.5,11.4,0.6,0.246
'260',29,10,2013,5390.0,7.9,13.5,1.037,5.9,4.6,0.8,0.054
'260',30,10,2013,7050.0,7.2,13.6,0.950,3.9,0.2,1.0,0.004
'260',31,10,2013,4030.0,7.1,13.3,0.948,5.1,0.0,0.6,0.000
'260',01,11,2013,1890.0,9.7,12.6,1.125,4.4,0.1,0.3,0.012
'260',02,11,2013,1490.0,8.6,12.7,1.135,3.5,8.1,0.2,0.212
'260',03,11,2013,2390.0,7.4,11.0,0.936,6.2,6.8,0.3,0.129
'260',04,11,2013,2140.0,7.3,12.4,1.016,4.3,23.1,0.3,0.500
'260',05,11,2013,1670.0,5.3,9.5,0.859,4.2,11.0,0.2,0.388
'260',06,11,2013,1810.0,7.0,14.3,1.135,4.0,6.0,0.3,0.325
'260',07,11,2013,2120.0,9.2,14.3,1.181,3.3,4.0,0.3,0.175
'260',08,11,2013,4220.0,5.7,11.1,0.993,2.7,17.6,0.6,0.154
'260',09,11,2013,5170.0,5.3,10.8,0.879,4.6,13.2,0.7,0.196
'260',10,11,2013,4750.0,0.8,10.1,0.744,2.2,9.0,0.6,0.104
'260',11,11,2013,4020.0,-0.4,9.5,0.694,3.6,0.0,0.5,0.000
'260',12,11,2013,810.0,2.7,8.7,0.765,3.0,2.9,0.1,0.271
'260',13,11,2013,4940.0,-0.2,11.9,0.733,1.7,0.0,0.6,0.000
'260',14,11,2013,1140.0,4.9,8.3,0.884,3.1,2.3,0.2,0.129
'260',15,11,2013,5290.0,0.4,11.6,0.813,1.8,0.0,0.7,0.000
'260',16,11,2013,1880.0,4.2,6.5,0.887,2.0,0.0,0.2,0.000
'260',17,11,2013,1140.0,5.3,7.3,0.917,1.4,0.0,0.2,0.000
'260',18,11,2013,1300.0,3.8,6.6,0.784,3.0,0.0,0.2,0.000
'260',19,11,2013,2340.0,0.8,8.7,0.767,2.3,0.8,0.3,0.137
'260',20,11,2013,2750.0,-1.9,6.1,0.566,4.2,2.2,0.3,0.200
'260',21,11,2013,3350.0,0.8,5.1,0.641,3.6,0.0,0.4,0.000
'260',22,11,2013,1440.0,1.5,5.9,0.695,3.3,0.3,0.2,0.100
'260',23,11,2013,2570.0,0.4,8.1,0.654,2.5,0.0,0.3,0.000
'260',24,11,2013,2260.0,3.2,8.4,0.724,2.8,0.3,0.3,0.021
'260',25,11,2013,3310.0,3.1,8.0,0.742,2.6,0.1,0.4,0.004
'260',26,11,2013,2130.0,1.8,7.5,0.785,1.5,0.5,0.3,0.050
'260',27,11,2013,1800.0,0.5,8.5,0.761,2.4,0.1,0.2,0.025
'260',28,11,2013,1510.0,7.3,10.4,0.980,1.7,0.1,0.2,0.008
'260',29,11,2013,650.0,5.4,8.8,0.839,4.2,3.4,0.1,0.188
'260',30,11,2013,2740.0,2.1,9.8,0.770,2.3,2.9,0.4,0.058
'260',01,12,2013,2360.0,1.7,9.3,0.766,1.8,0.0,0.3,0.000
'260',02,12,2013,3310.0,-1.8,8.3,0.645,1.6,0.0,0.4,0.000
'260',03,12,2013,3750.0,-3.1,6.2,0.618,1.1,0.0,0.4,0.000
'260',04,12,2013,860.0,2.2,8.4,0.797,3.0,1.5,0.1,0.146
'260',05,12,2013,680.0,2.5,9.1,0.673,6.8,8.6,0.1,0.171
'260',06,12,2013,2000.0,1.4,5.4,0.535,5.0,3.7,0.2,0.142
'260',07,12,2013,1300.0,3.4,8.1,0.760,2.8,2.2,0.2,0.083
'260',08,12,2013,1780.0,6.5,9.6,0.967,4.8,0.4,0.2,0.025
'260',09,12,2013,2400.0,7.4,11.1,1.028,4.1,0.0,0.3,0.000
'260',10,12,2013,3830.0,0.4,9.1,0.754,2.3,0.0,0.5,0.000
'260',11,12,2013,3220.0,-1.3,4.1,0.650,2.8,0.0,0.4,0.000
'260',12,12,2013,3500.0,-0.1,5.2,0.653,3.6,0.0,0.4,0.000
'260',13,12,2013,2360.0,-0.2,4.4,0.665,3.2,0.0,0.3,0.000
'260',14,12,2013,2150.0,2.9,8.8,0.799,4.0,5.0,0.3,0.179
'260',15,12,2013,1500.0,6.6,9.0,0.808,5.7,1.5,0.2,0.100
'260',16,12,2013,2710.0,7.9,12.7,0.873,5.5,0.0,0.4,0.000
'260',17,12,2013,750.0,5.2,10.6,0.898,2.8,0.5,0.1,0.037
'260',18,12,2013,1780.0,6.1,8.9,0.857,4.8,0.1,0.2,0.017
'260',19,12,2013,2230.0,3.1,9.4,0.752,4.4,5.4,0.3,0.221
'260',20,12,2013,3410.0,3.8,8.3,0.798,4.8,0.0,0.4,0.000
'260',21,12,2013,530.0,6.1,7.4,0.829,7.2,4.4,0.1,0.200
'260',22,12,2013,1300.0,6.6,10.6,0.924,6.7,1.9,0.2,0.075
'260',23,12,2013,2160.0,4.9,11.6,0.909,7.0,4.1,0.3,0.333
'260',24,12,2013,350.0,7.1,11.5,0.937,8.3,9.4,0.1,0.421
'260',25,12,2013,2580.0,1.7,8.7,0.762,4.2,3.7,0.3,0.112
'260',26,12,2013,1630.0,1.7,7.0,0.741,3.1,0.8,0.2,0.033
'260',27,12,2013,380.0,2.8,9.2,0.795,6.6,6.3,0.1,0.383
'260',28,12,2013,2740.0,4.8,9.1,0.854,3.9,4.3,0.4,0.233
'260',29,12,2013,3140.0,2.7,7.9,0.757,3.8,0.8,0.4,0.062
'260',30,12,2013,2430.0,2.1,7.5,0.711,6.0,0.5,0.3,0.067
'260',31,12,2013,1970.0,5.2,9.0,0.754,4.9,1.4,0.3,0.125
