* Source of data    : Royal Netherlands Meterological Institute (www.knmi.nl)
* File content      : Meteo from www.knmi.nl; input file for Swap 3.2 (www.swap.alterra.nl)
* File generated by : Alterra - Wageningen-UR (www.alterra.wur.nl)
* File generated at : 2017-02-27 11:38:43
Station,DD,MM,YYYY,Rad,Tmin,Tmax,Hum,Wind,Rain,ETref,Wet
'260',01,01,1999,2260.0,3.4,8.8,0.756,4.2,0.0,0.3,0.000
'260',02,01,1999,530.0,4.5,8.6,0.857,5.2,7.8,0.1,0.183
'260',03,01,1999,410.0,3.5,8.2,0.856,5.4,11.3,0.1,0.196
'260',04,01,1999,450.0,5.5,13.0,1.106,6.6,5.0,0.1,0.221
'260',05,01,1999,2560.0,8.5,13.5,1.153,5.3,1.1,0.4,0.058
'260',06,01,1999,3400.0,7.8,13.1,0.954,5.8,0.0,0.5,0.000
'260',07,01,1999,1750.0,5.2,11.4,0.928,4.5,4.2,0.2,0.133
'260',08,01,1999,600.0,3.0,7.5,0.759,5.3,5.1,0.1,0.158
'260',09,01,1999,3620.0,-1.5,5.2,0.558,3.1,0.0,0.4,0.000
'260',10,01,1999,5550.0,-4.3,2.0,0.447,2.6,0.0,0.6,0.000
'260',11,01,1999,5080.0,-3.5,1.4,0.443,3.5,0.0,0.5,0.000
'260',12,01,1999,2690.0,-2.1,2.0,0.545,4.7,7.1,0.3,0.225
'260',13,01,1999,2190.0,0.1,5.5,0.675,4.6,7.6,0.3,0.283
'260',14,01,1999,2610.0,4.8,7.4,0.778,6.5,2.6,0.3,0.125
'260',15,01,1999,1010.0,7.3,9.4,0.936,8.0,2.4,0.1,0.212
'260',16,01,1999,460.0,5.0,11.1,0.958,6.9,11.3,0.1,0.471
'260',17,01,1999,1770.0,3.3,7.6,0.824,4.4,0.0,0.2,0.000
'260',18,01,1999,4550.0,1.5,7.6,0.723,5.0,0.0,0.6,0.000
'260',19,01,1999,1040.0,5.5,10.0,0.920,6.9,1.4,0.1,0.079
'260',20,01,1999,2050.0,8.1,12.1,1.062,5.0,1.3,0.3,0.137
'260',21,01,1999,1520.0,6.0,10.0,1.015,2.0,0.8,0.2,0.083
'260',22,01,1999,3430.0,-3.1,6.7,0.687,1.0,0.0,0.4,0.000
'260',23,01,1999,1090.0,-2.9,6.1,0.682,2.8,0.0,0.1,0.000
'260',24,01,1999,1070.0,4.2,8.5,0.935,5.1,1.4,0.1,0.088
'260',25,01,1999,400.0,6.9,12.2,1.068,8.0,4.1,0.1,0.192
'260',26,01,1999,2560.0,3.4,7.9,0.786,5.1,10.8,0.3,0.200
'260',27,01,1999,3620.0,3.5,8.4,0.809,4.3,6.9,0.5,0.212
'260',28,01,1999,1600.0,0.8,6.9,0.713,4.3,3.8,0.2,0.221
'260',29,01,1999,4440.0,-5.5,1.6,0.390,2.7,0.0,0.5,0.000
'260',30,01,1999,5100.0,-7.1,3.6,0.336,0.8,0.0,0.5,0.000
'260',31,01,1999,4800.0,-4.8,6.0,0.474,1.2,0.0,0.5,0.000
'260',01,02,1999,1270.0,4.2,7.5,0.870,2.8,0.6,0.2,0.037
'260',02,02,1999,1580.0,4.6,7.7,0.872,3.1,0.0,0.2,0.000
'260',03,02,1999,1890.0,4.9,9.1,0.937,3.6,0.2,0.3,0.021
'260',04,02,1999,1960.0,7.6,10.9,0.948,7.0,0.5,0.3,0.037
'260',05,02,1999,4250.0,2.0,8.2,0.633,7.2,3.4,0.6,0.150
'260',06,02,1999,4390.0,1.3,5.8,0.642,3.8,6.5,0.5,0.254
'260',07,02,1999,3690.0,-1.3,4.8,0.597,4.5,6.1,0.4,0.217
'260',08,02,1999,4870.0,-4.1,3.4,0.543,2.8,6.6,0.5,0.279
'260',09,02,1999,2920.0,-4.2,-0.2,0.513,1.5,1.4,0.3,0.062
'260',10,02,1999,6880.0,-2.9,4.6,0.541,2.7,2.6,0.7,0.142
'260',11,02,1999,7930.0,-6.5,2.7,0.434,2.3,0.0,0.8,0.000
'260',12,02,1999,8320.0,-8.3,1.7,0.367,1.6,0.0,0.7,0.000
'260',13,02,1999,9850.0,-9.6,2.4,0.335,1.8,0.0,0.9,0.000
'260',14,02,1999,5160.0,-10.3,-0.3,0.392,2.4,2.6,0.4,0.158
'260',15,02,1999,2390.0,-0.3,2.6,0.660,3.9,0.2,0.3,0.029
'260',16,02,1999,7310.0,2.6,7.5,0.702,6.8,3.4,0.9,0.108
'260',17,02,1999,6920.0,-1.1,5.8,0.556,5.3,3.7,0.8,0.183
'260',18,02,1999,2610.0,0.6,7.0,0.700,2.3,0.6,0.3,0.137
'260',19,02,1999,870.0,4.3,10.3,1.006,4.5,6.2,0.1,0.304
'260',20,02,1999,6490.0,3.5,8.5,0.788,3.5,0.0,0.8,0.000
'260',21,02,1999,1690.0,3.5,7.8,0.767,5.2,6.3,0.2,0.204
'260',22,02,1999,4390.0,0.8,6.0,0.653,6.3,9.6,0.5,0.279
'260',23,02,1999,7440.0,1.3,7.7,0.679,4.5,5.5,0.9,0.167
'260',24,02,1999,8440.0,-1.9,6.9,0.566,2.4,0.1,1.0,0.017
'260',25,02,1999,5470.0,-3.1,6.3,0.579,4.3,0.0,0.6,0.000
'260',26,02,1999,1560.0,5.0,7.9,0.892,5.8,1.6,0.2,0.096
'260',27,02,1999,1310.0,4.7,7.0,0.869,4.6,1.9,0.2,0.129
'260',28,02,1999,7670.0,3.6,10.0,0.826,7.2,0.8,1.0,0.067
'260',01,03,1999,1050.0,4.7,12.1,1.051,7.3,29.9,0.1,0.546
'260',02,03,1999,1170.0,5.5,13.1,1.062,5.8,18.3,0.2,0.458
'260',03,03,1999,5480.0,5.7,11.6,0.902,6.9,2.4,0.8,0.021
'260',04,03,1999,3060.0,5.4,9.5,0.859,4.0,0.2,0.4,0.021
'260',05,03,1999,3720.0,3.2,7.9,0.822,2.2,0.4,0.5,0.042
'260',06,03,1999,2650.0,3.8,6.5,0.786,4.0,4.0,0.3,0.125
'260',07,03,1999,2110.0,2.8,4.8,0.716,5.3,1.5,0.3,0.137
'260',08,03,1999,2420.0,3.7,6.2,0.808,3.4,2.6,0.3,0.296
'260',09,03,1999,1200.0,4.0,5.0,0.808,2.4,1.5,0.1,0.133
'260',10,03,1999,3990.0,-1.2,7.2,0.704,1.5,0.6,0.5,0.017
'260',11,03,1999,12980.0,-3.4,7.8,0.574,3.4,0.0,1.5,0.000
'260',12,03,1999,12270.0,3.2,14.6,0.854,4.5,0.0,1.7,0.000
'260',13,03,1999,10960.0,6.5,16.5,1.070,2.7,0.0,1.6,0.000
'260',14,03,1999,10610.0,1.6,13.2,0.715,1.7,0.0,1.4,0.000
'260',15,03,1999,10960.0,-0.2,12.4,0.701,1.5,0.0,1.4,0.000
'260',16,03,1999,12380.0,-0.8,12.2,0.669,2.1,0.0,1.6,0.000
'260',17,03,1999,5970.0,4.6,10.9,0.816,1.7,1.3,0.8,0.125
'260',18,03,1999,5920.0,2.8,12.4,0.780,2.4,5.2,0.8,0.125
'260',19,03,1999,6660.0,2.5,10.5,0.749,3.5,0.6,0.9,0.012
'260',20,03,1999,5880.0,2.6,8.9,0.734,3.1,0.2,0.8,0.054
'260',21,03,1999,1910.0,5.5,7.6,0.840,4.8,4.9,0.3,0.229
'260',22,03,1999,5410.0,4.0,7.2,0.743,4.4,2.8,0.7,0.167
'260',23,03,1999,2140.0,4.4,9.1,0.917,4.2,3.6,0.3,0.208
'260',24,03,1999,4540.0,3.8,10.6,0.851,4.6,0.0,0.6,0.000
'260',25,03,1999,13030.0,3.9,16.2,0.941,3.6,0.3,1.9,0.012
'260',26,03,1999,9860.0,7.1,13.7,1.012,3.9,4.0,1.5,0.188
'260',27,03,1999,13120.0,1.6,12.7,0.751,2.3,0.0,1.8,0.000
'260',28,03,1999,13950.0,2.1,12.2,0.682,2.1,0.0,1.8,0.000
'260',29,03,1999,16440.0,2.1,15.4,0.721,3.8,0.0,2.4,0.000
'260',30,03,1999,7540.0,9.2,16.6,1.152,2.8,1.7,1.2,0.092
'260',31,03,1999,17900.0,6.9,19.3,1.102,2.4,0.0,2.8,0.000
'260',01,04,1999,16630.0,7.0,19.2,0.885,4.9,0.0,2.7,0.000
'260',02,04,1999,16930.0,8.7,20.8,0.973,3.8,0.0,2.7,0.000
'260',03,04,1999,5720.0,7.4,15.2,1.163,2.2,9.1,0.9,0.383
'260',04,04,1999,5360.0,6.6,11.9,1.093,2.6,0.0,0.8,0.000
'260',05,04,1999,3370.0,7.0,15.0,1.272,3.8,1.1,0.5,0.050
'260',06,04,1999,4750.0,10.5,14.7,1.304,5.8,0.8,0.7,0.021
'260',07,04,1999,8780.0,7.2,12.2,1.035,4.1,3.5,1.3,0.058
'260',08,04,1999,6140.0,2.6,10.6,0.857,2.6,0.0,0.8,0.000
'260',09,04,1999,5810.0,2.7,13.7,1.037,3.1,0.1,0.8,0.021
'260',10,04,1999,4260.0,9.0,12.6,1.188,4.8,1.2,0.6,0.062
'260',11,04,1999,14310.0,6.7,11.8,0.912,4.5,0.0,2.0,0.000
'260',12,04,1999,8480.0,6.3,12.3,0.928,5.3,9.6,1.2,0.371
'260',13,04,1999,12160.0,0.6,10.1,0.640,4.7,10.3,1.6,0.221
'260',14,04,1999,14560.0,0.4,8.7,0.581,2.6,4.9,1.8,0.108
'260',15,04,1999,11270.0,-1.1,9.3,0.601,2.5,0.6,1.4,0.050
'260',16,04,1999,15630.0,0.4,11.2,0.670,2.3,0.0,2.0,0.000
'260',17,04,1999,8980.0,-1.3,9.4,0.641,2.0,4.1,1.1,0.075
'260',18,04,1999,12170.0,0.5,10.8,0.676,2.2,0.4,1.6,0.012
'260',19,04,1999,13530.0,-0.6,10.4,0.643,1.3,0.0,1.7,0.000
'260',20,04,1999,17450.0,-0.4,14.1,0.680,5.3,1.9,2.5,0.108
'260',21,04,1999,16480.0,9.3,17.9,1.134,4.6,10.5,2.6,0.208
'260',22,04,1999,10430.0,7.4,14.6,1.114,4.8,3.9,1.6,0.096
'260',23,04,1999,19650.0,4.8,17.2,0.936,2.9,0.0,3.0,0.000
'260',24,04,1999,10530.0,9.2,14.7,1.135,3.7,0.0,1.6,0.000
'260',25,04,1999,21760.0,6.9,17.9,1.000,3.0,0.0,3.4,0.000
'260',26,04,1999,19850.0,10.8,20.8,1.153,5.0,0.0,3.3,0.000
'260',27,04,1999,21470.0,9.3,18.6,1.146,5.9,0.0,3.4,0.000
'260',28,04,1999,23090.0,8.2,18.4,1.003,4.5,0.0,3.6,0.000
'260',29,04,1999,22090.0,6.0,16.4,0.822,4.6,0.0,3.3,0.000
'260',30,04,1999,25410.0,3.4,19.1,0.618,2.6,0.0,3.9,0.000
'260',01,05,1999,15510.0,7.1,17.3,1.037,2.7,0.0,2.3,0.000
'260',02,05,1999,22320.0,7.3,18.7,0.861,2.5,0.0,3.5,0.000
'260',03,05,1999,24520.0,5.3,18.9,0.891,3.6,0.0,3.9,0.000
'260',04,05,1999,18980.0,6.3,19.1,0.752,5.9,0.0,3.0,0.000
'260',05,05,1999,7350.0,9.8,16.3,1.048,5.5,9.3,1.1,0.337
'260',06,05,1999,3660.0,10.2,14.1,1.378,3.1,7.0,0.6,0.225
'260',07,05,1999,18880.0,10.4,20.6,1.310,3.2,4.6,3.1,0.079
'260',08,05,1999,18840.0,12.2,18.1,1.303,5.0,0.0,3.1,0.000
'260',09,05,1999,22150.0,10.6,21.3,1.272,3.0,0.0,3.7,0.000
'260',10,05,1999,11130.0,10.6,19.4,1.302,3.3,6.2,1.8,0.067
'260',11,05,1999,13960.0,11.2,18.0,1.357,3.5,2.6,2.3,0.083
'260',12,05,1999,14260.0,10.8,17.3,1.244,4.2,1.3,2.3,0.025
'260',13,05,1999,11620.0,7.5,16.8,1.039,3.8,2.7,1.8,0.050
'260',14,05,1999,16100.0,7.0,17.8,1.158,2.8,3.3,2.5,0.042
'260',15,05,1999,21860.0,7.5,14.0,0.902,3.8,0.8,3.3,0.050
'260',16,05,1999,18000.0,3.1,15.0,0.770,2.4,0.0,2.6,0.000
'260',17,05,1999,22650.0,8.0,17.7,0.816,6.4,0.0,3.6,0.000
'260',18,05,1999,26950.0,10.5,22.3,0.759,7.6,0.0,4.6,0.000
'260',19,05,1999,23610.0,12.4,23.0,1.287,3.2,0.0,4.1,0.000
'260',20,05,1999,15930.0,10.5,20.1,1.393,2.7,3.1,2.7,0.142
'260',21,05,1999,23510.0,10.8,21.2,1.245,4.0,1.0,3.9,0.029
'260',22,05,1999,19050.0,9.4,14.8,1.018,3.6,1.2,2.9,0.083
'260',23,05,1999,12590.0,9.7,18.2,1.279,4.7,0.0,2.0,0.000
'260',24,05,1999,8410.0,12.0,17.0,1.307,4.5,0.0,1.4,0.000
'260',25,05,1999,22570.0,6.1,17.7,0.953,2.9,0.0,3.6,0.000
'260',26,05,1999,26110.0,4.6,20.2,0.953,2.5,0.0,4.2,0.000
'260',27,05,1999,27810.0,7.2,27.1,1.005,3.0,0.0,5.0,0.000
'260',28,05,1999,20110.0,11.6,22.3,1.471,3.4,0.0,3.6,0.000
'260',29,05,1999,24250.0,9.1,28.1,1.390,3.0,3.2,4.4,0.071
'260',30,05,1999,10840.0,11.1,19.7,1.538,3.9,3.7,1.8,0.108
'260',31,05,1999,24460.0,10.1,18.5,1.219,2.4,1.8,3.9,0.083
'260',01,06,1999,21320.0,7.9,21.6,1.211,2.5,0.0,3.6,0.000
'260',02,06,1999,13850.0,11.4,25.3,1.666,4.4,7.1,2.4,0.071
'260',03,06,1999,18500.0,12.2,21.7,1.356,5.4,1.6,3.1,0.075
'260',04,06,1999,10760.0,11.3,18.0,1.327,5.3,6.7,1.7,0.088
'260',05,06,1999,11480.0,10.2,15.9,1.263,3.4,16.1,1.8,0.362
'260',06,06,1999,17220.0,7.8,17.3,1.195,5.0,6.1,2.7,0.079
'260',07,06,1999,13920.0,8.1,19.4,1.256,3.0,15.9,2.2,0.137
'260',08,06,1999,18240.0,9.8,16.9,1.100,4.5,0.5,2.9,0.017
'260',09,06,1999,20720.0,8.0,18.2,1.043,3.8,0.4,3.3,0.021
'260',10,06,1999,19480.0,7.5,18.7,1.085,2.6,0.0,3.1,0.000
'260',11,06,1999,12630.0,9.5,17.1,1.171,2.6,0.7,2.0,0.075
'260',12,06,1999,12630.0,8.3,17.5,1.132,1.5,0.0,2.0,0.000
'260',13,06,1999,16270.0,8.6,21.7,1.276,3.1,0.0,2.8,0.000
'260',14,06,1999,24100.0,11.6,23.9,1.508,3.0,0.0,4.2,0.000
'260',15,06,1999,26630.0,10.4,22.9,1.295,2.9,0.0,4.6,0.000
'260',16,06,1999,23780.0,11.7,24.5,1.436,1.9,0.0,4.2,0.000
'260',17,06,1999,21710.0,10.8,24.2,1.457,3.1,0.0,3.7,0.000
'260',18,06,1999,22410.0,6.6,18.7,1.012,3.1,0.0,3.6,0.000
'260',19,06,1999,29240.0,4.7,23.1,0.917,2.1,0.0,4.9,0.000
'260',20,06,1999,7370.0,10.3,16.5,1.165,4.1,4.0,1.2,0.137
'260',21,06,1999,18550.0,7.3,16.8,1.042,2.9,0.6,2.9,0.046
'260',22,06,1999,19770.0,6.0,18.0,1.051,2.0,1.7,3.1,0.029
'260',23,06,1999,14110.0,5.1,18.8,0.966,1.6,0.1,2.3,0.012
'260',24,06,1999,25420.0,8.2,20.0,1.054,2.3,0.8,4.1,0.067
'260',25,06,1999,29990.0,6.4,19.9,0.931,3.2,0.0,4.9,0.000
'260',26,06,1999,28590.0,7.8,23.7,1.048,2.7,0.0,5.0,0.000
'260',27,06,1999,13380.0,13.8,23.3,1.668,3.9,10.1,2.4,0.071
'260',28,06,1999,18170.0,11.0,19.0,1.265,4.7,1.6,3.0,0.096
'260',29,06,1999,6960.0,14.8,21.1,1.784,4.1,15.0,1.2,0.171
'260',30,06,1999,14240.0,10.6,21.9,1.474,2.7,0.2,2.4,0.029
'260',01,07,1999,11460.0,12.1,18.3,1.410,3.5,1.2,1.9,0.046
'260',02,07,1999,12430.0,14.2,23.2,1.768,2.3,0.0,2.2,0.000
'260',03,07,1999,22250.0,14.0,27.2,1.910,4.3,1.1,4.1,0.012
'260',04,07,1999,14360.0,12.9,24.1,1.735,2.4,9.7,2.6,0.108
'260',05,07,1999,4720.0,15.5,19.3,1.879,1.9,15.3,0.8,0.233
'260',06,07,1999,21010.0,13.2,22.0,1.571,2.0,0.0,3.7,0.000
'260',07,07,1999,16000.0,11.4,23.4,1.609,1.8,0.5,2.8,0.008
'260',08,07,1999,19510.0,14.8,23.0,1.626,2.8,0.0,3.5,0.000
'260',09,07,1999,27950.0,12.4,24.9,1.486,3.3,0.0,5.1,0.000
'260',10,07,1999,27180.0,14.0,27.1,1.538,3.5,0.0,5.1,0.000
'260',11,07,1999,26910.0,17.9,28.6,1.674,4.0,0.0,5.2,0.000
'260',12,07,1999,20990.0,17.4,28.1,1.892,3.0,0.0,4.0,0.000
'260',13,07,1999,18140.0,16.0,24.4,2.052,2.5,0.0,3.3,0.000
'260',14,07,1999,19200.0,13.2,20.0,1.325,3.9,1.1,3.3,0.062
'260',15,07,1999,19500.0,11.1,21.0,1.213,3.2,0.0,3.3,0.000
'260',16,07,1999,21610.0,9.5,22.8,1.288,3.0,0.0,3.7,0.000
'260',17,07,1999,17910.0,12.2,24.3,1.615,2.8,0.0,3.2,0.000
'260',18,07,1999,24090.0,12.1,29.2,1.577,2.0,0.0,4.5,0.000
'260',19,07,1999,18170.0,15.1,29.5,1.922,2.9,0.0,3.4,0.000
'260',20,07,1999,14570.0,16.5,25.5,1.728,5.2,0.5,2.7,0.021
'260',21,07,1999,12400.0,14.4,22.0,1.366,5.6,1.6,2.1,0.088
'260',22,07,1999,7980.0,12.4,17.6,1.325,4.1,5.5,1.3,0.212
'260',23,07,1999,13870.0,12.8,19.3,1.285,2.8,0.0,2.3,0.000
'260',24,07,1999,24160.0,14.7,26.0,1.727,2.3,0.0,4.4,0.000
'260',25,07,1999,20870.0,13.1,28.0,1.661,2.9,0.0,3.8,0.000
'260',26,07,1999,20910.0,12.6,21.2,1.282,4.3,0.0,3.6,0.000
'260',27,07,1999,27080.0,8.5,21.3,1.135,4.7,0.0,4.6,0.000
'260',28,07,1999,27280.0,11.3,25.8,1.224,5.0,0.0,4.9,0.000
'260',29,07,1999,26480.0,12.2,28.0,1.216,3.4,0.0,5.0,0.000
'260',30,07,1999,24710.0,14.3,29.6,1.241,3.1,0.0,4.7,0.000
'260',31,07,1999,22700.0,14.6,30.6,1.283,2.5,0.0,4.3,0.000
'260',01,08,1999,22700.0,13.2,31.4,1.158,2.1,0.0,4.3,0.000
'260',02,08,1999,24820.0,14.2,31.4,1.138,2.9,0.0,4.8,0.000
'260',03,08,1999,17050.0,15.9,29.0,1.570,2.7,0.0,3.2,0.000
'260',04,08,1999,19380.0,13.9,28.2,1.723,1.5,0.0,3.6,0.000
'260',05,08,1999,13550.0,14.2,24.7,1.805,3.1,3.7,2.5,0.058
'260',06,08,1999,23260.0,11.7,28.1,1.429,2.3,0.0,4.3,0.000
'260',07,08,1999,1600.0,15.3,19.3,1.711,2.1,27.9,0.3,0.417
'260',08,08,1999,7480.0,15.1,21.4,1.954,2.0,1.9,1.3,0.071
'260',09,08,1999,16100.0,14.4,24.1,1.651,3.0,0.1,2.9,0.021
'260',10,08,1999,7910.0,15.1,21.8,1.816,2.3,17.2,1.4,0.308
'260',11,08,1999,11850.0,9.5,19.4,1.195,2.1,0.0,2.0,0.000
'260',12,08,1999,15350.0,8.5,19.6,1.142,1.5,0.0,2.5,0.000
'260',13,08,1999,17840.0,9.3,22.1,1.237,1.9,0.0,3.0,0.000
'260',14,08,1999,6860.0,12.6,19.3,1.499,3.6,11.2,1.2,0.283
'260',15,08,1999,15070.0,12.1,19.9,1.350,4.0,0.0,2.5,0.000
'260',16,08,1999,11580.0,11.1,19.2,1.266,2.0,4.4,1.9,0.104
'260',17,08,1999,9700.0,10.4,18.2,1.220,2.6,0.7,1.6,0.037
'260',18,08,1999,13110.0,13.8,22.2,1.550,4.5,3.2,2.2,0.121
'260',19,08,1999,9370.0,13.6,19.2,1.545,5.6,16.7,1.6,0.271
'260',20,08,1999,12010.0,11.3,19.8,1.393,3.5,2.7,2.0,0.088
'260',21,08,1999,12420.0,7.6,18.9,1.101,2.0,0.3,2.0,0.021
'260',22,08,1999,12350.0,6.0,17.9,1.021,1.6,0.0,1.9,0.000
'260',23,08,1999,20070.0,6.9,20.1,1.057,3.0,0.0,3.3,0.000
'260',24,08,1999,15690.0,9.8,22.0,1.286,3.5,0.0,2.7,0.000
'260',25,08,1999,14490.0,17.7,27.4,1.771,3.7,0.0,2.8,0.000
'260',26,08,1999,13840.0,16.3,25.4,1.907,3.7,3.9,2.5,0.033
'260',27,08,1999,11290.0,13.4,21.2,1.579,2.7,0.0,2.0,0.000
'260',28,08,1999,18410.0,9.9,22.6,1.364,1.6,0.0,3.2,0.000
'260',29,08,1999,16790.0,9.1,24.1,1.253,1.0,0.0,2.9,0.000
'260',30,08,1999,13910.0,10.5,23.7,1.602,2.3,0.0,2.4,0.000
'260',31,08,1999,9860.0,10.6,21.3,1.437,2.0,0.0,1.7,0.000
'260',01,09,1999,3780.0,12.7,20.1,1.645,1.0,0.0,0.7,0.000
'260',02,09,1999,14090.0,11.2,24.0,1.575,1.8,0.0,2.5,0.000
'260',03,09,1999,19370.0,10.2,25.2,1.291,3.2,0.0,3.4,0.000
'260',04,09,1999,13230.0,12.2,25.6,1.592,2.0,0.0,2.3,0.000
'260',05,09,1999,18250.0,11.8,27.0,1.380,2.1,0.0,3.3,0.000
'260',06,09,1999,15110.0,11.7,25.9,1.660,2.0,0.9,2.7,0.021
'260',07,09,1999,9200.0,13.2,23.2,1.732,3.2,0.0,1.6,0.000
'260',08,09,1999,14250.0,12.1,24.9,1.691,2.7,0.0,2.5,0.000
'260',09,09,1999,11670.0,12.7,24.5,1.695,2.6,0.0,2.1,0.000
'260',10,09,1999,11980.0,15.2,25.3,1.911,2.1,0.0,2.1,0.000
'260',11,09,1999,16840.0,16.1,29.3,1.590,3.2,0.0,3.2,0.000
'260',12,09,1999,14820.0,14.4,27.0,1.900,2.1,0.0,2.7,0.000
'260',13,09,1999,13770.0,14.1,25.4,1.843,2.6,0.0,2.5,0.000
'260',14,09,1999,3650.0,17.0,20.4,1.934,1.9,0.0,0.6,0.000
'260',15,09,1999,4500.0,13.3,22.0,1.861,1.8,16.4,0.8,0.221
'260',16,09,1999,13360.0,11.4,21.1,1.318,3.8,0.0,2.3,0.000
'260',17,09,1999,7940.0,10.0,20.1,1.325,2.6,0.0,1.3,0.000
'260',18,09,1999,14120.0,8.7,20.6,1.230,3.3,0.0,2.3,0.000
'260',19,09,1999,10290.0,12.0,22.9,1.497,4.0,0.0,1.8,0.000
'260',20,09,1999,6030.0,14.7,20.9,1.606,3.2,0.4,1.1,0.062
'260',21,09,1999,8150.0,12.7,18.9,1.415,4.1,0.7,1.4,0.021
'260',22,09,1999,5860.0,14.2,22.0,1.698,2.7,9.0,1.0,0.054
'260',23,09,1999,10460.0,15.6,22.7,1.715,4.3,4.7,1.9,0.067
'260',24,09,1999,10250.0,13.9,22.6,1.648,4.1,8.6,1.8,0.112
'260',25,09,1999,10760.0,12.6,21.3,1.518,3.3,0.0,1.8,0.000
'260',26,09,1999,8050.0,12.3,19.1,1.461,4.6,1.4,1.3,0.042
'260',27,09,1999,3600.0,11.6,16.8,1.450,4.8,3.8,0.6,0.154
'260',28,09,1999,5270.0,13.1,17.7,1.509,4.6,0.4,0.9,0.021
'260',29,09,1999,7020.0,13.8,19.2,1.600,5.1,7.6,1.2,0.175
'260',30,09,1999,5210.0,12.2,18.6,1.564,3.7,14.0,0.9,0.175
'260',01,10,1999,6500.0,11.4,16.1,1.183,6.2,0.5,1.0,0.033
'260',02,10,1999,2500.0,9.1,16.8,1.219,6.0,2.8,0.4,0.096
'260',03,10,1999,5910.0,8.5,13.7,1.147,4.8,15.7,0.9,0.175
'260',04,10,1999,6210.0,7.2,14.4,1.052,2.6,8.2,0.9,0.267
'260',05,10,1999,9080.0,5.3,14.5,0.899,2.3,1.0,1.3,0.033
'260',06,10,1999,5960.0,7.0,14.5,1.057,1.9,0.0,0.9,0.000
'260',07,10,1999,3680.0,4.4,14.3,1.005,4.2,0.9,0.5,0.046
'260',08,10,1999,2000.0,10.1,15.2,1.418,3.5,3.3,0.3,0.200
'260',09,10,1999,3420.0,13.5,16.2,1.532,3.5,0.5,0.6,0.025
'260',10,10,1999,2810.0,13.3,17.1,1.536,4.0,1.6,0.5,0.212
'260',11,10,1999,6690.0,6.1,16.3,1.017,2.7,0.7,1.0,0.037
'260',12,10,1999,9870.0,4.5,15.9,0.927,1.6,0.0,1.4,0.000
'260',13,10,1999,9850.0,3.7,15.3,0.885,1.1,0.0,1.4,0.000
'260',14,10,1999,3530.0,3.4,15.6,1.081,1.4,0.0,0.5,0.000
'260',15,10,1999,3410.0,6.5,13.5,0.985,1.9,0.0,0.5,0.000
'260',16,10,1999,10630.0,4.1,14.5,0.831,2.9,0.0,1.5,0.000
'260',17,10,1999,10670.0,2.2,11.9,0.716,4.6,0.0,1.4,0.000
'260',18,10,1999,10490.0,2.1,11.0,0.681,5.4,0.0,1.4,0.000
'260',19,10,1999,9970.0,2.3,10.2,0.636,6.2,0.0,1.3,0.000
'260',20,10,1999,9460.0,2.1,10.5,0.596,7.1,0.0,1.2,0.000
'260',21,10,1999,2340.0,2.9,9.0,0.737,5.8,0.7,0.3,0.050
'260',22,10,1999,1720.0,8.4,12.7,1.144,4.3,1.6,0.3,0.125
'260',23,10,1999,7900.0,8.9,17.8,1.237,4.1,1.7,1.3,0.029
'260',24,10,1999,3680.0,9.8,15.0,1.220,5.5,0.3,0.6,0.033
'260',25,10,1999,3010.0,10.9,14.4,1.267,4.8,0.5,0.5,0.046
'260',26,10,1999,4080.0,10.6,15.4,1.302,4.0,0.1,0.6,0.012
'260',27,10,1999,4020.0,8.8,14.8,1.226,4.0,0.0,0.6,0.000
'260',28,10,1999,3270.0,8.4,15.3,1.250,2.5,0.0,0.5,0.000
'260',29,10,1999,3010.0,7.9,11.9,1.139,2.6,0.0,0.4,0.000
'260',30,10,1999,5490.0,10.5,18.6,1.349,4.5,2.6,0.9,0.054
'260',31,10,1999,6000.0,9.5,15.0,1.095,5.5,0.0,0.9,0.000
'260',01,11,1999,3080.0,8.9,17.1,1.227,5.7,1.2,0.5,0.037
'260',02,11,1999,3180.0,2.8,14.8,0.965,3.3,0.1,0.5,0.012
'260',03,11,1999,5410.0,1.6,13.7,0.931,2.4,0.0,0.8,0.000
'260',04,11,1999,5590.0,1.8,12.8,0.795,2.3,0.0,0.8,0.000
'260',05,11,1999,4920.0,2.8,11.3,0.798,5.1,1.5,0.7,0.079
'260',06,11,1999,1270.0,7.1,10.2,0.996,7.0,15.6,0.2,0.646
'260',07,11,1999,2300.0,5.8,12.9,1.083,3.1,5.4,0.3,0.150
'260',08,11,1999,1520.0,6.0,11.3,1.086,1.5,2.2,0.2,0.137
'260',09,11,1999,3150.0,5.9,12.2,1.000,3.1,0.7,0.5,0.054
'260',10,11,1999,5490.0,5.4,11.6,0.858,4.6,0.0,0.8,0.000
'260',11,11,1999,5220.0,1.8,9.6,0.760,4.0,0.0,0.7,0.000
'260',12,11,1999,5640.0,0.0,8.3,0.680,2.3,0.0,0.7,0.000
'260',13,11,1999,4190.0,-3.8,9.2,0.665,1.3,0.4,0.5,0.037
'260',14,11,1999,2490.0,1.5,10.7,0.820,3.3,0.6,0.3,0.071
'260',15,11,1999,5930.0,-4.1,6.1,0.444,1.3,0.0,0.6,0.000
'260',16,11,1999,2630.0,-3.8,3.8,0.513,2.8,1.2,0.3,0.133
'260',17,11,1999,3030.0,1.4,7.1,0.748,3.0,5.0,0.4,0.200
'260',18,11,1999,2570.0,-0.2,6.0,0.667,2.4,9.8,0.3,0.279
'260',19,11,1999,3300.0,0.9,4.2,0.629,4.3,1.6,0.4,0.062
'260',20,11,1999,2740.0,-1.2,4.0,0.578,3.5,1.6,0.3,0.088
'260',21,11,1999,2860.0,-1.1,4.8,0.594,1.5,0.5,0.3,0.112
'260',22,11,1999,1110.0,2.0,8.3,0.776,3.6,3.1,0.1,0.200
'260',23,11,1999,3030.0,4.1,10.8,0.900,2.5,0.4,0.4,0.025
'260',24,11,1999,510.0,7.0,10.1,1.065,3.9,0.0,0.1,0.000
'260',25,11,1999,360.0,7.7,10.1,1.071,5.2,4.3,0.1,0.150
'260',26,11,1999,2400.0,5.0,10.6,0.922,5.6,0.0,0.3,0.000
'260',27,11,1999,2380.0,5.0,10.4,0.940,4.2,4.4,0.3,0.125
'260',28,11,1999,2110.0,6.3,11.2,0.931,5.7,0.0,0.3,0.000
'260',29,11,1999,2030.0,7.0,10.3,0.957,3.8,0.0,0.3,0.000
'260',30,11,1999,3110.0,6.5,11.2,0.960,6.2,0.0,0.4,0.000
'260',01,12,1999,2890.0,7.5,11.7,0.926,6.0,0.8,0.4,0.033
'260',02,12,1999,3040.0,5.5,8.8,0.762,5.9,0.0,0.4,0.000
'260',03,12,1999,180.0,5.5,9.9,0.790,8.9,5.7,0.0,0.108
'260',04,12,1999,2920.0,0.8,7.3,0.621,4.4,3.3,0.4,0.108
'260',05,12,1999,3400.0,-0.9,7.9,0.581,2.7,1.1,0.4,0.046
'260',06,12,1999,220.0,3.2,10.4,0.914,8.2,1.9,0.0,0.146
'260',07,12,1999,950.0,6.7,10.3,0.946,7.1,14.1,0.1,0.312
'260',08,12,1999,1040.0,4.6,10.6,0.865,6.5,2.6,0.1,0.083
'260',09,12,1999,2570.0,5.4,9.5,0.847,7.6,3.0,0.4,0.083
'260',10,12,1999,1740.0,4.3,9.3,0.885,5.0,8.0,0.2,0.204
'260',11,12,1999,240.0,4.4,11.6,0.973,7.2,14.6,0.0,0.325
'260',12,12,1999,580.0,4.9,10.8,0.953,5.1,8.3,0.1,0.308
'260',13,12,1999,2840.0,4.3,8.1,0.779,5.6,11.9,0.4,0.304
'260',14,12,1999,1550.0,1.0,4.4,0.682,3.2,4.5,0.2,0.163
'260',15,12,1999,2570.0,-1.8,2.7,0.550,2.8,3.1,0.3,0.137
'260',16,12,1999,1800.0,-4.1,5.2,0.584,2.8,0.2,0.2,0.029
'260',17,12,1999,180.0,3.8,7.5,0.830,6.9,7.2,0.0,0.362
'260',18,12,1999,2210.0,-0.3,6.0,0.563,2.1,0.0,0.3,0.000
'260',19,12,1999,2740.0,-3.0,3.9,0.543,2.3,1.5,0.3,0.092
'260',20,12,1999,2340.0,-3.1,4.9,0.567,2.0,0.0,0.3,0.000
'260',21,12,1999,1050.0,-1.5,2.1,0.584,3.1,0.0,0.1,0.000
'260',22,12,1999,2450.0,-2.2,2.8,0.469,5.9,2.3,0.3,0.150
'260',23,12,1999,2630.0,2.8,8.5,0.799,5.9,2.8,0.3,0.092
'260',24,12,1999,150.0,4.5,9.9,0.906,8.5,15.6,0.0,0.362
'260',25,12,1999,2520.0,4.5,10.5,0.783,8.8,2.6,0.3,0.088
'260',26,12,1999,1620.0,3.1,7.5,0.746,5.3,14.8,0.2,0.325
'260',27,12,1999,2430.0,-0.2,7.2,0.681,3.2,11.1,0.3,0.167
'260',28,12,1999,2030.0,-0.9,5.9,0.696,1.8,1.0,0.2,0.021
'260',29,12,1999,1330.0,0.5,6.2,0.683,3.1,1.0,0.2,0.050
'260',30,12,1999,1440.0,1.4,4.0,0.699,3.8,2.5,0.2,0.171
'260',31,12,1999,370.0,3.2,4.7,0.779,2.4,0.0,0.0,0.000
