* Source of data    : Royal Netherlands Meterological Institute (www.knmi.nl)
* File content      : Meteo from www.knmi.nl; input file for Swap 3.2 (www.swap.alterra.nl)
* File generated by : Alterra - Wageningen-UR (www.alterra.wur.nl)
* File generated at : 2017-02-27 11:38:43
Station,DD,MM,YYYY,Rad,Tmin,Tmax,Hum,Wind,Rain,ETref,Wet
'260',01,01,2016,1760.0,-0.2,7.5,0.721,3.0,0.0,0.2,0.000
'260',02,01,2016,860.0,4.6,6.3,0.812,5.7,3.3,0.1,0.292
'260',03,01,2016,1760.0,5.2,8.2,0.847,5.6,8.8,0.2,0.467
'260',04,01,2016,710.0,3.8,7.0,0.859,3.3,11.2,0.1,0.479
'260',05,01,2016,900.0,4.7,7.7,0.836,3.3,0.3,0.1,0.029
'260',06,01,2016,1190.0,1.6,4.7,0.737,3.1,0.5,0.1,0.017
'260',07,01,2016,500.0,3.5,7.9,0.720,5.8,10.8,0.1,0.242
'260',08,01,2016,3690.0,1.4,8.3,0.655,4.3,0.0,0.5,0.000
'260',09,01,2016,1650.0,1.0,7.9,0.749,4.3,0.3,0.2,0.021
'260',10,01,2016,2720.0,5.0,9.0,0.802,5.4,4.3,0.4,0.092
'260',11,01,2016,730.0,2.1,6.7,0.760,3.7,1.9,0.1,0.083
'260',12,01,2016,2260.0,4.7,7.2,0.798,4.9,10.4,0.3,0.300
'260',13,01,2016,1620.0,2.4,7.0,0.704,3.5,2.8,0.2,0.137
'260',14,01,2016,1210.0,1.6,5.3,0.671,5.2,13.4,0.1,0.421
'260',15,01,2016,1620.0,-1.2,4.0,0.599,2.6,0.0,0.2,0.000
'260',16,01,2016,2890.0,-1.6,5.6,0.534,3.7,1.6,0.3,0.050
'260',17,01,2016,4710.0,-5.6,3.0,0.407,2.3,0.0,0.5,0.000
'260',18,01,2016,5530.0,-6.7,0.0,0.374,2.1,0.0,0.5,0.000
'260',19,01,2016,2890.0,-8.0,0.7,0.382,2.0,0.0,0.3,0.000
'260',20,01,2016,2250.0,-3.7,5.3,0.586,1.5,0.0,0.2,0.000
'260',21,01,2016,1030.0,-4.3,1.5,0.528,2.4,0.0,0.1,0.000
'260',22,01,2016,3500.0,-2.2,5.7,0.587,4.4,4.1,0.4,0.208
'260',23,01,2016,3770.0,2.8,9.0,0.873,3.3,0.0,0.5,0.000
'260',24,01,2016,590.0,5.0,10.4,0.982,4.4,2.2,0.1,0.196
'260',25,01,2016,4570.0,7.4,14.6,0.973,3.9,0.0,0.7,0.000
'260',26,01,2016,3490.0,6.6,11.1,0.899,6.4,2.1,0.5,0.129
'260',27,01,2016,740.0,8.6,12.4,1.080,7.9,13.1,0.1,0.438
'260',28,01,2016,5610.0,4.9,9.0,0.682,4.5,0.2,0.7,0.037
'260',29,01,2016,810.0,5.3,10.0,0.877,8.6,1.9,0.1,0.179
'260',30,01,2016,760.0,5.1,9.9,0.780,6.1,18.7,0.1,0.500
'260',31,01,2016,2220.0,3.6,10.8,0.808,4.3,4.5,0.3,0.325
'260',01,02,2016,2010.0,10.6,11.9,1.123,8.3,0.5,0.3,0.088
'260',02,02,2016,2570.0,6.5,11.4,0.769,6.7,0.2,0.4,0.017
'260',03,02,2016,4030.0,3.1,7.0,0.657,4.1,4.3,0.5,0.112
'260',04,02,2016,1600.0,2.9,7.7,0.771,3.2,3.4,0.2,0.212
'260',05,02,2016,2140.0,5.0,10.9,0.951,4.3,0.8,0.3,0.104
'260',06,02,2016,1930.0,8.3,10.6,0.952,5.3,0.1,0.3,0.021
'260',07,02,2016,4190.0,6.6,11.1,0.868,6.8,3.7,0.6,0.183
'260',08,02,2016,4450.0,7.0,9.9,0.852,9.7,11.0,0.6,0.425
'260',09,02,2016,1080.0,3.3,8.2,0.717,5.0,8.8,0.1,0.263
'260',10,02,2016,4130.0,1.8,8.3,0.721,4.0,5.7,0.5,0.233
'260',11,02,2016,5730.0,-1.6,8.3,0.617,2.8,0.2,0.7,0.004
'260',12,02,2016,5070.0,-1.7,6.6,0.593,2.7,0.0,0.6,0.000
'260',13,02,2016,5550.0,-2.0,4.4,0.552,4.2,0.5,0.6,0.100
'260',14,02,2016,1510.0,0.5,2.6,0.639,4.5,14.6,0.2,0.979
'260',15,02,2016,6540.0,-3.1,5.6,0.495,4.1,0.1,0.8,0.004
'260',16,02,2016,9570.0,-5.0,6.1,0.494,1.3,0.0,1.0,0.000
'260',17,02,2016,8710.0,-5.2,3.5,0.476,2.3,0.0,0.9,0.000
'260',18,02,2016,2930.0,-2.3,3.1,0.524,2.9,1.3,0.3,0.212
'260',19,02,2016,6590.0,1.2,8.3,0.642,3.4,0.5,0.8,0.083
'260',20,02,2016,2090.0,5.0,11.1,0.941,6.5,9.0,0.3,0.513
'260',21,02,2016,1390.0,8.6,11.6,1.109,7.5,8.3,0.2,0.329
'260',22,02,2016,2450.0,4.4,11.3,0.806,4.2,3.5,0.3,0.242
'260',23,02,2016,6780.0,0.8,7.9,0.662,2.6,3.3,0.8,0.058
'260',24,02,2016,6870.0,-1.4,6.5,0.558,1.8,0.4,0.8,0.025
'260',25,02,2016,6800.0,-1.0,5.4,0.598,2.3,1.9,0.8,0.037
'260',26,02,2016,4190.0,-0.7,5.5,0.524,1.6,0.0,0.5,0.000
'260',27,02,2016,10910.0,-1.6,6.3,0.461,4.0,0.0,1.3,0.000
'260',28,02,2016,10650.0,-1.7,6.6,0.517,3.8,0.0,1.2,0.000
'260',29,02,2016,11650.0,-4.3,6.7,0.473,2.6,0.0,1.3,0.000
'260',01,03,2016,2730.0,-5.4,8.6,0.612,4.8,6.1,0.3,0.312
'260',02,03,2016,6520.0,2.7,9.0,0.722,5.0,6.8,0.8,0.229
'260',03,03,2016,10060.0,-0.4,8.4,0.577,2.7,0.8,1.2,0.029
'260',04,03,2016,1690.0,-2.5,3.2,0.571,3.7,12.5,0.2,0.396
'260',05,03,2016,7700.0,-4.5,6.4,0.517,1.6,0.2,0.8,0.012
'260',06,03,2016,6500.0,0.7,7.3,0.668,1.8,1.7,0.8,0.079
'260',07,03,2016,8310.0,-0.8,7.8,0.594,1.4,2.5,1.0,0.062
'260',08,03,2016,8890.0,-2.2,8.3,0.610,2.8,0.0,1.1,0.000
'260',09,03,2016,8580.0,1.4,8.1,0.579,5.8,0.0,1.1,0.000
'260',10,03,2016,12090.0,-1.2,9.2,0.558,3.0,0.0,1.5,0.000
'260',11,03,2016,13000.0,-1.5,8.5,0.662,2.8,0.0,1.5,0.000
'260',12,03,2016,13860.0,-2.7,10.1,0.580,2.5,0.0,1.6,0.000
'260',13,03,2016,14590.0,-1.6,9.9,0.587,3.8,0.0,1.8,0.000
'260',14,03,2016,14760.0,-2.0,10.4,0.497,4.1,0.0,1.8,0.000
'260',15,03,2016,4270.0,-0.6,8.3,0.735,2.8,0.0,0.5,0.000
'260',16,03,2016,13990.0,-0.2,9.0,0.570,5.0,0.0,1.7,0.000
'260',17,03,2016,15250.0,0.0,12.0,0.572,3.3,0.0,2.0,0.000
'260',18,03,2016,3210.0,2.4,6.8,0.718,2.6,0.0,0.4,0.000
'260',19,03,2016,5830.0,5.1,7.5,0.689,4.0,0.0,0.8,0.000
'260',20,03,2016,7310.0,4.2,9.6,0.762,2.7,0.7,1.0,0.079
'260',21,03,2016,4380.0,5.8,9.3,0.875,2.8,1.2,0.6,0.046
'260',22,03,2016,5790.0,4.6,10.1,0.854,2.8,0.1,0.8,0.004
'260',23,03,2016,8000.0,6.2,10.1,0.883,2.6,0.3,1.1,0.050
'260',24,03,2016,4590.0,6.6,9.9,0.872,3.3,0.1,0.6,0.017
'260',25,03,2016,4680.0,0.0,9.6,0.736,3.9,4.4,0.6,0.362
'260',26,03,2016,16260.0,0.6,14.9,0.802,5.8,0.0,2.3,0.000
'260',27,03,2016,8900.0,5.5,13.3,0.819,5.5,7.3,1.3,0.212
'260',28,03,2016,11610.0,7.5,12.9,0.772,8.0,0.9,1.7,0.050
'260',29,03,2016,7000.0,5.5,11.2,0.819,5.4,8.3,1.0,0.242
'260',30,03,2016,13940.0,4.3,11.7,0.718,4.3,1.2,1.9,0.021
'260',31,03,2016,9390.0,3.1,11.6,0.753,2.8,0.0,1.3,0.000
'260',01,04,2016,18360.0,1.2,13.0,0.683,2.2,0.0,2.5,0.000
'260',02,04,2016,9600.0,3.7,13.4,0.843,2.7,0.0,1.4,0.000
'260',03,04,2016,13020.0,12.1,20.4,1.231,2.9,9.7,2.2,0.137
'260',04,04,2016,10400.0,7.5,15.8,1.011,3.1,6.3,1.6,0.117
'260',05,04,2016,7510.0,8.0,13.3,1.021,3.0,1.4,1.1,0.171
'260',06,04,2016,6270.0,6.8,11.7,0.867,5.8,4.1,0.9,0.108
'260',07,04,2016,11450.0,5.3,10.4,0.765,4.3,4.1,1.6,0.100
'260',08,04,2016,7790.0,1.6,11.5,0.774,2.0,2.2,1.0,0.104
'260',09,04,2016,15930.0,1.0,14.9,0.693,3.2,0.0,2.3,0.000
'260',10,04,2016,19930.0,5.2,15.7,0.906,2.8,1.7,3.0,0.104
'260',11,04,2016,20810.0,7.3,18.2,0.895,6.2,0.0,3.3,0.000
'260',12,04,2016,16120.0,5.0,16.7,0.898,2.8,3.0,2.5,0.088
'260',13,04,2016,16280.0,3.6,15.8,0.799,2.2,0.0,2.3,0.000
'260',14,04,2016,16250.0,2.9,16.7,0.781,2.0,0.0,2.4,0.000
'260',15,04,2016,7360.0,8.9,14.1,1.132,3.3,10.1,1.1,0.450
'260',16,04,2016,13620.0,5.4,11.8,0.846,4.9,0.7,1.9,0.083
'260',17,04,2016,14740.0,1.0,10.6,0.709,2.2,4.3,1.9,0.104
'260',18,04,2016,14750.0,-0.1,13.0,0.652,4.1,0.0,2.0,0.000
'260',19,04,2016,17200.0,4.0,13.6,0.748,3.3,0.0,2.5,0.000
'260',20,04,2016,22740.0,3.0,13.8,0.730,2.8,0.0,3.2,0.000
'260',21,04,2016,23310.0,2.7,16.6,0.719,3.7,0.0,3.4,0.000
'260',22,04,2016,16140.0,5.7,12.5,0.803,3.7,0.0,2.3,0.000
'260',23,04,2016,16930.0,3.0,9.3,0.661,3.4,3.0,2.2,0.125
'260',24,04,2016,17390.0,2.1,8.8,0.607,3.5,2.2,2.2,0.046
'260',25,04,2016,7760.0,1.7,8.0,0.699,3.5,4.1,1.0,0.137
'260',26,04,2016,11500.0,1.3,7.7,0.673,5.1,11.9,1.4,0.204
'260',27,04,2016,16010.0,3.2,10.7,0.727,3.6,2.8,2.1,0.112
'260',28,04,2016,17260.0,0.7,9.3,0.575,3.0,1.0,2.2,0.037
'260',29,04,2016,10510.0,4.6,10.6,0.791,5.1,10.0,1.4,0.196
'260',30,04,2016,16630.0,2.8,11.2,0.715,3.0,0.0,2.3,0.000
'260',01,05,2016,25230.0,-0.1,14.1,0.533,2.3,0.0,3.5,0.000
'260',02,05,2016,22030.0,1.6,17.9,0.644,3.4,0.1,3.4,0.004
'260',03,05,2016,23810.0,3.0,14.0,0.743,3.3,3.5,3.5,0.075
'260',04,05,2016,20590.0,1.7,16.0,0.718,1.8,0.0,3.0,0.000
'260',05,05,2016,26760.0,2.9,18.8,0.715,3.6,0.0,4.2,0.000
'260',06,05,2016,26010.0,8.1,23.6,1.072,3.6,0.0,4.4,0.000
'260',07,05,2016,26530.0,9.4,25.8,0.986,3.6,0.0,4.8,0.000
'260',08,05,2016,26630.0,12.7,25.2,0.955,5.2,0.0,4.9,0.000
'260',09,05,2016,25860.0,14.2,25.3,1.107,5.8,0.0,4.7,0.000
'260',10,05,2016,12470.0,15.4,22.1,1.317,3.4,0.0,2.2,0.000
'260',11,05,2016,19860.0,14.1,25.5,1.247,3.6,0.0,3.6,0.000
'260',12,05,2016,24320.0,14.4,25.1,1.115,5.5,0.0,4.4,0.000
'260',13,05,2016,26850.0,9.7,22.2,0.898,5.2,0.0,4.5,0.000
'260',14,05,2016,17340.0,6.4,12.1,0.730,4.4,0.0,2.5,0.000
'260',15,05,2016,18830.0,5.3,12.1,0.721,3.5,0.1,2.7,0.004
'260',16,05,2016,15110.0,4.0,13.6,0.822,2.6,0.3,2.2,0.021
'260',17,05,2016,16470.0,5.0,18.1,0.923,2.8,0.0,2.6,0.000
'260',18,05,2016,13220.0,8.3,18.7,1.119,2.9,0.4,2.1,0.012
'260',19,05,2016,11560.0,10.4,17.3,1.234,2.2,0.2,1.8,0.017
'260',20,05,2016,8700.0,10.7,18.6,1.243,3.7,0.5,1.4,0.042
'260',21,05,2016,17970.0,10.7,23.4,1.329,3.9,0.0,3.1,0.000
'260',22,05,2016,6720.0,12.9,19.0,1.491,2.4,15.3,1.1,0.425
'260',23,05,2016,5790.0,10.5,13.3,1.242,4.2,18.4,0.9,0.658
'260',24,05,2016,15160.0,9.8,14.6,1.070,3.7,0.0,2.3,0.000
'260',25,05,2016,6190.0,7.7,14.5,1.151,1.7,0.1,0.9,0.017
'260',26,05,2016,20180.0,5.6,19.3,1.088,1.9,0.0,3.2,0.000
'260',27,05,2016,18550.0,10.6,20.9,1.318,3.3,0.0,3.1,0.000
'260',28,05,2016,19120.0,11.2,22.7,1.493,2.4,0.0,3.3,0.000
'260',29,05,2016,9220.0,14.0,20.5,1.487,3.6,0.4,1.6,0.025
'260',30,05,2016,4990.0,15.3,18.0,1.729,4.8,6.6,0.8,0.133
'260',31,05,2016,17260.0,13.1,22.6,1.473,2.9,0.0,3.0,0.000
'260',01,06,2016,17260.0,15.4,24.3,1.854,3.9,1.5,3.1,0.017
'260',02,06,2016,6220.0,13.7,17.2,1.614,4.8,0.0,1.0,0.000
'260',03,06,2016,11600.0,13.7,21.4,1.698,2.2,0.0,2.0,0.000
'260',04,06,2016,20950.0,14.1,27.5,1.612,2.3,0.5,3.8,0.004
'260',05,06,2016,28740.0,13.7,25.6,1.551,3.5,0.0,5.2,0.000
'260',06,06,2016,29550.0,11.7,25.6,1.323,2.9,0.0,5.3,0.000
'260',07,06,2016,24380.0,15.3,26.5,1.431,3.0,0.0,4.4,0.000
'260',08,06,2016,21800.0,12.7,21.6,1.440,2.9,0.0,3.7,0.000
'260',09,06,2016,29590.0,11.0,20.3,1.050,3.0,0.0,4.9,0.000
'260',10,06,2016,24210.0,10.8,21.2,0.999,2.1,0.0,4.1,0.000
'260',11,06,2016,15180.0,12.0,20.8,1.387,1.6,1.3,2.6,0.183
'260',12,06,2016,11110.0,13.5,21.1,1.521,1.3,3.3,1.9,0.108
'260',13,06,2016,11920.0,14.6,19.0,1.660,2.8,2.6,2.0,0.062
'260',14,06,2016,11700.0,11.1,19.1,1.461,2.8,22.4,1.9,0.204
'260',15,06,2016,15110.0,11.3,18.7,1.411,2.0,6.2,2.5,0.079
'260',16,06,2016,21110.0,9.2,21.1,1.170,2.0,2.6,3.5,0.158
'260',17,06,2016,13280.0,11.1,19.5,1.384,1.8,4.0,2.2,0.217
'260',18,06,2016,15590.0,9.9,17.1,1.292,3.0,1.1,2.5,0.046
'260',19,06,2016,19730.0,12.1,18.9,1.172,2.8,0.0,3.3,0.000
'260',20,06,2016,4290.0,14.1,16.8,1.517,4.5,18.2,0.7,0.375
'260',21,06,2016,8990.0,13.4,20.1,1.726,2.3,3.9,1.5,0.079
'260',22,06,2016,21510.0,14.7,24.9,1.835,2.4,0.0,3.9,0.000
'260',23,06,2016,16470.0,18.2,28.4,2.369,2.4,49.5,3.1,0.229
'260',24,06,2016,13940.0,13.3,22.7,1.631,2.5,0.7,2.5,0.012
'260',25,06,2016,11490.0,10.9,19.3,1.447,1.7,1.4,1.9,0.104
'260',26,06,2016,12670.0,12.1,18.3,1.337,2.9,19.0,2.1,0.100
'260',27,06,2016,10500.0,10.9,18.9,1.288,3.1,2.3,1.7,0.083
'260',28,06,2016,20390.0,9.2,21.8,1.333,2.6,5.0,3.5,0.054
'260',29,06,2016,16900.0,13.2,20.2,1.391,4.3,1.6,2.9,0.125
'260',30,06,2016,8600.0,14.4,19.2,1.660,3.8,7.6,1.5,0.133
'260',01,07,2016,8160.0,14.3,19.8,1.566,5.0,2.2,1.4,0.071
'260',02,07,2016,22240.0,12.0,18.7,1.135,4.7,1.5,3.7,0.037
'260',03,07,2016,18720.0,9.9,19.8,1.221,2.7,17.8,3.1,0.163
'260',04,07,2016,25590.0,8.6,22.8,1.214,1.7,0.0,4.4,0.000
'260',05,07,2016,11070.0,11.5,18.1,1.340,4.1,1.9,1.8,0.050
'260',06,07,2016,25040.0,9.4,19.4,1.135,2.5,0.5,4.1,0.062
'260',07,07,2016,20820.0,8.3,22.1,1.188,2.5,0.0,3.6,0.000
'260',08,07,2016,9730.0,15.1,21.2,1.672,3.4,4.7,1.7,0.104
'260',09,07,2016,18000.0,14.6,23.6,1.645,3.3,0.0,3.3,0.000
'260',10,07,2016,23200.0,15.9,27.4,1.762,3.5,0.0,4.3,0.000
'260',11,07,2016,16630.0,16.2,21.7,1.502,6.0,0.0,3.0,0.000
'260',12,07,2016,15510.0,12.5,20.3,1.501,2.9,9.9,2.6,0.158
'260',13,07,2016,12610.0,11.1,18.3,1.219,2.3,4.2,2.1,0.075
'260',14,07,2016,19210.0,8.7,19.2,1.113,2.9,0.0,3.1,0.000
'260',15,07,2016,22700.0,9.1,21.3,1.143,2.8,0.0,3.9,0.000
'260',16,07,2016,11430.0,16.9,22.6,1.844,3.2,0.0,2.1,0.000
'260',17,07,2016,20180.0,14.5,23.8,1.708,2.6,0.0,3.7,0.000
'260',18,07,2016,27490.0,13.2,26.5,1.374,2.0,0.0,5.0,0.000
'260',19,07,2016,27140.0,12.0,29.5,1.587,2.2,0.0,5.2,0.000
'260',20,07,2016,23080.0,18.8,32.9,1.941,3.4,0.0,4.6,0.000
'260',21,07,2016,23680.0,16.4,27.4,1.936,2.4,0.0,4.4,0.000
'260',22,07,2016,17340.0,16.8,26.1,1.918,1.5,11.7,3.2,0.150
'260',23,07,2016,19110.0,17.6,25.3,1.954,2.5,0.0,3.5,0.000
'260',24,07,2016,16350.0,15.5,25.5,1.793,1.8,0.0,3.0,0.000
'260',25,07,2016,11230.0,12.6,22.4,1.541,2.5,0.5,2.0,0.012
'260',26,07,2016,14940.0,11.4,23.4,1.416,1.4,0.0,2.6,0.000
'260',27,07,2016,12300.0,16.0,21.3,1.765,3.2,6.4,2.2,0.263
'260',28,07,2016,18630.0,15.4,23.5,1.784,2.7,0.5,3.3,0.025
'260',29,07,2016,10830.0,15.4,21.2,1.742,3.8,3.8,1.9,0.037
'260',30,07,2016,9090.0,16.0,20.9,1.793,2.1,7.2,1.6,0.121
'260',31,07,2016,16080.0,12.9,20.5,1.428,2.4,0.2,2.8,0.025
'260',01,08,2016,18830.0,13.1,21.0,1.378,2.4,6.8,3.2,0.046
'260',02,08,2016,6140.0,13.6,18.6,1.695,3.0,8.3,1.0,0.504
'260',03,08,2016,9290.0,16.4,21.7,1.887,5.3,1.9,1.7,0.258
'260',04,08,2016,10960.0,15.0,20.8,1.480,4.3,0.0,1.9,0.000
'260',05,08,2016,20660.0,12.9,21.6,1.496,2.8,0.0,3.6,0.000
'260',06,08,2016,16010.0,10.5,22.4,1.313,2.5,6.4,2.7,0.083
'260',07,08,2016,9740.0,10.5,22.8,1.643,4.2,0.0,1.7,0.000
'260',08,08,2016,18400.0,12.5,20.5,1.366,3.9,0.1,3.2,0.025
'260',09,08,2016,16920.0,10.3,18.5,1.108,2.5,7.4,2.8,0.121
'260',10,08,2016,18810.0,6.9,16.8,1.004,2.3,1.3,3.0,0.062
'260',11,08,2016,5290.0,6.7,16.3,1.232,3.5,9.6,0.8,0.513
'260',12,08,2016,10470.0,16.3,22.6,1.799,3.4,1.6,1.9,0.096
'260',13,08,2016,11300.0,14.3,21.5,1.662,3.1,0.0,2.0,0.000
'260',14,08,2016,14640.0,9.6,21.7,1.313,1.8,0.0,2.5,0.000
'260',15,08,2016,21780.0,8.2,21.7,1.221,2.5,0.0,3.7,0.000
'260',16,08,2016,23020.0,11.4,21.0,1.311,3.3,0.0,3.9,0.000
'260',17,08,2016,24560.0,10.0,23.4,1.122,3.5,0.0,4.2,0.000
'260',18,08,2016,23610.0,9.7,24.2,1.212,2.9,0.0,4.1,0.000
'260',19,08,2016,12980.0,9.8,24.3,1.338,2.4,3.4,2.3,0.071
'260',20,08,2016,16530.0,14.8,22.9,1.406,4.1,5.4,2.9,0.025
'260',21,08,2016,9620.0,14.7,19.8,1.631,4.3,14.5,1.6,0.233
'260',22,08,2016,8940.0,14.2,22.7,1.525,3.6,3.2,1.6,0.238
'260',23,08,2016,21730.0,14.0,26.9,1.515,2.0,0.0,4.0,0.000
'260',24,08,2016,21870.0,17.0,30.2,1.905,2.7,0.0,4.2,0.000
'260',25,08,2016,21180.0,17.2,31.0,2.085,2.3,0.0,4.1,0.000
'260',26,08,2016,19040.0,17.6,26.2,2.010,2.5,0.0,3.6,0.000
'260',27,08,2016,18230.0,16.1,26.5,1.831,3.5,1.1,3.4,0.017
'260',28,08,2016,13710.0,17.7,24.6,1.941,3.7,0.4,2.5,0.012
'260',29,08,2016,12790.0,10.0,21.4,1.341,2.2,0.2,2.2,0.012
'260',30,08,2016,19920.0,8.5,23.8,1.263,1.1,0.0,3.4,0.000
'260',31,08,2016,19810.0,8.6,25.4,1.272,1.9,0.0,3.4,0.000
'260',01,09,2016,11370.0,10.2,22.9,1.398,1.8,0.0,2.0,0.000
'260',02,09,2016,13010.0,9.7,21.7,1.419,3.1,1.0,2.2,0.058
'260',03,09,2016,13710.0,14.4,22.9,1.606,2.9,1.0,2.4,0.037
'260',04,09,2016,9940.0,15.7,21.3,1.575,4.7,2.8,1.7,0.037
'260',05,09,2016,12550.0,11.5,22.8,1.456,2.1,0.0,2.2,0.000
'260',06,09,2016,12170.0,11.3,24.2,1.681,1.7,0.0,2.1,0.000
'260',07,09,2016,18810.0,11.4,26.8,1.502,1.7,0.0,3.3,0.000
'260',08,09,2016,17650.0,11.6,27.6,1.556,2.7,0.0,3.2,0.000
'260',09,09,2016,16060.0,11.7,22.9,1.421,2.0,0.0,2.8,0.000
'260',10,09,2016,17400.0,11.3,25.7,1.350,2.6,0.0,3.1,0.000
'260',11,09,2016,9630.0,14.8,21.7,1.829,1.8,1.2,1.7,0.079
'260',12,09,2016,17330.0,15.0,28.1,1.748,1.8,0.0,3.2,0.000
'260',13,09,2016,16630.0,15.2,31.2,1.769,2.7,0.0,3.2,0.000
'260',14,09,2016,16640.0,15.3,31.4,1.602,2.3,0.0,3.2,0.000
'260',15,09,2016,15260.0,16.5,29.0,1.772,3.1,4.2,2.9,0.042
'260',16,09,2016,6730.0,15.5,21.2,1.681,3.0,1.2,1.2,0.025
'260',17,09,2016,8350.0,13.7,21.6,1.625,2.0,0.0,1.4,0.000
'260',18,09,2016,11890.0,14.2,20.7,1.542,2.9,0.0,2.0,0.000
'260',19,09,2016,7980.0,9.5,19.8,1.182,1.3,0.0,1.3,0.000
'260',20,09,2016,11140.0,7.9,20.0,1.048,1.1,0.0,1.8,0.000
'260',21,09,2016,13670.0,8.3,20.7,1.080,2.1,0.0,2.2,0.000
'260',22,09,2016,10590.0,6.9,21.3,1.227,1.8,0.0,1.7,0.000
'260',23,09,2016,14620.0,7.3,20.3,1.107,2.1,0.0,2.3,0.000
'260',24,09,2016,14360.0,8.3,23.6,1.186,2.8,0.0,2.4,0.000
'260',25,09,2016,12120.0,12.1,24.3,1.416,3.5,3.5,2.1,0.054
'260',26,09,2016,9790.0,7.6,19.1,1.163,1.1,0.0,1.6,0.000
'260',27,09,2016,14310.0,5.6,20.4,1.006,2.5,0.0,2.3,0.000
'260',28,09,2016,11980.0,16.2,21.6,1.559,4.8,0.0,2.1,0.000
'260',29,09,2016,2910.0,13.8,17.7,1.515,5.1,2.7,0.5,0.071
'260',30,09,2016,9890.0,10.8,18.7,1.144,3.3,0.0,1.6,0.000
'260',01,10,2016,7790.0,9.9,17.6,1.270,2.9,1.0,1.2,0.021
'260',02,10,2016,6200.0,8.8,15.7,1.246,3.7,10.7,1.0,0.133
'260',03,10,2016,11240.0,11.1,19.0,1.278,2.8,0.0,1.8,0.000
'260',04,10,2016,8960.0,9.9,17.3,1.152,4.1,0.0,1.4,0.000
'260',05,10,2016,13390.0,5.4,14.1,0.797,4.8,0.0,1.9,0.000
'260',06,10,2016,9380.0,3.9,12.7,0.816,3.6,0.0,1.4,0.000
'260',07,10,2016,5680.0,10.0,14.5,1.122,2.9,0.0,0.9,0.000
'260',08,10,2016,8560.0,6.5,14.2,0.848,2.4,0.0,1.3,0.000
'260',09,10,2016,9320.0,1.3,14.5,0.765,1.1,0.4,1.3,0.021
'260',10,10,2016,9520.0,1.9,13.5,0.760,1.8,0.0,1.3,0.000
'260',11,10,2016,4610.0,0.3,13.1,0.844,1.8,0.0,0.6,0.000
'260',12,10,2016,4670.0,6.8,11.0,0.911,4.1,0.0,0.7,0.000
'260',13,10,2016,5090.0,7.7,11.4,0.922,5.6,0.0,0.7,0.000
'260',14,10,2016,8090.0,7.3,13.4,1.003,4.5,4.7,1.2,0.142
'260',15,10,2016,2640.0,8.9,13.7,1.194,2.8,4.1,0.4,0.246
'260',16,10,2016,10510.0,8.2,18.8,1.195,3.3,0.0,1.7,0.000
'260',17,10,2016,6070.0,8.2,16.3,1.237,2.2,0.2,0.9,0.017
'260',18,10,2016,3500.0,7.5,12.8,1.111,3.6,11.7,0.5,0.154
'260',19,10,2016,7030.0,4.4,12.0,0.922,3.5,13.4,1.0,0.179
'260',20,10,2016,2930.0,2.7,12.0,0.981,2.5,0.9,0.4,0.117
'260',21,10,2016,6810.0,1.5,12.7,0.876,1.5,0.2,0.9,0.017
'260',22,10,2016,4860.0,1.0,10.4,0.748,1.5,0.0,0.6,0.000
'260',23,10,2016,9140.0,-0.7,11.6,0.693,1.4,0.0,1.1,0.000
'260',24,10,2016,3730.0,4.1,9.5,0.880,2.3,0.0,0.5,0.000
'260',25,10,2016,2620.0,7.9,10.1,1.047,1.4,0.0,0.4,0.000
'260',26,10,2016,5180.0,4.0,12.6,0.950,2.1,0.0,0.7,0.000
'260',27,10,2016,3230.0,10.4,13.8,1.271,3.5,0.0,0.5,0.000
'260',28,10,2016,1400.0,10.3,14.8,1.329,3.0,0.0,0.2,0.000
'260',29,10,2016,6590.0,5.2,15.4,1.011,0.7,0.0,1.0,0.000
'260',30,10,2016,5940.0,4.1,15.3,1.027,0.8,0.0,0.8,0.000
'260',31,10,2016,7490.0,2.9,16.2,0.966,1.2,0.0,1.1,0.000
'260',01,11,2016,2480.0,4.0,13.8,1.061,1.7,0.2,0.3,0.025
'260',02,11,2016,6360.0,2.2,11.7,0.836,2.3,4.2,0.9,0.092
'260',03,11,2016,4860.0,0.8,12.0,0.843,2.3,0.6,0.6,0.025
'260',04,11,2016,2730.0,6.3,9.7,0.898,3.8,2.7,0.4,0.137
'260',05,11,2016,3910.0,4.9,10.8,0.886,2.7,3.1,0.5,0.146
'260',06,11,2016,3650.0,2.4,9.3,0.832,2.9,5.1,0.5,0.154
'260',07,11,2016,1560.0,-0.1,5.7,0.708,2.6,1.7,0.2,0.079
'260',08,11,2016,4020.0,-2.9,5.6,0.603,1.8,1.5,0.5,0.058
'260',09,11,2016,1280.0,0.5,4.3,0.697,2.8,3.7,0.2,0.367
'260',10,11,2016,2000.0,3.1,5.2,0.784,2.3,13.9,0.2,0.404
'260',11,11,2016,6020.0,-3.1,5.8,0.556,2.8,0.2,0.7,0.037
'260',12,11,2016,4220.0,-3.3,5.0,0.584,3.2,0.8,0.5,0.071
'260',13,11,2016,1270.0,-1.0,4.7,0.673,2.3,1.7,0.1,0.200
'260',14,11,2016,1910.0,-2.3,6.9,0.723,3.2,3.9,0.2,0.283
'260',15,11,2016,800.0,6.9,12.9,1.227,3.2,3.5,0.1,0.492
'260',16,11,2016,2540.0,9.3,14.2,1.217,4.0,5.6,0.4,0.279
'260',17,11,2016,2580.0,7.6,11.5,1.012,5.3,12.0,0.4,0.329
'260',18,11,2016,2650.0,3.2,8.2,0.760,5.5,0.7,0.3,0.054
'260',19,11,2016,3850.0,4.0,8.1,0.748,4.8,0.0,0.5,0.000
'260',20,11,2016,930.0,4.8,12.5,0.878,7.3,4.6,0.1,0.171
'260',21,11,2016,1870.0,8.1,13.9,1.133,4.5,4.9,0.3,0.225
'260',22,11,2016,3830.0,6.5,14.2,0.921,4.5,0.0,0.6,0.000
'260',23,11,2016,1640.0,3.7,11.1,0.936,2.7,0.0,0.2,0.000
'260',24,11,2016,3590.0,3.0,8.7,0.707,5.8,0.0,0.5,0.000
'260',25,11,2016,4840.0,-0.6,8.4,0.506,4.0,0.0,0.6,0.000
'260',26,11,2016,3960.0,-2.6,3.6,0.552,1.0,0.0,0.4,0.000
'260',27,11,2016,2580.0,-1.0,9.4,0.691,2.0,0.0,0.3,0.000
'260',28,11,2016,4660.0,-4.1,4.2,0.447,2.8,0.0,0.5,0.000
'260',29,11,2016,5520.0,-7.0,4.3,0.396,1.1,0.0,0.5,0.000
'260',30,11,2016,2480.0,-7.0,6.8,0.550,2.5,0.0,0.3,0.000
'260',01,12,2016,1620.0,5.1,9.4,0.854,3.1,0.0,0.2,0.000
'260',02,12,2016,1720.0,-2.5,9.4,0.682,2.0,0.9,0.2,0.088
'260',03,12,2016,2910.0,-4.3,8.1,0.563,0.8,0.0,0.3,0.000
'260',04,12,2016,4500.0,-5.0,4.0,0.462,2.4,0.0,0.5,0.000
'260',05,12,2016,3930.0,-6.9,4.1,0.455,1.4,0.0,0.4,0.000
'260',06,12,2016,4040.0,-5.3,5.4,0.547,1.9,0.0,0.4,0.000
'260',07,12,2016,1520.0,1.8,9.5,0.756,3.8,0.0,0.2,0.000
'260',08,12,2016,2130.0,6.4,9.6,0.809,4.5,0.1,0.3,0.021
'260',09,12,2016,780.0,7.4,10.4,1.047,4.0,0.0,0.1,0.000
'260',10,12,2016,280.0,6.6,9.2,0.977,4.3,4.9,0.0,0.300
'260',11,12,2016,1720.0,6.9,9.6,0.946,3.8,1.7,0.2,0.117
'260',12,12,2016,1350.0,0.8,7.6,0.778,2.0,0.0,0.2,0.000
'260',13,12,2016,560.0,5.3,7.5,0.887,2.8,0.1,0.1,0.012
'260',14,12,2016,2200.0,4.8,9.1,0.933,2.3,0.0,0.3,0.000
'260',15,12,2016,640.0,5.2,7.9,0.911,4.0,0.0,0.1,0.000
'260',16,12,2016,2280.0,2.7,7.5,0.760,3.0,0.0,0.3,0.000
'260',17,12,2016,590.0,3.2,8.5,0.865,1.8,0.0,0.1,0.000
'260',18,12,2016,1590.0,2.6,9.1,0.865,2.0,0.0,0.2,0.000
'260',19,12,2016,2620.0,-0.2,7.5,0.721,2.3,0.0,0.3,0.000
'260',20,12,2016,3110.0,-2.7,1.0,0.540,2.2,0.0,0.3,0.000
'260',21,12,2016,1850.0,0.0,7.1,0.677,4.6,2.4,0.2,0.167
'260',22,12,2016,980.0,4.8,6.9,0.885,3.4,1.5,0.1,0.146
'260',23,12,2016,1430.0,4.3,8.0,0.840,5.4,0.8,0.2,0.083
'260',24,12,2016,1920.0,6.1,9.7,0.888,5.0,1.0,0.3,0.071
'260',25,12,2016,450.0,8.1,11.7,1.080,6.1,0.5,0.1,0.037
'260',26,12,2016,2850.0,6.1,11.8,0.830,5.5,1.9,0.4,0.029
'260',27,12,2016,2930.0,3.0,9.3,0.799,2.8,1.1,0.4,0.075
'260',28,12,2016,1160.0,-3.1,4.3,0.617,1.5,0.0,0.1,0.000
'260',29,12,2016,1440.0,-4.0,-0.8,0.509,1.8,0.0,0.1,0.000
'260',30,12,2016,1690.0,-4.0,1.5,0.554,2.2,0.0,0.2,0.000
'260',31,12,2016,830.0,0.8,3.3,0.703,3.4,0.2,0.1,0.021
