* Source of data    : Royal Netherlands Meterological Institute (www.knmi.nl)
* File content      : Meteo from www.knmi.nl; input file for Swap 3.2 (www.swap.alterra.nl)
* File generated by : Alterra - Wageningen-UR (www.alterra.wur.nl)
* File generated at : 2017-02-27 11:38:43
Station,DD,MM,YYYY,Rad,Tmin,Tmax,Hum,Wind,Rain,ETref,Wet
'260',01,01,1994,2180.0,1.1,5.5,0.650,3.6,0.4,0.3,0.029
'260',02,01,1994,460.0,0.2,8.1,0.753,6.2,13.3,0.1,0.479
'260',03,01,1994,770.0,3.7,8.9,0.822,5.7,8.4,0.1,0.154
'260',04,01,1994,2350.0,4.8,8.4,0.813,7.2,3.2,0.3,0.196
'260',05,01,1994,340.0,3.8,8.7,0.833,6.2,8.4,0.0,0.308
'260',06,01,1994,1540.0,4.0,8.1,0.839,5.1,5.0,0.2,0.250
'260',07,01,1994,2420.0,2.5,6.1,0.731,5.1,0.0,0.3,0.000
'260',08,01,1994,1110.0,1.0,4.3,0.698,3.6,0.0,0.1,0.000
'260',09,01,1994,3350.0,-0.2,4.1,0.611,4.6,0.0,0.4,0.000
'260',10,01,1994,1640.0,2.6,6.1,0.721,5.1,0.0,0.2,0.000
'260',11,01,1994,1110.0,3.0,6.4,0.797,3.6,1.5,0.1,0.042
'260',12,01,1994,490.0,5.7,12.2,1.077,7.2,8.4,0.1,0.467
'260',13,01,1994,2610.0,7.7,12.2,0.985,9.3,2.5,0.4,0.092
'260',14,01,1994,2410.0,5.3,8.2,0.800,7.2,4.2,0.3,0.067
'260',15,01,1994,1920.0,3.9,6.8,0.800,3.6,0.0,0.2,0.000
'260',16,01,1994,2900.0,-2.5,5.1,0.579,2.6,0.0,0.3,0.000
'260',17,01,1994,5300.0,-4.3,4.1,0.488,1.5,0.0,0.5,0.000
'260',18,01,1994,1730.0,-0.1,4.0,0.620,6.7,0.0,0.2,0.000
'260',19,01,1994,380.0,-0.6,3.2,0.634,4.6,4.5,0.0,0.508
'260',20,01,1994,4350.0,-2.0,5.9,0.626,4.1,0.0,0.5,0.000
'260',21,01,1994,630.0,4.4,6.3,0.863,5.7,0.0,0.1,0.000
'260',22,01,1994,530.0,5.2,8.9,0.950,4.1,2.9,0.1,0.400
'260',23,01,1994,920.0,4.3,10.4,0.832,7.2,19.1,0.1,0.362
'260',24,01,1994,2810.0,1.4,6.5,0.693,3.6,0.0,0.3,0.000
'260',25,01,1994,1530.0,4.9,11.6,0.993,7.2,7.2,0.2,0.238
'260',26,01,1994,3330.0,4.1,7.3,0.725,7.2,2.6,0.4,0.171
'260',27,01,1994,950.0,4.2,10.9,0.838,10.3,7.4,0.1,0.196
'260',28,01,1994,3270.0,0.9,6.0,0.515,8.2,0.9,0.4,0.100
'260',29,01,1994,1170.0,2.1,8.3,0.735,5.1,1.1,0.1,0.175
'260',30,01,1994,3820.0,5.0,9.8,0.808,7.2,1.6,0.5,0.121
'260',31,01,1994,3640.0,3.9,7.7,0.725,4.1,0.0,0.5,0.000
'260',01,02,1994,1420.0,3.7,7.2,0.736,6.2,2.0,0.2,0.108
'260',02,02,1994,4820.0,-1.1,6.9,0.579,3.6,0.0,0.6,0.000
'260',03,02,1994,2820.0,-1.0,4.9,0.594,6.2,2.4,0.3,0.254
'260',04,02,1994,840.0,4.2,7.3,0.889,3.1,0.0,0.1,0.000
'260',05,02,1994,2270.0,2.3,5.8,0.731,2.6,0.0,0.3,0.000
'260',06,02,1994,2610.0,1.7,7.6,0.770,2.1,0.0,0.3,0.000
'260',07,02,1994,2430.0,0.8,6.4,0.719,3.1,1.9,0.3,0.192
'260',08,02,1994,4630.0,0.2,8.6,0.684,2.1,0.3,0.6,0.058
'260',09,02,1994,2450.0,0.5,8.2,0.708,4.6,0.9,0.3,0.112
'260',10,02,1994,3090.0,3.1,7.7,0.742,4.1,2.7,0.4,0.163
'260',11,02,1994,1530.0,-0.4,4.3,0.616,2.6,0.0,0.2,0.000
'260',12,02,1994,4380.0,-1.2,3.0,0.524,4.6,0.0,0.5,0.000
'260',13,02,1994,5570.0,-7.3,-0.1,0.287,7.7,0.0,0.5,0.000
'260',14,02,1994,7520.0,-7.9,-1.0,0.198,10.3,0.0,0.7,0.000
'260',15,02,1994,5070.0,-4.3,2.5,0.239,7.7,0.0,0.5,0.000
'260',16,02,1994,7270.0,-4.8,5.4,0.357,3.6,0.0,0.8,0.000
'260',17,02,1994,8880.0,-8.1,4.6,0.273,2.6,0.0,0.9,0.000
'260',18,02,1994,8520.0,-6.4,4.4,0.313,3.6,0.0,0.8,0.000
'260',19,02,1994,8960.0,-7.1,4.0,0.243,3.1,0.0,0.9,0.000
'260',20,02,1994,8340.0,-8.6,-0.2,0.299,3.6,0.0,0.7,0.000
'260',21,02,1994,4540.0,-10.1,-2.3,0.310,2.6,0.0,0.4,0.000
'260',22,02,1994,1750.0,-7.5,-1.3,0.385,2.6,0.5,0.2,0.125
'260',23,02,1994,5100.0,-2.3,2.3,0.448,4.6,0.3,0.5,0.054
'260',24,02,1994,2730.0,-0.9,0.7,0.573,2.6,3.6,0.3,0.383
'260',25,02,1994,6390.0,-1.1,3.6,0.535,2.1,0.0,0.7,0.000
'260',26,02,1994,6410.0,1.6,11.3,0.831,4.1,0.0,0.9,0.000
'260',27,02,1994,3960.0,3.9,11.3,0.913,2.6,3.8,0.5,0.271
'260',28,02,1994,5110.0,5.1,11.2,0.991,2.6,7.5,0.7,0.312
'260',01,03,1994,2120.0,5.1,8.2,0.918,3.6,0.6,0.3,0.021
'260',02,03,1994,1030.0,3.7,7.3,0.839,4.6,5.5,0.1,0.238
'260',03,03,1994,4170.0,2.9,9.0,0.799,5.1,7.2,0.5,0.092
'260',04,03,1994,9760.0,1.9,10.1,0.673,4.1,0.0,1.3,0.000
'260',05,03,1994,7510.0,1.8,12.7,0.739,5.1,0.8,1.0,0.092
'260',06,03,1994,8120.0,3.1,10.0,0.720,5.1,0.0,1.1,0.000
'260',07,03,1994,2800.0,7.1,12.1,1.063,6.2,0.7,0.4,0.117
'260',08,03,1994,2370.0,8.9,12.3,1.207,7.2,0.0,0.3,0.000
'260',09,03,1994,1420.0,6.9,9.7,1.035,5.7,0.3,0.2,0.029
'260',10,03,1994,12630.0,0.8,10.2,0.687,3.6,0.0,1.7,0.000
'260',11,03,1994,12520.0,-1.1,10.7,0.584,3.1,0.0,1.6,0.000
'260',12,03,1994,10360.0,3.9,9.6,0.716,5.1,0.4,1.4,0.062
'260',13,03,1994,3490.0,5.9,10.8,0.815,9.3,4.7,0.5,0.238
'260',14,03,1994,6290.0,5.6,12.1,0.904,7.7,0.4,0.9,0.017
'260',15,03,1994,1740.0,4.7,10.2,0.975,2.6,15.0,0.2,0.658
'260',16,03,1994,9140.0,3.2,8.7,0.638,6.7,0.4,1.2,0.037
'260',17,03,1994,3790.0,2.9,6.8,0.622,7.2,0.5,0.5,0.083
'260',18,03,1994,5490.0,3.1,8.9,0.779,5.1,17.6,0.7,0.358
'260',19,03,1994,9460.0,1.7,9.2,0.683,6.2,5.9,1.2,0.246
'260',20,03,1994,11390.0,1.8,7.4,0.612,4.6,0.0,1.4,0.000
'260',21,03,1994,12420.0,-1.6,8.1,0.525,2.6,0.0,1.5,0.000
'260',22,03,1994,3620.0,-2.3,8.6,0.660,4.6,2.8,0.4,0.200
'260',23,03,1994,1340.0,8.5,12.8,1.168,10.3,0.1,0.2,0.037
'260',24,03,1994,12590.0,7.9,11.2,0.841,7.2,1.9,1.8,0.083
'260',25,03,1994,1480.0,5.0,10.8,1.004,7.2,20.4,0.2,0.550
'260',26,03,1994,10930.0,0.8,9.0,0.666,5.1,0.7,1.4,0.058
'260',27,03,1994,17310.0,-1.5,8.8,0.574,3.1,0.0,2.2,0.000
'260',28,03,1994,3350.0,4.5,12.8,0.935,5.7,0.8,0.5,0.146
'260',29,03,1994,9230.0,8.8,13.9,1.011,6.2,0.0,1.4,0.000
'260',30,03,1994,14460.0,7.7,18.9,1.110,5.1,0.0,2.3,0.000
'260',31,03,1994,10180.0,7.7,16.6,0.951,8.2,4.7,1.5,0.242
'260',01,04,1994,6330.0,4.6,11.8,0.842,9.8,12.6,0.9,0.438
'260',02,04,1994,12620.0,1.4,9.1,0.627,4.1,3.1,1.6,0.129
'260',03,04,1994,12540.0,1.5,9.7,0.664,4.6,0.8,1.6,0.088
'260',04,04,1994,5700.0,1.7,11.2,0.817,6.7,24.1,0.7,0.758
'260',05,04,1994,7290.0,1.5,7.0,0.721,5.1,1.2,0.9,0.137
'260',06,04,1994,12290.0,-0.3,10.0,0.652,3.1,1.0,1.6,0.088
'260',07,04,1994,10400.0,-0.8,9.5,0.650,3.1,1.7,1.3,0.246
'260',08,04,1994,7810.0,4.7,9.7,0.805,4.6,5.8,1.0,0.246
'260',09,04,1994,10480.0,-0.4,8.4,0.640,4.1,4.8,1.3,0.158
'260',10,04,1994,9520.0,-0.7,9.3,0.601,3.1,1.3,1.2,0.088
'260',11,04,1994,17240.0,5.8,13.3,0.818,6.2,0.0,2.5,0.000
'260',12,04,1994,11810.0,4.4,12.8,0.844,4.6,0.0,1.7,0.000
'260',13,04,1994,14350.0,5.2,11.0,0.765,7.7,0.0,2.0,0.000
'260',14,04,1994,18370.0,4.1,9.8,0.728,4.6,3.0,2.4,0.292
'260',15,04,1994,5530.0,4.0,8.4,0.784,3.1,3.5,0.7,0.217
'260',16,04,1994,20160.0,3.2,13.3,0.766,5.7,0.0,2.8,0.000
'260',17,04,1994,9570.0,4.7,8.7,0.728,6.2,0.0,1.3,0.000
'260',18,04,1994,15440.0,-0.3,10.5,0.595,3.6,0.0,2.0,0.000
'260',19,04,1994,9620.0,-1.7,9.6,0.604,1.5,0.0,1.2,0.000
'260',20,04,1994,12960.0,0.3,14.5,0.692,2.1,0.0,1.7,0.000
'260',21,04,1994,8710.0,1.7,13.8,0.713,3.1,0.0,1.2,0.000
'260',22,04,1994,16900.0,0.8,17.9,0.727,3.1,0.0,2.5,0.000
'260',23,04,1994,19160.0,6.7,22.6,0.900,4.6,0.0,3.1,0.000
'260',24,04,1994,10940.0,6.2,20.5,1.113,2.6,1.3,1.7,0.096
'260',25,04,1994,12630.0,4.4,14.6,0.792,3.1,0.5,1.9,0.083
'260',26,04,1994,4700.0,5.6,14.3,1.065,4.1,1.9,0.7,0.088
'260',27,04,1994,4630.0,10.2,14.8,1.357,3.6,0.8,0.7,0.071
'260',28,04,1994,7800.0,7.5,18.3,1.286,3.6,0.0,1.2,0.000
'260',29,04,1994,18460.0,6.5,21.5,1.138,2.1,0.0,3.0,0.000
'260',30,04,1994,18610.0,6.6,19.1,1.141,3.6,0.0,2.9,0.000
'260',01,05,1994,19540.0,5.7,11.3,0.730,4.1,0.0,2.7,0.000
'260',02,05,1994,24750.0,1.3,14.4,0.673,3.1,0.0,3.5,0.000
'260',03,05,1994,23310.0,5.0,20.3,0.792,5.7,0.0,3.7,0.000
'260',04,05,1994,14450.0,7.8,15.6,1.001,4.6,1.3,2.2,0.067
'260',05,05,1994,16350.0,7.6,14.6,0.883,4.1,0.4,2.5,0.112
'260',06,05,1994,4170.0,8.7,13.5,1.290,2.6,12.2,0.6,0.646
'260',07,05,1994,13060.0,12.2,20.0,1.471,3.6,0.0,2.2,0.000
'260',08,05,1994,3430.0,8.3,16.7,1.192,3.1,2.2,0.5,0.288
'260',09,05,1994,9710.0,6.4,12.9,0.979,3.1,0.0,1.4,0.000
'260',10,05,1994,11530.0,6.3,13.9,1.016,2.1,0.0,1.7,0.000
'260',11,05,1994,21470.0,6.7,21.4,1.000,4.6,0.0,3.5,0.000
'260',12,05,1994,21720.0,12.1,23.3,0.988,5.1,0.0,3.8,0.000
'260',13,05,1994,23900.0,10.6,21.8,1.021,5.7,0.0,4.1,0.000
'260',14,05,1994,19270.0,11.2,24.3,1.214,4.6,1.3,3.3,0.212
'260',15,05,1994,20160.0,8.5,18.7,1.105,4.1,6.8,3.3,0.167
'260',16,05,1994,12950.0,7.7,18.2,1.278,2.6,1.3,2.0,0.071
'260',17,05,1994,8380.0,9.5,17.0,1.272,3.6,10.4,1.3,0.137
'260',18,05,1994,18800.0,6.9,16.8,1.148,3.1,0.0,2.9,0.000
'260',19,05,1994,14410.0,7.6,16.2,1.130,2.6,0.0,2.2,0.000
'260',20,05,1994,11420.0,7.0,18.6,1.122,2.1,18.6,1.8,0.317
'260',21,05,1994,11610.0,11.8,17.6,1.440,3.6,8.0,1.9,0.183
'260',22,05,1994,11930.0,9.8,17.8,1.360,4.6,4.9,1.9,0.088
'260',23,05,1994,11910.0,7.8,15.6,1.203,2.6,0.0,1.8,0.000
'260',24,05,1994,14030.0,8.7,17.0,1.183,2.1,0.2,2.2,0.033
'260',25,05,1994,5350.0,9.1,13.9,1.192,2.6,4.8,0.8,0.233
'260',26,05,1994,6930.0,8.4,15.4,1.155,2.6,0.4,1.0,0.071
'260',27,05,1994,12930.0,8.4,13.4,0.956,3.1,0.4,1.9,0.037
'260',28,05,1994,9400.0,7.7,12.7,1.056,2.6,10.3,1.4,0.254
'260',29,05,1994,13390.0,4.1,13.8,0.796,2.6,0.0,1.9,0.000
'260',30,05,1994,21890.0,2.1,14.3,0.747,2.6,0.0,3.1,0.000
'260',31,05,1994,25690.0,2.5,18.7,0.872,3.1,0.0,4.0,0.000
'260',01,06,1994,27020.0,5.4,24.6,0.928,3.1,0.0,4.7,0.000
'260',02,06,1994,4900.0,11.6,19.2,1.339,4.1,7.7,0.8,0.283
'260',03,06,1994,12350.0,10.5,17.5,1.305,5.7,8.0,2.0,0.163
'260',04,06,1994,7970.0,9.5,14.2,1.179,4.6,24.7,1.2,0.804
'260',05,06,1994,23920.0,8.2,14.2,0.962,4.6,0.3,3.6,0.042
'260',06,06,1994,6420.0,8.4,14.9,1.331,3.6,3.2,1.0,0.238
'260',07,06,1994,2640.0,11.1,14.9,1.415,4.1,0.2,0.4,0.054
'260',08,06,1994,6860.0,6.9,16.3,1.193,2.6,7.7,1.0,0.129
'260',09,06,1994,13850.0,4.5,14.4,0.848,3.6,6.2,2.1,0.183
'260',10,06,1994,19660.0,8.0,14.9,1.009,4.6,3.4,3.0,0.150
'260',11,06,1994,18210.0,7.3,16.1,0.994,3.1,1.0,2.8,0.050
'260',12,06,1994,24040.0,7.6,18.5,1.172,3.1,0.0,3.8,0.000
'260',13,06,1994,21940.0,5.8,19.1,1.113,2.6,0.0,3.5,0.000
'260',14,06,1994,27890.0,6.6,21.7,1.201,3.1,0.0,4.6,0.000
'260',15,06,1994,22050.0,6.6,18.4,1.112,3.6,0.0,3.5,0.000
'260',16,06,1994,5710.0,11.4,15.1,1.275,3.1,2.6,0.9,0.271
'260',17,06,1994,9630.0,10.2,16.5,1.292,2.1,0.0,1.5,0.000
'260',18,06,1994,16760.0,12.6,19.7,1.359,4.6,0.0,2.8,0.000
'260',19,06,1994,13070.0,12.7,18.4,1.460,3.6,0.0,2.2,0.000
'260',20,06,1994,6500.0,14.3,18.3,1.551,2.6,0.4,1.1,0.062
'260',21,06,1994,11620.0,14.0,19.1,1.463,6.7,0.5,2.0,0.058
'260',22,06,1994,12490.0,9.2,19.6,1.278,5.1,0.2,2.1,0.037
'260',23,06,1994,28520.0,7.2,19.3,0.967,2.6,0.0,4.6,0.000
'260',24,06,1994,26560.0,9.2,25.9,1.058,5.1,0.0,4.8,0.000
'260',25,06,1994,13270.0,14.4,24.7,1.754,3.1,2.8,2.4,0.054
'260',26,06,1994,18460.0,13.9,24.0,1.749,2.6,0.0,3.3,0.000
'260',27,06,1994,21070.0,13.4,24.2,1.561,2.6,0.0,3.7,0.000
'260',28,06,1994,25440.0,14.3,29.7,1.724,2.1,0.0,4.8,0.000
'260',29,06,1994,23460.0,11.3,24.2,1.591,3.1,0.0,4.2,0.000
'260',30,06,1994,21820.0,10.0,23.0,1.218,2.6,0.0,3.8,0.000
'260',01,07,1994,27870.0,11.5,26.2,1.311,4.1,0.0,5.1,0.000
'260',02,07,1994,22010.0,15.2,30.1,1.630,3.1,0.0,4.2,0.000
'260',03,07,1994,23740.0,17.5,29.1,2.219,2.1,0.0,4.5,0.000
'260',04,07,1994,17150.0,18.0,26.8,2.071,3.1,0.0,3.2,0.000
'260',05,07,1994,14580.0,10.6,20.7,1.304,3.6,0.0,2.5,0.000
'260',06,07,1994,19180.0,9.6,21.9,1.242,2.1,0.0,3.3,0.000
'260',07,07,1994,10190.0,10.0,18.6,1.343,2.6,7.1,1.7,0.217
'260',08,07,1994,13440.0,10.2,21.4,1.387,2.1,0.0,2.3,0.000
'260',09,07,1994,17370.0,13.2,23.2,1.541,1.5,0.0,3.1,0.000
'260',10,07,1994,25740.0,10.8,25.5,1.431,2.1,0.0,4.6,0.000
'260',11,07,1994,26650.0,14.8,29.3,1.542,2.6,0.0,5.1,0.000
'260',12,07,1994,27270.0,17.9,31.8,1.489,3.6,0.0,5.4,0.000
'260',13,07,1994,24450.0,19.0,30.5,1.928,3.1,0.0,4.8,0.000
'260',14,07,1994,21800.0,15.5,24.4,1.865,3.1,8.9,4.0,0.129
'260',15,07,1994,23340.0,13.5,26.0,1.513,2.1,0.0,4.2,0.000
'260',16,07,1994,18350.0,15.1,24.7,1.728,3.1,0.0,3.3,0.000
'260',17,07,1994,24350.0,14.3,24.9,1.561,4.6,0.0,4.4,0.000
'260',18,07,1994,28100.0,12.4,24.7,1.297,4.6,0.0,5.0,0.000
'260',19,07,1994,23460.0,14.9,26.8,1.389,4.1,0.0,4.3,0.000
'260',20,07,1994,24660.0,14.7,27.4,1.287,3.1,0.0,4.6,0.000
'260',21,07,1994,25340.0,14.3,29.4,1.435,2.1,0.0,4.8,0.000
'260',22,07,1994,21500.0,17.3,29.5,1.833,2.6,0.0,4.1,0.000
'260',23,07,1994,22800.0,18.1,30.7,1.969,4.1,0.0,4.4,0.000
'260',24,07,1994,23590.0,17.7,34.1,1.550,2.6,0.0,4.8,0.000
'260',25,07,1994,18360.0,18.7,29.0,1.972,3.1,0.8,3.5,0.054
'260',26,07,1994,21210.0,16.9,29.6,1.881,2.6,0.0,4.1,0.000
'260',27,07,1994,20700.0,19.0,30.9,1.916,2.1,0.0,4.0,0.000
'260',28,07,1994,14920.0,18.0,27.1,2.105,4.1,0.4,2.8,0.029
'260',29,07,1994,18560.0,16.3,25.6,1.730,2.6,0.0,3.4,0.000
'260',30,07,1994,20760.0,15.6,31.0,1.763,2.6,0.0,4.0,0.000
'260',31,07,1994,21110.0,15.8,31.6,1.920,3.1,32.5,4.1,0.075
'260',01,08,1994,7320.0,14.5,22.7,1.957,1.5,29.4,1.3,0.133
'260',02,08,1994,21240.0,12.6,25.6,1.550,2.1,0.0,3.9,0.000
'260',03,08,1994,24030.0,15.2,29.9,1.580,2.1,0.0,4.6,0.000
'260',04,08,1994,21940.0,17.8,33.9,1.945,2.6,0.0,4.4,0.000
'260',05,08,1994,12620.0,17.3,25.7,2.110,2.1,0.0,2.4,0.000
'260',06,08,1994,21320.0,17.1,25.6,1.812,3.1,0.0,3.9,0.000
'260',07,08,1994,16810.0,15.0,23.9,1.549,4.1,0.0,3.0,0.000
'260',08,08,1994,19860.0,12.0,22.6,1.373,3.1,0.0,3.5,0.000
'260',09,08,1994,21000.0,11.0,23.1,1.306,3.6,0.0,3.7,0.000
'260',10,08,1994,13910.0,15.0,25.1,1.825,3.6,2.2,2.5,0.054
'260',11,08,1994,20080.0,16.2,24.2,1.721,3.6,4.3,3.7,0.104
'260',12,08,1994,4700.0,14.3,17.8,1.614,5.1,3.7,0.8,0.346
'260',13,08,1994,19860.0,11.2,18.8,1.088,4.1,0.0,3.3,0.000
'260',14,08,1994,14170.0,7.7,18.5,1.032,3.1,0.0,2.3,0.000
'260',15,08,1994,13380.0,5.6,19.2,1.056,2.1,0.0,2.1,0.000
'260',16,08,1994,21780.0,8.0,22.8,1.092,2.6,0.0,3.7,0.000
'260',17,08,1994,7350.0,10.9,19.1,1.315,4.6,19.6,1.2,0.221
'260',18,08,1994,15650.0,12.1,18.8,1.368,5.1,13.3,2.6,0.183
'260',19,08,1994,7410.0,13.7,19.2,1.625,4.1,0.0,1.3,0.000
'260',20,08,1994,10760.0,10.5,20.0,1.278,2.1,0.0,1.8,0.000
'260',21,08,1994,17840.0,10.3,22.4,1.331,1.5,0.0,3.0,0.000
'260',22,08,1994,13990.0,12.8,23.3,1.553,3.6,0.0,2.5,0.000
'260',23,08,1994,5590.0,15.8,22.7,1.849,2.6,0.0,1.0,0.000
'260',24,08,1994,12370.0,13.9,21.4,1.546,3.1,3.4,2.2,0.129
'260',25,08,1994,13020.0,12.3,21.5,1.446,2.6,0.1,2.2,0.021
'260',26,08,1994,8830.0,12.6,20.3,1.575,3.1,1.3,1.5,0.050
'260',27,08,1994,7490.0,12.5,21.3,1.713,4.1,2.4,1.3,0.117
'260',28,08,1994,17970.0,12.2,19.0,1.286,5.7,0.0,3.0,0.000
'260',29,08,1994,13250.0,11.9,19.5,1.320,4.1,4.5,2.2,0.129
'260',30,08,1994,13230.0,11.4,20.5,1.313,2.6,3.0,2.2,0.150
'260',31,08,1994,14270.0,10.5,21.8,1.262,3.1,1.5,2.5,0.121
'260',01,09,1994,5310.0,14.7,18.8,1.683,4.6,2.3,0.9,0.046
'260',02,09,1994,9690.0,13.5,18.9,1.429,4.1,2.1,1.6,0.192
'260',03,09,1994,5060.0,9.7,18.5,1.507,3.6,12.9,0.8,0.217
'260',04,09,1994,5690.0,9.9,19.4,1.534,4.1,3.9,1.0,0.208
'260',05,09,1994,12320.0,9.1,18.5,1.164,4.1,8.7,2.0,0.212
'260',06,09,1994,8510.0,9.1,17.9,1.121,2.1,0.7,1.3,0.054
'260',07,09,1994,4370.0,8.7,17.5,1.382,2.6,0.3,0.7,0.025
'260',08,09,1994,8130.0,10.2,19.3,1.406,3.6,6.5,1.3,0.079
'260',09,09,1994,6950.0,9.5,17.2,1.347,5.7,2.8,1.1,0.117
'260',10,09,1994,12350.0,9.3,17.1,1.171,6.2,11.5,1.9,0.192
'260',11,09,1994,7100.0,9.5,15.2,1.259,3.6,6.2,1.1,0.183
'260',12,09,1994,8540.0,12.6,21.1,1.580,5.7,12.1,1.4,0.200
'260',13,09,1994,12970.0,11.1,18.9,1.351,4.1,0.0,2.1,0.000
'260',14,09,1994,2040.0,10.5,14.4,1.299,3.1,21.3,0.3,0.404
'260',15,09,1994,2880.0,11.0,14.1,1.372,5.1,15.9,0.4,0.525
'260',16,09,1994,6890.0,9.6,14.5,1.233,4.6,13.2,1.1,0.546
'260',17,09,1994,4400.0,9.5,13.6,1.289,4.1,12.9,0.7,0.508
'260',18,09,1994,12970.0,10.7,17.1,1.345,3.1,2.7,2.1,0.054
'260',19,09,1994,7010.0,10.3,16.2,1.345,2.1,2.8,1.1,0.050
'260',20,09,1994,1710.0,9.9,12.1,1.217,4.6,14.9,0.3,0.621
'260',21,09,1994,13040.0,9.7,17.8,1.295,4.1,0.0,2.1,0.000
'260',22,09,1994,13460.0,8.5,18.1,1.147,3.1,0.0,2.1,0.000
'260',23,09,1994,13060.0,7.2,19.7,1.219,3.6,0.0,2.1,0.000
'260',24,09,1994,8330.0,9.9,20.2,1.427,2.1,0.8,1.4,0.117
'260',25,09,1994,11610.0,9.0,20.7,1.429,1.5,0.0,1.9,0.000
'260',26,09,1994,6730.0,11.2,18.6,1.533,1.0,0.0,1.1,0.000
'260',27,09,1994,7320.0,10.9,16.4,1.240,3.1,0.0,1.2,0.000
'260',28,09,1994,10300.0,8.8,17.9,1.202,2.6,0.0,1.6,0.000
'260',29,09,1994,3690.0,12.5,15.8,1.342,3.1,0.0,0.6,0.000
'260',30,09,1994,5090.0,10.9,16.6,1.307,2.1,0.0,0.8,0.000
'260',01,10,1994,4290.0,10.9,15.1,1.347,2.1,3.0,0.7,0.292
'260',02,10,1994,6250.0,10.9,17.2,1.427,3.1,2.3,1.0,0.117
'260',03,10,1994,2870.0,4.2,14.8,1.187,4.1,24.8,0.4,0.537
'260',04,10,1994,9170.0,3.8,9.7,0.864,3.1,9.4,1.2,0.413
'260',05,10,1994,8210.0,4.8,11.8,0.901,2.6,2.4,1.1,0.121
'260',06,10,1994,4300.0,5.3,12.6,1.007,2.6,0.0,0.6,0.000
'260',07,10,1994,8700.0,3.6,13.5,0.898,2.6,0.0,1.2,0.000
'260',08,10,1994,8310.0,1.8,13.9,0.824,1.5,0.4,1.1,0.037
'260',09,10,1994,9410.0,4.3,15.6,0.956,1.0,0.0,1.3,0.000
'260',10,10,1994,8610.0,3.1,15.6,0.966,2.6,0.0,1.2,0.000
'260',11,10,1994,9810.0,4.0,16.9,0.965,2.1,0.0,1.4,0.000
'260',12,10,1994,8490.0,2.0,14.2,1.001,2.1,0.0,1.2,0.000
'260',13,10,1994,9300.0,7.5,16.0,1.100,2.6,0.0,1.4,0.000
'260',14,10,1994,10180.0,3.7,18.7,0.959,1.5,0.0,1.5,0.000
'260',15,10,1994,8640.0,3.1,17.6,1.076,1.5,0.0,1.2,0.000
'260',16,10,1994,6810.0,8.0,12.8,1.002,4.1,0.0,1.0,0.000
'260',17,10,1994,9810.0,1.3,10.3,0.642,3.1,0.0,1.3,0.000
'260',18,10,1994,9990.0,-0.2,10.9,0.565,5.1,0.0,1.3,0.000
'260',19,10,1994,7560.0,2.8,12.0,0.701,5.1,0.0,1.0,0.000
'260',20,10,1994,7450.0,3.1,11.3,0.732,5.1,0.0,1.0,0.000
'260',21,10,1994,5470.0,5.8,13.1,0.999,3.1,0.0,0.8,0.000
'260',22,10,1994,1870.0,8.5,15.0,1.271,5.7,6.5,0.3,0.163
'260',23,10,1994,5110.0,9.4,16.8,1.259,5.1,4.7,0.8,0.079
'260',24,10,1994,4760.0,8.1,13.8,1.108,3.6,1.0,0.7,0.029
'260',25,10,1994,2610.0,7.7,12.5,1.134,5.1,6.6,0.4,0.238
'260',26,10,1994,1710.0,5.9,11.2,1.083,4.6,22.0,0.2,0.346
'260',27,10,1994,2730.0,5.7,10.5,0.950,5.1,1.7,0.4,0.088
'260',28,10,1994,4430.0,5.1,11.1,0.999,4.1,3.4,0.6,0.075
'260',29,10,1994,1550.0,4.8,11.8,1.014,5.7,6.4,0.2,0.233
'260',30,10,1994,850.0,10.3,15.4,1.414,6.7,24.7,0.1,0.754
'260',31,10,1994,1550.0,11.6,15.0,1.379,8.2,12.1,0.2,0.537
'260',01,11,1994,6460.0,4.4,13.3,0.875,5.1,0.0,1.0,0.000
'260',02,11,1994,6490.0,1.6,11.8,0.800,2.6,0.0,0.9,0.000
'260',03,11,1994,6100.0,6.8,15.7,0.996,5.7,0.0,0.9,0.000
'260',04,11,1994,5580.0,11.0,17.7,1.163,5.1,0.0,0.9,0.000
'260',05,11,1994,4140.0,10.5,17.5,1.316,3.1,0.0,0.7,0.000
'260',06,11,1994,4010.0,10.2,14.9,1.245,2.6,0.0,0.6,0.000
'260',07,11,1994,1540.0,10.2,12.4,1.286,2.1,0.9,0.2,0.117
'260',08,11,1994,2610.0,8.5,11.6,1.176,2.6,0.0,0.4,0.000
'260',09,11,1994,2620.0,6.9,11.5,1.088,4.1,0.4,0.4,0.058
'260',10,11,1994,1130.0,9.7,11.8,1.252,1.5,4.1,0.2,0.358
'260',11,11,1994,980.0,9.8,11.7,1.259,1.5,2.8,0.1,0.200
'260',12,11,1994,1610.0,7.3,11.6,1.174,2.6,0.7,0.2,0.142
'260',13,11,1994,1860.0,9.2,13.5,1.232,5.1,3.0,0.3,0.183
'260',14,11,1994,310.0,12.8,14.8,1.458,8.7,11.2,0.1,0.362
'260',15,11,1994,3530.0,10.7,14.2,1.133,6.7,0.9,0.6,0.008
'260',16,11,1994,2960.0,6.1,11.5,0.924,4.6,0.0,0.4,0.000
'260',17,11,1994,3360.0,6.4,11.5,0.934,5.1,3.0,0.5,0.192
'260',18,11,1994,1900.0,7.0,12.3,1.077,3.6,2.2,0.3,0.179
'260',19,11,1994,390.0,6.6,14.5,1.263,4.6,1.2,0.1,0.050
'260',20,11,1994,860.0,9.1,14.7,1.258,6.7,2.9,0.1,0.129
'260',21,11,1994,1880.0,6.5,11.6,1.092,1.5,0.0,0.3,0.000
'260',22,11,1994,2640.0,5.0,11.3,1.052,2.1,0.0,0.4,0.000
'260',23,11,1994,1200.0,6.7,12.6,1.184,3.1,0.0,0.2,0.000
'260',24,11,1994,1270.0,3.0,11.9,0.929,3.6,0.7,0.2,0.071
'260',25,11,1994,3180.0,2.1,11.3,0.898,2.1,0.0,0.4,0.000
'260',26,11,1994,560.0,9.4,12.3,1.269,2.6,1.4,0.1,0.083
'260',27,11,1994,670.0,9.4,10.7,1.207,1.0,0.1,0.1,0.017
'260',28,11,1994,1850.0,1.9,12.6,0.978,1.0,0.0,0.3,0.000
'260',29,11,1994,1640.0,2.5,8.0,0.816,2.6,0.0,0.2,0.000
'260',30,11,1994,720.0,4.1,6.0,0.813,4.6,0.0,0.1,0.000
'260',01,12,1994,2610.0,1.0,6.4,0.727,2.6,0.0,0.3,0.000
'260',02,12,1994,2540.0,-0.2,4.7,0.670,2.6,0.0,0.3,0.000
'260',03,12,1994,2980.0,2.2,12.4,0.916,5.1,2.5,0.4,0.108
'260',04,12,1994,1290.0,6.5,12.8,1.046,6.2,1.4,0.2,0.067
'260',05,12,1994,2120.0,7.7,10.9,0.946,6.2,1.2,0.3,0.050
'260',06,12,1994,2460.0,4.7,10.2,0.789,5.7,0.0,0.3,0.000
'260',07,12,1994,1020.0,3.9,9.7,0.837,6.7,2.5,0.1,0.133
'260',08,12,1994,190.0,5.8,10.4,0.980,7.7,14.0,0.0,0.483
'260',09,12,1994,3080.0,-1.0,9.5,0.717,2.6,3.4,0.4,0.092
'260',10,12,1994,610.0,-1.3,13.7,0.905,5.7,2.7,0.1,0.104
'260',11,12,1994,2010.0,11.4,14.0,1.254,8.2,0.0,0.3,0.000
'260',12,12,1994,1020.0,11.1,13.7,1.236,7.7,0.0,0.2,0.000
'260',13,12,1994,2000.0,5.8,13.5,1.024,4.6,9.7,0.3,0.258
'260',14,12,1994,2310.0,-0.9,7.8,0.693,2.1,0.5,0.3,0.025
'260',15,12,1994,950.0,-2.7,1.6,0.593,2.6,0.0,0.1,0.000
'260',16,12,1994,1870.0,-0.7,9.0,0.738,3.1,0.4,0.2,0.033
'260',17,12,1994,570.0,-0.7,6.1,0.733,4.6,0.2,0.1,0.025
'260',18,12,1994,1400.0,5.1,6.7,0.824,5.7,2.3,0.2,0.179
'260',19,12,1994,2680.0,2.7,7.0,0.772,4.6,0.6,0.3,0.042
'260',20,12,1994,2150.0,-0.4,6.4,0.693,3.1,0.1,0.3,0.012
'260',21,12,1994,2760.0,-1.9,6.2,0.659,1.5,1.5,0.3,0.037
'260',22,12,1994,2630.0,-3.7,4.7,0.642,2.1,0.0,0.3,0.000
'260',23,12,1994,640.0,-3.9,0.0,0.482,2.6,0.0,0.1,0.000
'260',24,12,1994,3840.0,-6.7,-0.1,0.410,1.5,0.0,0.3,0.000
'260',25,12,1994,460.0,-5.6,-0.5,0.474,4.6,2.7,0.0,0.079
'260',26,12,1994,360.0,-0.5,5.3,0.722,6.2,8.1,0.0,0.263
'260',27,12,1994,200.0,5.3,11.3,1.075,7.2,37.1,0.0,0.896
'260',28,12,1994,300.0,10.8,14.0,1.313,7.7,10.0,0.0,0.467
'260',29,12,1994,670.0,7.3,13.4,1.096,9.3,11.9,0.1,0.417
'260',30,12,1994,1490.0,5.7,8.1,0.840,9.3,8.5,0.2,0.317
'260',31,12,1994,1500.0,1.4,7.5,0.692,5.7,4.4,0.2,0.154
