* Source of data    : Royal Netherlands Meterological Institute (www.knmi.nl)
* File content      : Meteo from www.knmi.nl; input file for Swap 3.2 (www.swap.alterra.nl)
* File generated by : Alterra - Wageningen-UR (www.alterra.wur.nl)
* File generated at : 2017-02-27 11:38:43
Station,DD,MM,YYYY,Rad,Tmin,Tmax,Hum,Wind,Rain,ETref,Wet
'260',01,01,2008,1920.0,-0.6,4.5,0.673,3.2,0.0,0.2,0.000
'260',02,01,2008,3850.0,-2.4,1.8,0.488,4.8,0.0,0.4,0.000
'260',03,01,2008,2210.0,-1.8,1.8,0.455,6.0,0.1,0.2,0.012
'260',04,01,2008,1060.0,1.5,5.9,0.617,5.5,0.4,0.1,0.042
'260',05,01,2008,1630.0,4.6,8.5,0.858,5.5,8.7,0.2,0.296
'260',06,01,2008,3850.0,1.4,7.8,0.768,3.3,1.4,0.5,0.042
'260',07,01,2008,1930.0,3.6,9.0,0.745,6.8,5.4,0.3,0.188
'260',08,01,2008,1280.0,4.2,7.8,0.786,5.2,0.0,0.2,0.000
'260',09,01,2008,2430.0,4.6,8.7,0.822,5.9,1.2,0.3,0.071
'260',10,01,2008,2350.0,4.6,10.4,0.863,6.5,2.8,0.3,0.167
'260',11,01,2008,1130.0,8.4,11.0,1.042,5.4,12.6,0.2,0.492
'260',12,01,2008,2500.0,2.8,8.6,0.748,4.9,0.5,0.3,0.042
'260',13,01,2008,1970.0,2.5,9.2,0.760,5.0,0.3,0.3,0.046
'260',14,01,2008,2490.0,2.3,9.1,0.759,6.3,0.1,0.3,0.012
'260',15,01,2008,590.0,7.1,10.1,0.941,8.5,8.2,0.1,0.362
'260',16,01,2008,2910.0,1.6,9.9,0.787,5.6,0.0,0.4,0.000
'260',17,01,2008,1050.0,0.8,9.7,0.802,5.2,3.9,0.1,0.100
'260',18,01,2008,1030.0,7.4,12.3,1.068,6.9,10.0,0.1,0.337
'260',19,01,2008,430.0,9.7,12.4,1.244,5.3,14.7,0.1,0.654
'260',20,01,2008,530.0,10.4,12.5,1.249,7.4,1.7,0.1,0.242
'260',21,01,2008,940.0,8.7,11.0,1.058,7.8,11.3,0.1,0.483
'260',22,01,2008,4710.0,0.4,9.3,0.659,3.4,0.9,0.6,0.071
'260',23,01,2008,740.0,2.3,10.3,0.875,5.2,0.9,0.1,0.100
'260',24,01,2008,720.0,3.2,10.3,0.785,5.0,2.0,0.1,0.146
'260',25,01,2008,2830.0,2.4,9.2,0.762,5.9,0.0,0.4,0.000
'260',26,01,2008,4610.0,6.1,11.3,0.877,6.0,0.0,0.6,0.000
'260',27,01,2008,3110.0,7.6,9.7,0.951,4.5,0.1,0.4,0.008
'260',28,01,2008,1970.0,7.1,9.6,0.904,2.4,0.0,0.3,0.000
'260',29,01,2008,1250.0,5.7,7.1,0.802,3.8,0.0,0.2,0.000
'260',30,01,2008,2460.0,0.6,7.3,0.688,3.2,3.6,0.3,0.250
'260',31,01,2008,1750.0,1.4,7.3,0.694,7.9,5.5,0.2,0.137
'260',01,02,2008,3480.0,1.9,7.9,0.631,7.3,0.9,0.5,0.062
'260',02,02,2008,5560.0,0.4,6.2,0.596,4.6,7.8,0.7,0.154
'260',03,02,2008,5300.0,0.9,4.8,0.511,5.6,0.0,0.6,0.000
'260',04,02,2008,2250.0,3.3,8.3,0.719,5.0,0.2,0.3,0.042
'260',05,02,2008,1030.0,3.7,11.5,0.921,7.0,5.4,0.1,0.296
'260',06,02,2008,1810.0,1.5,10.8,0.832,5.0,1.3,0.2,0.062
'260',07,02,2008,3920.0,-0.8,8.1,0.669,3.1,0.0,0.5,0.000
'260',08,02,2008,7520.0,2.7,11.7,0.624,3.2,0.0,1.0,0.000
'260',09,02,2008,7870.0,0.9,12.4,0.604,2.5,0.0,1.0,0.000
'260',10,02,2008,7770.0,-0.3,13.4,0.619,2.5,0.0,1.0,0.000
'260',11,02,2008,7820.0,-1.3,14.1,0.647,2.5,0.0,1.0,0.000
'260',12,02,2008,8060.0,-2.3,14.1,0.631,1.7,0.0,1.0,0.000
'260',13,02,2008,1620.0,-0.8,3.4,0.655,2.3,0.0,0.2,0.000
'260',14,02,2008,1470.0,0.5,5.0,0.652,2.5,0.0,0.2,0.000
'260',15,02,2008,9540.0,-1.7,5.2,0.439,4.4,0.0,1.1,0.000
'260',16,02,2008,9830.0,-3.7,4.2,0.364,3.8,0.0,1.0,0.000
'260',17,02,2008,9860.0,-6.9,8.4,0.366,1.6,0.0,1.0,0.000
'260',18,02,2008,8370.0,-5.9,8.0,0.565,1.0,0.0,0.9,0.000
'260',19,02,2008,2980.0,-1.2,5.4,0.639,2.0,0.0,0.3,0.000
'260',20,02,2008,4970.0,-1.5,4.8,0.632,1.5,0.0,0.5,0.000
'260',21,02,2008,2130.0,2.4,9.9,0.866,5.6,0.9,0.3,0.033
'260',22,02,2008,1750.0,8.5,10.8,1.012,7.3,0.3,0.3,0.037
'260',23,02,2008,3350.0,4.4,10.9,0.912,4.4,0.0,0.5,0.000
'260',24,02,2008,4810.0,8.3,11.8,0.955,4.1,4.9,0.7,0.108
'260',25,02,2008,8980.0,4.1,10.9,0.788,3.5,1.8,1.2,0.062
'260',26,02,2008,2690.0,7.2,12.1,0.977,6.4,6.1,0.4,0.246
'260',27,02,2008,8910.0,3.3,10.4,0.742,4.6,0.0,1.2,0.000
'260',28,02,2008,6740.0,1.9,11.3,0.728,2.0,0.0,0.9,0.000
'260',29,02,2008,5630.0,1.9,10.1,0.782,5.2,9.6,0.8,0.317
'260',01,03,2008,6810.0,7.9,11.3,0.885,8.2,1.9,1.0,0.050
'260',02,03,2008,9120.0,6.0,12.5,0.784,6.6,0.2,1.3,0.021
'260',03,03,2008,9270.0,1.4,8.6,0.568,4.9,0.0,1.2,0.000
'260',04,03,2008,9830.0,-0.9,8.1,0.550,4.0,3.5,1.2,0.075
'260',05,03,2008,11160.0,-1.7,7.9,0.520,3.3,0.1,1.3,0.008
'260',06,03,2008,1810.0,4.5,8.8,0.840,4.3,1.0,0.2,0.137
'260',07,03,2008,3810.0,2.2,10.2,0.774,4.2,0.6,0.5,0.067
'260',08,03,2008,7820.0,2.0,10.3,0.756,5.2,0.0,1.0,0.000
'260',09,03,2008,2880.0,5.1,9.2,0.854,5.5,5.7,0.4,0.537
'260',10,03,2008,3280.0,3.8,8.1,0.733,7.9,2.6,0.4,0.146
'260',11,03,2008,5640.0,4.9,12.0,0.810,7.6,6.8,0.8,0.325
'260',12,03,2008,2650.0,5.8,9.4,0.737,8.5,1.9,0.4,0.096
'260',13,03,2008,8520.0,5.7,10.5,0.779,5.5,0.0,1.2,0.000
'260',14,03,2008,12590.0,1.7,10.9,0.690,3.3,0.0,1.7,0.000
'260',15,03,2008,8060.0,0.4,13.5,0.888,3.0,0.0,1.1,0.000
'260',16,03,2008,2430.0,5.6,10.1,0.954,4.0,14.1,0.3,0.596
'260',17,03,2008,6920.0,0.7,8.6,0.597,3.6,0.2,0.9,0.012
'260',18,03,2008,11220.0,-0.9,9.3,0.603,3.3,0.5,1.4,0.025
'260',19,03,2008,12330.0,0.7,8.3,0.634,4.0,1.0,1.5,0.033
'260',20,03,2008,6240.0,2.1,8.8,0.666,5.2,21.4,0.8,0.462
'260',21,03,2008,6170.0,0.6,7.1,0.673,4.0,8.8,0.7,0.325
'260',22,03,2008,5190.0,-1.0,6.4,0.603,3.8,0.2,0.6,0.037
'260',23,03,2008,11220.0,-4.4,5.9,0.502,2.5,3.2,1.2,0.200
'260',24,03,2008,12010.0,-0.6,5.9,0.598,3.2,7.0,1.3,0.217
'260',25,03,2008,10900.0,-2.4,5.4,0.562,3.9,3.9,1.2,0.192
'260',26,03,2008,4860.0,-0.6,5.7,0.636,1.9,1.0,0.6,0.129
'260',27,03,2008,7230.0,-1.6,8.8,0.665,2.5,0.0,0.9,0.000
'260',28,03,2008,8590.0,0.3,10.6,0.712,5.5,3.6,1.1,0.217
'260',29,03,2008,13030.0,6.6,13.2,0.816,6.4,0.5,1.9,0.025
'260',30,03,2008,4140.0,8.1,11.3,0.942,4.6,1.8,0.6,0.175
'260',31,03,2008,8980.0,4.7,14.1,0.889,2.5,0.4,1.3,0.050
'260',01,04,2008,6470.0,3.7,11.9,0.905,4.6,3.4,0.9,0.112
'260',02,04,2008,8030.0,4.8,11.6,0.842,4.3,0.3,1.1,0.037
'260',03,04,2008,7680.0,6.0,10.2,0.858,3.8,0.2,1.1,0.054
'260',04,04,2008,6290.0,5.8,11.7,0.977,2.5,0.0,0.9,0.000
'260',05,04,2008,5570.0,2.2,9.5,0.784,2.4,14.0,0.7,0.296
'260',06,04,2008,15480.0,-1.8,8.1,0.489,2.8,0.1,1.9,0.008
'260',07,04,2008,15550.0,-2.3,9.9,0.512,2.3,0.0,1.8,0.000
'260',08,04,2008,13520.0,-1.7,10.0,0.526,2.3,0.0,1.6,0.000
'260',09,04,2008,20380.0,-2.5,12.6,0.490,1.8,0.0,2.6,0.000
'260',10,04,2008,14610.0,-1.5,12.6,0.563,1.6,0.0,1.9,0.000
'260',11,04,2008,16510.0,1.6,13.4,0.630,2.8,0.0,2.3,0.000
'260',12,04,2008,12540.0,3.5,13.6,0.754,4.9,0.4,1.7,0.012
'260',13,04,2008,14320.0,3.5,13.4,0.815,3.0,0.0,2.0,0.000
'260',14,04,2008,12140.0,2.3,11.7,0.756,2.8,0.0,1.6,0.000
'260',15,04,2008,15160.0,-0.7,10.9,0.607,2.7,0.7,2.0,0.058
'260',16,04,2008,12390.0,-2.7,10.0,0.530,2.3,0.0,1.5,0.000
'260',17,04,2008,17620.0,-1.5,11.7,0.534,3.9,0.0,2.3,0.000
'260',18,04,2008,17940.0,4.2,12.3,0.783,6.7,0.0,2.5,0.000
'260',19,04,2008,14570.0,5.1,12.0,0.838,5.9,0.2,2.1,0.033
'260',20,04,2008,20700.0,7.6,17.1,0.974,4.9,0.0,3.2,0.000
'260',21,04,2008,22110.0,6.6,18.5,0.906,5.9,0.0,3.5,0.000
'260',22,04,2008,20980.0,6.5,18.1,0.881,4.6,0.0,3.3,0.000
'260',23,04,2008,15920.0,9.1,19.5,1.122,3.3,6.8,2.5,0.271
'260',24,04,2008,12570.0,7.1,17.8,1.050,3.5,1.4,1.9,0.079
'260',25,04,2008,16680.0,5.5,15.7,0.987,2.9,0.0,2.5,0.000
'260',26,04,2008,19780.0,8.5,20.7,1.072,2.9,0.0,3.2,0.000
'260',27,04,2008,17360.0,10.8,22.1,1.064,3.8,0.0,3.0,0.000
'260',28,04,2008,6460.0,9.9,15.7,1.138,2.6,1.9,1.0,0.088
'260',29,04,2008,14300.0,8.6,14.9,1.002,3.9,4.5,2.2,0.212
'260',30,04,2008,12060.0,7.7,15.9,0.972,5.8,0.0,1.9,0.000
'260',01,05,2008,16170.0,5.9,14.9,0.958,4.1,0.2,2.4,0.008
'260',02,05,2008,18590.0,3.7,16.5,0.892,2.5,0.0,2.8,0.000
'260',03,05,2008,22420.0,3.1,19.8,0.828,2.5,0.0,3.5,0.000
'260',04,05,2008,24840.0,8.8,21.7,0.868,3.7,0.0,4.2,0.000
'260',05,05,2008,26070.0,8.3,22.0,0.801,4.0,0.0,4.4,0.000
'260',06,05,2008,21460.0,9.7,23.8,1.125,3.5,0.0,3.7,0.000
'260',07,05,2008,24700.0,10.9,25.5,1.054,2.9,0.0,4.4,0.000
'260',08,05,2008,25920.0,11.1,25.1,1.013,3.4,0.0,4.6,0.000
'260',09,05,2008,26250.0,10.2,26.3,0.978,3.6,0.0,4.7,0.000
'260',10,05,2008,25640.0,11.9,27.4,1.032,3.2,0.0,4.7,0.000
'260',11,05,2008,26450.0,9.1,26.3,0.890,3.5,0.0,4.8,0.000
'260',12,05,2008,23950.0,10.8,26.9,0.940,3.3,0.0,4.3,0.000
'260',13,05,2008,20430.0,10.8,26.0,1.044,3.8,0.0,3.7,0.000
'260',14,05,2008,24330.0,12.2,26.6,1.156,2.5,0.0,4.4,0.000
'260',15,05,2008,14830.0,12.8,23.4,1.400,2.3,2.8,2.5,0.050
'260',16,05,2008,4720.0,11.4,15.2,1.362,1.8,7.1,0.7,0.329
'260',17,05,2008,4430.0,9.7,12.3,1.186,3.1,5.3,0.7,0.288
'260',18,05,2008,19840.0,4.2,15.5,0.823,3.3,0.0,2.9,0.000
'260',19,05,2008,14900.0,1.9,14.5,0.764,2.9,0.5,2.1,0.054
'260',20,05,2008,26770.0,1.5,16.8,0.691,3.6,0.0,4.0,0.000
'260',21,05,2008,23240.0,5.4,19.5,0.837,3.3,0.0,3.7,0.000
'260',22,05,2008,21280.0,7.3,21.3,0.898,2.1,0.0,3.5,0.000
'260',23,05,2008,21370.0,10.3,22.9,0.904,3.2,0.0,3.7,0.000
'260',24,05,2008,24050.0,12.1,23.3,1.052,5.1,0.0,4.3,0.000
'260',25,05,2008,8450.0,12.3,18.1,1.202,4.8,1.4,1.4,0.108
'260',26,05,2008,7950.0,12.5,15.6,1.376,5.9,1.4,1.3,0.121
'260',27,05,2008,14930.0,12.0,22.0,1.562,4.5,0.1,2.6,0.021
'260',28,05,2008,16630.0,12.2,25.8,1.456,4.3,0.3,3.0,0.017
'260',29,05,2008,9280.0,11.9,21.2,1.533,2.2,5.3,1.6,0.171
'260',30,05,2008,9700.0,12.1,20.3,1.599,2.3,0.6,1.6,0.062
'260',31,05,2008,18600.0,11.9,19.5,1.487,2.6,7.7,3.1,0.100
'260',01,06,2008,11500.0,12.6,22.4,1.643,1.6,0.1,2.0,0.029
'260',02,06,2008,22030.0,14.5,28.8,1.768,2.7,19.6,4.1,0.104
'260',03,06,2008,15510.0,13.5,23.7,1.777,2.8,2.5,2.8,0.121
'260',04,06,2008,13180.0,11.9,21.1,1.598,2.1,0.0,2.2,0.000
'260',05,06,2008,5440.0,13.5,17.8,1.609,2.5,0.0,0.9,0.000
'260',06,06,2008,24160.0,13.5,25.1,1.348,2.3,0.0,4.4,0.000
'260',07,06,2008,19020.0,12.6,23.0,1.621,2.3,0.0,3.3,0.000
'260',08,06,2008,25420.0,13.8,26.7,1.676,2.4,0.0,4.6,0.000
'260',09,06,2008,28480.0,11.5,26.5,1.288,2.3,0.0,5.2,0.000
'260',10,06,2008,26910.0,10.6,23.3,1.377,3.0,0.0,4.6,0.000
'260',11,06,2008,22160.0,9.8,18.6,1.147,3.5,0.0,3.6,0.000
'260',12,06,2008,7720.0,8.8,14.5,1.136,1.8,6.6,1.2,0.075
'260',13,06,2008,18050.0,7.9,16.0,1.030,3.2,0.0,2.8,0.000
'260',14,06,2008,11390.0,7.6,16.3,0.992,1.7,2.4,1.8,0.033
'260',15,06,2008,19530.0,5.4,17.7,0.986,2.4,0.7,3.0,0.050
'260',16,06,2008,23990.0,4.2,17.8,0.908,2.4,0.0,3.7,0.000
'260',17,06,2008,29400.0,4.0,21.1,0.828,1.3,0.0,4.7,0.000
'260',18,06,2008,22050.0,8.1,20.3,1.143,3.6,0.0,3.7,0.000
'260',19,06,2008,14890.0,12.9,20.3,1.307,4.7,1.4,2.5,0.088
'260',20,06,2008,18660.0,11.2,20.4,1.219,4.1,0.0,3.1,0.000
'260',21,06,2008,19480.0,12.8,22.6,1.328,2.7,0.0,3.5,0.000
'260',22,06,2008,18750.0,13.9,26.6,1.473,5.2,0.0,3.4,0.000
'260',23,06,2008,19500.0,7.7,18.7,1.103,3.8,0.0,3.2,0.000
'260',24,06,2008,27970.0,5.7,22.5,0.958,2.7,0.0,4.7,0.000
'260',25,06,2008,21410.0,13.0,24.5,1.215,4.2,0.0,3.8,0.000
'260',26,06,2008,26210.0,11.5,22.4,1.247,3.9,0.0,4.5,0.000
'260',27,06,2008,23770.0,12.4,20.9,1.223,5.5,3.2,4.1,0.133
'260',28,06,2008,14790.0,14.9,22.7,1.586,4.5,3.2,2.6,0.150
'260',29,06,2008,17890.0,13.4,22.2,1.418,4.0,0.0,3.1,0.000
'260',30,06,2008,21420.0,10.5,22.8,1.233,2.1,0.0,3.7,0.000
'260',01,07,2008,29130.0,8.7,27.7,1.108,2.3,0.0,5.3,0.000
'260',02,07,2008,17830.0,13.9,31.2,1.786,2.6,3.3,3.3,0.104
'260',03,07,2008,7640.0,15.6,20.0,1.745,2.4,0.8,1.3,0.125
'260',04,07,2008,26460.0,9.7,21.8,1.197,3.2,0.0,4.6,0.000
'260',05,07,2008,18850.0,8.6,24.4,1.195,3.0,0.4,3.3,0.042
'260',06,07,2008,17940.0,14.1,23.3,1.440,3.6,3.2,3.1,0.046
'260',07,07,2008,13690.0,13.8,19.4,1.384,5.6,9.6,2.3,0.146
'260',08,07,2008,12080.0,11.4,18.7,1.326,5.1,18.3,2.0,0.267
'260',09,07,2008,14590.0,10.6,19.2,1.254,3.8,11.7,2.4,0.371
'260',10,07,2008,5650.0,14.3,19.9,1.836,3.5,6.7,1.0,0.337
'260',11,07,2008,14650.0,13.6,20.9,1.559,3.6,3.7,2.5,0.046
'260',12,07,2008,18340.0,11.6,19.0,1.235,4.2,4.2,3.0,0.100
'260',13,07,2008,19860.0,10.3,19.6,1.161,2.8,0.2,3.3,0.012
'260',14,07,2008,23200.0,7.7,23.0,1.180,3.0,0.0,4.0,0.000
'260',15,07,2008,6820.0,14.3,20.5,1.650,4.2,0.1,1.2,0.021
'260',16,07,2008,20210.0,14.6,20.2,1.397,3.3,0.4,3.5,0.033
'260',17,07,2008,6690.0,13.6,17.5,1.495,2.6,7.0,1.1,0.283
'260',18,07,2008,9860.0,13.8,20.6,1.566,3.6,0.8,1.7,0.108
'260',19,07,2008,10530.0,13.0,19.9,1.509,4.5,13.1,1.8,0.225
'260',20,07,2008,14870.0,11.3,17.6,1.223,2.8,4.3,2.4,0.108
'260',21,07,2008,7170.0,11.6,15.9,1.306,4.4,8.9,1.1,0.417
'260',22,07,2008,20150.0,12.5,20.5,1.443,2.8,0.1,3.4,0.029
'260',23,07,2008,16690.0,13.5,23.2,1.589,1.4,0.0,2.9,0.000
'260',24,07,2008,27100.0,13.4,26.0,1.494,3.8,0.0,5.0,0.000
'260',25,07,2008,22030.0,15.4,28.1,1.726,3.3,0.0,4.2,0.000
'260',26,07,2008,14990.0,17.3,28.8,2.165,1.8,27.4,2.8,0.146
'260',27,07,2008,23520.0,17.0,28.2,2.087,1.7,0.0,4.5,0.000
'260',28,07,2008,15970.0,20.1,27.9,2.475,2.1,0.8,3.1,0.104
'260',29,07,2008,14740.0,14.9,24.9,1.846,2.3,1.8,2.7,0.012
'260',30,07,2008,17700.0,14.5,27.2,1.703,2.7,0.0,3.3,0.000
'260',31,07,2008,22670.0,17.1,29.8,1.926,2.4,0.0,4.4,0.000
'260',01,08,2008,18960.0,15.5,23.4,1.654,4.2,9.7,3.5,0.112
'260',02,08,2008,17900.0,13.1,24.4,1.579,3.8,1.1,3.2,0.083
'260',03,08,2008,8040.0,15.9,20.8,1.822,4.0,8.7,1.4,0.217
'260',04,08,2008,18390.0,15.3,21.3,1.569,4.3,3.3,3.2,0.033
'260',05,08,2008,17570.0,14.9,23.6,1.623,2.8,0.2,3.1,0.029
'260',06,08,2008,20360.0,17.5,27.0,1.940,2.4,0.2,3.8,0.042
'260',07,08,2008,7640.0,16.5,21.6,1.904,2.8,12.7,1.4,0.167
'260',08,08,2008,12650.0,12.1,20.6,1.577,3.3,10.4,2.2,0.050
'260',09,08,2008,18510.0,11.8,22.6,1.439,3.6,1.0,3.2,0.133
'260',10,08,2008,14260.0,15.3,22.7,1.598,5.3,2.4,2.5,0.075
'260',11,08,2008,10370.0,13.4,21.6,1.548,3.4,0.0,1.8,0.000
'260',12,08,2008,14000.0,12.9,22.8,1.408,4.9,2.2,2.4,0.129
'260',13,08,2008,14750.0,13.4,21.2,1.412,7.4,3.5,2.5,0.092
'260',14,08,2008,15930.0,9.5,20.6,1.316,4.0,0.1,2.6,0.029
'260',15,08,2008,18950.0,8.3,21.2,1.222,1.6,4.0,3.1,0.021
'260',16,08,2008,21260.0,6.8,22.8,1.146,2.1,0.0,3.6,0.000
'260',17,08,2008,9370.0,13.2,21.8,1.506,2.7,9.0,1.6,0.062
'260',18,08,2008,6130.0,13.5,19.1,1.683,2.9,13.2,1.0,0.400
'260',19,08,2008,12050.0,14.8,22.0,1.690,4.8,4.5,2.1,0.029
'260',20,08,2008,8140.0,14.2,19.3,1.617,4.6,5.7,1.4,0.171
'260',21,08,2008,11850.0,14.1,20.6,1.545,3.7,1.8,2.0,0.012
'260',22,08,2008,5560.0,9.0,19.9,1.475,1.9,6.4,0.9,0.233
'260',23,08,2008,17270.0,10.7,19.5,1.288,2.7,13.2,2.8,0.121
'260',24,08,2008,10500.0,8.9,20.1,1.317,3.1,0.3,1.7,0.054
'260',25,08,2008,15350.0,14.4,22.0,1.607,4.3,0.0,2.7,0.000
'260',26,08,2008,3700.0,16.5,19.3,1.744,3.9,0.0,0.6,0.000
'260',27,08,2008,3430.0,15.6,18.1,1.742,3.5,0.1,0.6,0.042
'260',28,08,2008,5040.0,16.4,19.7,1.733,2.6,0.0,0.9,0.000
'260',29,08,2008,14800.0,11.8,23.2,1.602,2.5,0.0,2.6,0.000
'260',30,08,2008,20620.0,11.8,24.9,1.520,3.0,0.0,3.7,0.000
'260',31,08,2008,18610.0,13.4,27.5,1.824,2.9,0.0,3.4,0.000
'260',01,09,2008,12140.0,13.1,20.4,1.385,4.5,0.0,2.1,0.000
'260',02,09,2008,5240.0,11.4,18.6,1.500,4.5,7.5,0.9,0.275
'260',03,09,2008,7700.0,11.1,17.3,1.358,4.7,0.2,1.2,0.008
'260',04,09,2008,13570.0,11.9,19.3,1.290,5.6,0.0,2.3,0.000
'260',05,09,2008,6880.0,12.7,19.3,1.519,3.9,4.2,1.2,0.175
'260',06,09,2008,10490.0,14.6,20.6,1.443,4.7,0.6,1.8,0.008
'260',07,09,2008,4770.0,13.7,16.9,1.531,4.8,6.6,0.8,0.175
'260',08,09,2008,6490.0,11.0,18.2,1.396,3.2,6.7,1.1,0.154
'260',09,09,2008,17560.0,10.0,23.3,1.323,3.0,2.9,3.0,0.062
'260',10,09,2008,12170.0,14.7,22.6,1.752,2.8,0.0,2.1,0.000
'260',11,09,2008,14380.0,14.7,26.4,1.844,3.0,5.1,2.6,0.008
'260',12,09,2008,3660.0,13.9,20.0,1.792,2.3,37.5,0.6,0.371
'260',13,09,2008,7240.0,8.7,16.4,1.182,2.8,0.9,1.1,0.075
'260',14,09,2008,16230.0,6.4,17.4,0.929,3.6,0.0,2.5,0.000
'260',15,09,2008,12000.0,8.3,16.7,1.025,3.3,0.0,1.8,0.000
'260',16,09,2008,7490.0,7.5,16.5,1.069,1.6,0.0,1.2,0.000
'260',17,09,2008,8740.0,6.8,16.0,1.048,1.5,0.0,1.3,0.000
'260',18,09,2008,15630.0,3.7,16.6,0.819,2.3,0.0,2.3,0.000
'260',19,09,2008,13600.0,3.9,17.2,0.822,2.0,0.0,2.0,0.000
'260',20,09,2008,15790.0,3.2,18.1,0.858,2.0,0.0,2.3,0.000
'260',21,09,2008,10520.0,5.7,17.6,1.087,2.0,0.0,1.6,0.000
'260',22,09,2008,9140.0,10.0,16.7,1.109,2.4,0.0,1.5,0.000
'260',23,09,2008,3880.0,12.1,15.5,1.366,2.8,1.8,0.6,0.150
'260',24,09,2008,5810.0,9.4,16.4,1.226,3.3,0.0,0.9,0.000
'260',25,09,2008,14080.0,7.7,17.6,1.074,2.9,0.0,2.2,0.000
'260',26,09,2008,14050.0,5.6,18.4,1.011,2.4,0.0,2.1,0.000
'260',27,09,2008,14170.0,3.2,19.6,0.886,0.8,0.0,2.1,0.000
'260',28,09,2008,12090.0,3.7,18.6,1.020,1.7,0.2,1.8,0.029
'260',29,09,2008,6230.0,9.0,14.2,1.121,2.8,4.2,1.0,0.183
'260',30,09,2008,3310.0,10.7,13.7,1.278,5.0,21.6,0.5,0.733
'260',01,10,2008,7360.0,9.2,15.2,1.114,5.4,18.3,1.1,0.325
'260',02,10,2008,8630.0,6.9,12.9,1.018,4.4,12.8,1.2,0.212
'260',03,10,2008,12300.0,4.0,12.3,0.885,3.3,2.9,1.7,0.083
'260',04,10,2008,7380.0,3.6,11.4,0.720,4.8,0.8,1.1,0.104
'260',05,10,2008,1390.0,9.3,12.4,1.222,5.5,18.6,0.2,0.821
'260',06,10,2008,4060.0,9.0,15.0,1.216,1.7,0.0,0.6,0.000
'260',07,10,2008,4900.0,10.8,16.6,1.419,3.3,0.1,0.8,0.012
'260',08,10,2008,5950.0,5.3,16.0,1.077,2.1,1.1,0.9,0.137
'260',09,10,2008,9370.0,3.5,17.0,0.935,0.9,0.0,1.3,0.000
'260',10,10,2008,9870.0,4.7,16.2,0.975,2.9,0.0,1.5,0.000
'260',11,10,2008,10060.0,9.7,18.4,1.335,2.8,0.0,1.6,0.000
'260',12,10,2008,6380.0,12.0,16.3,1.426,2.2,0.0,1.0,0.000
'260',13,10,2008,8790.0,10.2,21.2,1.485,2.9,0.0,1.5,0.000
'260',14,10,2008,7840.0,13.5,17.7,1.325,2.3,0.0,1.3,0.000
'260',15,10,2008,1930.0,11.6,15.7,1.369,4.2,5.4,0.3,0.163
'260',16,10,2008,5910.0,7.8,14.4,1.004,3.8,5.0,0.9,0.083
'260',17,10,2008,7040.0,3.7,13.7,0.896,2.3,1.4,1.0,0.071
'260',18,10,2008,6490.0,4.2,14.3,0.971,3.8,0.0,1.0,0.000
'260',19,10,2008,6180.0,9.2,15.0,1.144,4.1,0.0,0.9,0.000
'260',20,10,2008,8900.0,8.3,17.0,0.948,5.2,0.0,1.4,0.000
'260',21,10,2008,4460.0,5.0,15.4,0.974,3.5,8.2,0.7,0.358
'260',22,10,2008,6730.0,3.8,13.4,0.835,2.7,0.0,0.9,0.000
'260',23,10,2008,8630.0,4.3,14.0,0.890,4.5,0.0,1.2,0.000
'260',24,10,2008,1420.0,3.3,10.6,0.862,3.6,5.5,0.2,0.308
'260',25,10,2008,8330.0,2.1,13.2,0.849,3.2,0.0,1.2,0.000
'260',26,10,2008,960.0,10.4,13.0,1.248,5.5,9.9,0.1,0.392
'260',27,10,2008,7040.0,4.4,11.9,0.817,2.9,0.0,1.0,0.000
'260',28,10,2008,4390.0,-0.8,8.0,0.723,2.2,1.5,0.5,0.117
'260',29,10,2008,5180.0,-1.9,7.5,0.691,1.3,0.0,0.6,0.000
'260',30,10,2008,4710.0,-1.9,6.6,0.660,2.3,0.0,0.5,0.000
'260',31,10,2008,4980.0,1.5,7.5,0.728,2.8,0.0,0.6,0.000
'260',01,11,2008,1890.0,5.1,7.5,0.887,4.0,3.2,0.2,0.217
'260',02,11,2008,5230.0,3.4,11.3,0.881,2.4,0.0,0.7,0.000
'260',03,11,2008,1030.0,5.3,9.2,0.982,3.2,0.0,0.1,0.000
'260',04,11,2008,2630.0,4.6,8.5,0.974,1.8,0.0,0.4,0.000
'260',05,11,2008,730.0,7.5,10.0,1.048,3.2,0.5,0.1,0.108
'260',06,11,2008,4160.0,8.2,12.2,1.121,2.1,0.1,0.6,0.012
'260',07,11,2008,4670.0,5.1,12.5,0.986,3.0,0.5,0.7,0.071
'260',08,11,2008,6250.0,5.3,12.4,0.943,4.5,0.0,0.9,0.000
'260',09,11,2008,3870.0,8.8,11.5,0.960,6.1,5.0,0.6,0.088
'260',10,11,2008,1630.0,10.4,15.2,1.238,7.2,17.0,0.3,0.283
'260',11,11,2008,2940.0,7.1,11.1,0.972,5.6,18.4,0.4,0.304
'260',12,11,2008,3050.0,6.1,10.7,0.973,4.2,0.7,0.4,0.029
'260',13,11,2008,4640.0,4.7,11.6,0.910,3.0,0.1,0.7,0.008
'260',14,11,2008,940.0,8.3,11.0,1.088,4.7,0.8,0.1,0.271
'260',15,11,2008,1130.0,10.2,12.5,1.212,4.1,3.0,0.2,0.163
'260',16,11,2008,2180.0,2.3,11.6,0.814,2.7,0.0,0.3,0.000
'260',17,11,2008,4020.0,1.5,10.9,0.679,2.5,0.1,0.5,0.021
'260',18,11,2008,1120.0,5.2,10.0,0.902,3.6,1.3,0.2,0.129
'260',19,11,2008,1830.0,7.2,10.8,0.979,3.7,0.0,0.3,0.000
'260',20,11,2008,2140.0,6.8,11.8,0.933,4.9,5.6,0.3,0.242
'260',21,11,2008,3460.0,0.8,9.1,0.674,5.8,9.4,0.4,0.296
'260',22,11,2008,3430.0,0.4,5.0,0.606,3.7,7.9,0.4,0.175
'260',23,11,2008,1440.0,-0.2,2.3,0.612,4.2,3.5,0.2,0.321
'260',24,11,2008,2860.0,-1.7,3.0,0.581,3.0,3.9,0.3,0.200
'260',25,11,2008,3080.0,-1.9,7.3,0.621,2.1,0.2,0.4,0.008
'260',26,11,2008,1770.0,-2.3,7.9,0.679,3.2,0.7,0.2,0.108
'260',27,11,2008,570.0,5.0,6.8,0.876,5.3,0.0,0.1,0.000
'260',28,11,2008,1080.0,3.2,5.0,0.745,4.0,0.0,0.1,0.000
'260',29,11,2008,2230.0,-1.9,3.6,0.604,2.2,0.2,0.3,0.033
'260',30,11,2008,530.0,-2.2,2.6,0.603,2.3,8.4,0.1,0.421
'260',01,12,2008,1850.0,1.8,5.5,0.764,1.3,0.0,0.2,0.000
'260',02,12,2008,2380.0,0.9,6.2,0.713,3.7,5.1,0.3,0.167
'260',03,12,2008,3000.0,-0.7,5.5,0.641,2.6,1.2,0.3,0.029
'260',04,12,2008,1040.0,0.4,5.4,0.665,4.6,3.8,0.1,0.183
'260',05,12,2008,1510.0,2.3,6.6,0.764,2.9,0.0,0.2,0.000
'260',06,12,2008,3070.0,2.8,9.0,0.793,2.0,0.4,0.4,0.033
'260',07,12,2008,3870.0,0.1,8.9,0.692,2.3,0.0,0.5,0.000
'260',08,12,2008,2040.0,0.0,4.2,0.652,3.7,0.0,0.2,0.000
'260',09,12,2008,870.0,-0.3,4.4,0.676,2.5,2.6,0.1,0.196
'260',10,12,2008,3090.0,-1.8,5.4,0.633,2.8,2.8,0.4,0.112
'260',11,12,2008,590.0,1.7,3.7,0.675,4.2,0.2,0.1,0.008
'260',12,12,2008,2480.0,-0.8,3.6,0.612,4.5,0.0,0.3,0.000
'260',13,12,2008,3410.0,-2.4,0.6,0.475,6.3,0.0,0.4,0.000
'260',14,12,2008,1860.0,0.0,6.3,0.601,3.8,0.0,0.2,0.000
'260',15,12,2008,780.0,-1.5,4.1,0.612,3.2,0.0,0.1,0.000
'260',16,12,2008,1220.0,-1.5,1.6,0.604,1.9,0.0,0.1,0.000
'260',17,12,2008,1720.0,-0.8,6.8,0.725,2.1,0.0,0.2,0.000
'260',18,12,2008,830.0,-1.6,8.1,0.760,3.6,0.0,0.1,0.000
'260',19,12,2008,3070.0,4.6,8.2,0.784,4.0,5.5,0.4,0.238
'260',20,12,2008,830.0,6.2,10.7,0.923,4.7,0.9,0.1,0.075
'260',21,12,2008,920.0,6.5,10.0,0.961,4.5,1.1,0.1,0.092
'260',22,12,2008,2330.0,1.0,10.4,0.827,3.5,0.6,0.3,0.079
'260',23,12,2008,1890.0,1.9,8.3,0.829,1.3,0.0,0.2,0.000
'260',24,12,2008,830.0,3.7,8.2,0.824,2.5,0.1,0.1,0.042
'260',25,12,2008,1310.0,0.4,6.2,0.681,3.6,0.0,0.2,0.000
'260',26,12,2008,3860.0,-3.0,1.4,0.429,4.4,0.0,0.4,0.000
'260',27,12,2008,3760.0,-4.4,0.5,0.410,4.0,0.0,0.4,0.000
'260',28,12,2008,4150.0,-5.1,-0.1,0.417,3.4,0.0,0.4,0.000
'260',29,12,2008,3800.0,-5.8,-0.2,0.378,3.0,0.0,0.3,0.000
'260',30,12,2008,4500.0,-7.9,0.5,0.366,1.7,0.0,0.4,0.000
'260',31,12,2008,2590.0,-8.7,-2.8,0.370,1.4,0.0,0.2,0.000
