* Source of data    : Royal Netherlands Meterological Institute (www.knmi.nl)
* File content      : Meteo from www.knmi.nl; input file for Swap 3.2 (www.swap.alterra.nl)
* File generated by : Alterra - Wageningen-UR (www.alterra.wur.nl)
* File generated at : 2017-02-27 11:38:43
Station,DD,MM,YYYY,Rad,Tmin,Tmax,Hum,Wind,Rain,ETref,Wet
'260',01,01,2009,810.0,-2.8,0.5,0.522,1.6,0.0,0.1,0.000
'260',02,01,2009,1460.0,-7.2,1.9,0.463,2.2,0.5,0.1,0.025
'260',03,01,2009,900.0,-8.9,1.6,0.411,1.9,0.0,0.1,0.000
'260',04,01,2009,780.0,1.3,3.5,0.598,3.8,4.0,0.1,0.433
'260',05,01,2009,3110.0,-4.6,1.5,0.445,5.2,2.1,0.3,0.158
'260',06,01,2009,4830.0,-9.6,-1.3,0.262,2.1,0.0,0.4,0.000
'260',07,01,2009,2040.0,-6.7,3.5,0.474,2.0,0.2,0.2,0.046
'260',08,01,2009,1330.0,-7.3,-3.1,0.406,2.0,0.0,0.1,0.000
'260',09,01,2009,4390.0,-10.3,-1.6,0.383,0.9,0.0,0.3,0.000
'260',10,01,2009,4960.0,-10.5,-3.6,0.310,2.1,0.0,0.4,0.000
'260',11,01,2009,4590.0,-6.0,2.4,0.382,4.1,0.0,0.5,0.000
'260',12,01,2009,2080.0,1.4,5.8,0.604,6.2,2.4,0.3,0.150
'260',13,01,2009,690.0,3.9,5.2,0.811,4.2,4.0,0.1,0.346
'260',14,01,2009,2070.0,2.5,6.3,0.773,2.6,0.0,0.3,0.000
'260',15,01,2009,4410.0,1.0,5.0,0.639,3.3,0.0,0.5,0.000
'260',16,01,2009,1770.0,0.1,3.7,0.603,3.9,0.0,0.2,0.000
'260',17,01,2009,1130.0,2.8,7.5,0.787,5.1,0.7,0.1,0.062
'260',18,01,2009,930.0,2.1,7.7,0.747,6.1,5.4,0.1,0.125
'260',19,01,2009,890.0,2.1,8.8,0.785,6.5,4.1,0.1,0.242
'260',20,01,2009,3200.0,1.8,6.4,0.680,4.8,0.9,0.4,0.029
'260',21,01,2009,2390.0,1.2,5.6,0.677,3.5,0.0,0.3,0.000
'260',22,01,2009,900.0,1.6,6.2,0.695,6.4,6.8,0.1,0.417
'260',23,01,2009,780.0,3.7,7.7,0.809,5.9,22.6,0.1,0.671
'260',24,01,2009,2580.0,0.9,6.1,0.677,3.2,0.0,0.3,0.000
'260',25,01,2009,4600.0,-0.2,5.0,0.609,4.8,0.0,0.5,0.000
'260',26,01,2009,4750.0,-2.3,5.6,0.515,3.3,0.0,0.5,0.000
'260',27,01,2009,5230.0,-4.1,3.8,0.503,2.0,0.0,0.5,0.000
'260',28,01,2009,5670.0,-4.7,2.8,0.476,2.8,0.0,0.6,0.000
'260',29,01,2009,6540.0,-3.9,2.5,0.491,2.6,0.0,0.7,0.000
'260',30,01,2009,6230.0,-4.4,5.1,0.453,4.0,0.0,0.7,0.000
'260',31,01,2009,6510.0,-2.6,3.2,0.454,5.8,0.0,0.7,0.000
'260',01,02,2009,5150.0,-2.5,1.1,0.414,6.7,0.0,0.5,0.000
'260',02,02,2009,1700.0,-1.9,3.5,0.470,6.5,0.0,0.2,0.000
'260',03,02,2009,1200.0,0.3,4.0,0.600,2.6,2.4,0.1,0.275
'260',04,02,2009,1050.0,0.0,0.8,0.584,1.4,0.0,0.1,0.000
'260',05,02,2009,2270.0,-0.5,6.6,0.725,3.1,3.0,0.3,0.117
'260',06,02,2009,5030.0,1.0,9.2,0.791,2.1,0.0,0.6,0.000
'260',07,02,2009,3040.0,1.1,5.2,0.639,2.7,3.0,0.4,0.175
'260',08,02,2009,4170.0,-0.7,4.3,0.609,2.6,1.7,0.5,0.067
'260',09,02,2009,1380.0,-0.3,4.7,0.637,4.3,9.8,0.2,0.325
'260',10,02,2009,790.0,1.2,7.6,0.751,4.8,8.2,0.1,0.342
'260',11,02,2009,4610.0,-1.0,6.2,0.613,3.3,2.3,0.5,0.092
'260',12,02,2009,6900.0,-0.9,5.1,0.575,2.4,0.5,0.8,0.025
'260',13,02,2009,2160.0,0.4,3.0,0.605,2.3,2.3,0.2,0.179
'260',14,02,2009,7690.0,-4.2,4.0,0.469,1.8,0.0,0.8,0.000
'260',15,02,2009,2900.0,-4.5,4.8,0.578,3.2,3.3,0.3,0.300
'260',16,02,2009,4180.0,4.7,9.2,0.907,3.1,5.9,0.5,0.375
'260',17,02,2009,1740.0,-0.9,6.5,0.669,3.6,3.8,0.2,0.321
'260',18,02,2009,6320.0,-3.3,3.1,0.414,2.2,0.0,0.7,0.000
'260',19,02,2009,1990.0,-2.0,4.7,0.590,2.3,1.0,0.2,0.163
'260',20,02,2009,2210.0,4.0,6.5,0.824,2.9,0.6,0.3,0.083
'260',21,02,2009,3860.0,3.1,8.5,0.761,2.4,0.0,0.5,0.000
'260',22,02,2009,2810.0,5.4,8.8,0.850,3.3,0.5,0.4,0.071
'260',23,02,2009,3490.0,3.9,7.7,0.788,3.8,0.7,0.5,0.092
'260',24,02,2009,3420.0,1.8,5.9,0.626,2.3,0.0,0.4,0.000
'260',25,02,2009,2090.0,2.5,6.7,0.767,3.6,0.6,0.3,0.075
'260',26,02,2009,6140.0,5.5,8.3,0.841,4.7,1.6,0.8,0.158
'260',27,02,2009,1880.0,6.2,8.6,0.940,3.3,3.4,0.3,0.442
'260',28,02,2009,3420.0,2.0,9.4,0.743,2.3,0.5,0.5,0.092
'260',01,03,2009,6540.0,-0.7,10.7,0.796,3.1,0.5,0.9,0.054
'260',02,03,2009,5550.0,2.0,9.0,0.741,3.0,0.0,0.7,0.000
'260',03,03,2009,2730.0,1.8,8.8,0.704,4.5,0.0,0.4,0.000
'260',04,03,2009,2560.0,4.4,6.8,0.698,5.5,0.1,0.3,0.025
'260',05,03,2009,5510.0,0.3,7.4,0.677,3.0,0.3,0.7,0.112
'260',06,03,2009,6190.0,2.1,7.3,0.635,4.6,0.4,0.8,0.083
'260',07,03,2009,8620.0,-3.2,8.9,0.672,3.0,0.2,1.1,0.025
'260',08,03,2009,10240.0,2.8,10.3,0.693,6.0,6.8,1.4,0.267
'260',09,03,2009,3040.0,2.9,7.8,0.676,5.2,0.3,0.4,0.033
'260',10,03,2009,2190.0,4.5,7.7,0.831,3.8,4.9,0.3,0.254
'260',11,03,2009,9950.0,3.0,10.0,0.691,3.1,0.0,1.3,0.000
'260',12,03,2009,2120.0,6.3,10.0,0.925,4.3,2.9,0.3,0.250
'260',13,03,2009,9980.0,4.2,12.6,0.792,2.3,0.0,1.4,0.000
'260',14,03,2009,4840.0,7.2,12.0,1.015,3.5,1.6,0.7,0.121
'260',15,03,2009,7250.0,6.1,11.3,0.852,3.8,0.0,1.0,0.000
'260',16,03,2009,7540.0,6.4,10.5,0.933,2.0,0.0,1.0,0.000
'260',17,03,2009,13220.0,-0.1,11.9,0.727,2.8,0.0,1.8,0.000
'260',18,03,2009,11990.0,-1.6,11.7,0.523,1.4,0.0,1.5,0.000
'260',19,03,2009,13250.0,3.3,11.6,0.732,3.3,0.0,1.8,0.000
'260',20,03,2009,16280.0,-1.1,10.6,0.521,2.5,0.0,2.0,0.000
'260',21,03,2009,16090.0,-3.1,12.0,0.519,1.8,0.0,2.0,0.000
'260',22,03,2009,11500.0,4.9,11.0,0.810,4.3,0.0,1.6,0.000
'260',23,03,2009,4100.0,4.0,8.9,0.790,5.6,5.8,0.6,0.129
'260',24,03,2009,13480.0,2.7,8.5,0.619,4.3,0.8,1.7,0.046
'260',25,03,2009,7000.0,3.7,9.1,0.823,5.0,8.7,0.9,0.337
'260',26,03,2009,2970.0,4.9,9.6,0.891,4.8,4.8,0.4,0.346
'260',27,03,2009,10710.0,4.9,9.6,0.707,5.3,1.3,1.4,0.042
'260',28,03,2009,7900.0,4.5,10.5,0.777,2.8,8.8,1.0,0.367
'260',29,03,2009,10350.0,1.2,9.5,0.685,2.6,0.0,1.3,0.000
'260',30,03,2009,16100.0,-0.4,10.9,0.630,1.8,0.0,2.0,0.000
'260',31,03,2009,17470.0,-1.7,14.8,0.668,2.2,0.0,2.4,0.000
'260',01,04,2009,17080.0,4.1,15.2,0.898,4.3,0.0,2.5,0.000
'260',02,04,2009,18410.0,5.9,18.5,0.931,4.5,0.0,2.8,0.000
'260',03,04,2009,17230.0,4.2,22.3,1.011,2.0,0.0,2.7,0.000
'260',04,04,2009,4990.0,6.4,12.6,1.023,3.3,0.0,0.7,0.000
'260',05,04,2009,12020.0,6.3,15.4,0.875,2.0,0.0,1.7,0.000
'260',06,04,2009,16310.0,4.0,19.3,0.971,2.9,0.0,2.5,0.000
'260',07,04,2009,5620.0,7.4,13.3,1.026,2.8,0.0,0.8,0.000
'260',08,04,2009,6590.0,3.3,12.4,0.825,4.6,2.2,0.9,0.158
'260',09,04,2009,7360.0,2.9,17.3,1.113,2.7,0.1,1.1,0.021
'260',10,04,2009,17070.0,11.4,23.7,1.182,4.4,0.2,3.0,0.008
'260',11,04,2009,12660.0,11.6,21.4,1.187,2.1,0.2,2.2,0.021
'260',12,04,2009,10960.0,8.6,18.6,1.281,2.3,5.8,1.8,0.054
'260',13,04,2009,18060.0,6.9,18.1,1.158,2.4,0.0,2.8,0.000
'260',14,04,2009,17510.0,6.5,19.3,1.016,2.6,0.0,2.8,0.000
'260',15,04,2009,19540.0,9.1,23.6,1.088,3.8,0.0,3.4,0.000
'260',16,04,2009,11830.0,9.8,19.0,1.240,2.5,0.3,1.9,0.042
'260',17,04,2009,14730.0,8.6,17.8,1.073,3.7,2.3,2.3,0.121
'260',18,04,2009,22640.0,5.1,18.6,0.724,5.0,0.0,3.5,0.000
'260',19,04,2009,16620.0,5.9,17.9,1.004,2.5,0.0,2.5,0.000
'260',20,04,2009,21320.0,3.9,20.3,0.924,3.0,0.0,3.4,0.000
'260',21,04,2009,23010.0,5.6,18.6,0.809,2.8,0.0,3.6,0.000
'260',22,04,2009,23040.0,5.3,15.0,0.833,3.3,0.0,3.4,0.000
'260',23,04,2009,17550.0,4.5,16.1,0.839,2.0,0.0,2.6,0.000
'260',24,04,2009,23040.0,3.9,18.8,0.800,4.0,0.0,3.6,0.000
'260',25,04,2009,18080.0,7.7,20.2,0.832,3.6,0.0,2.9,0.000
'260',26,04,2009,10990.0,10.1,17.7,1.276,1.7,2.8,1.7,0.183
'260',27,04,2009,14750.0,8.3,16.4,1.020,4.0,4.4,2.3,0.183
'260',28,04,2009,6380.0,3.2,12.6,0.928,2.3,1.6,0.9,0.183
'260',29,04,2009,15920.0,2.4,16.7,0.825,1.8,0.0,2.3,0.000
'260',30,04,2009,20970.0,2.8,19.4,0.809,2.1,0.0,3.3,0.000
'260',01,05,2009,21200.0,7.3,22.3,1.119,2.0,0.0,3.4,0.000
'260',02,05,2009,15850.0,5.7,18.7,1.111,2.3,0.0,2.5,0.000
'260',03,05,2009,11960.0,4.6,14.4,0.912,2.9,0.4,1.7,0.067
'260',04,05,2009,19130.0,2.4,14.7,0.733,3.0,0.6,2.8,0.062
'260',05,05,2009,6110.0,9.0,13.2,1.133,4.2,8.1,0.9,0.467
'260',06,05,2009,7230.0,10.6,16.1,1.210,4.8,3.7,1.1,0.233
'260',07,05,2009,12590.0,8.5,17.5,1.138,3.9,0.0,2.0,0.000
'260',08,05,2009,15780.0,7.9,17.7,1.089,4.9,1.5,2.4,0.021
'260',09,05,2009,19490.0,5.3,16.8,0.731,2.3,0.0,3.0,0.000
'260',10,05,2009,25000.0,5.2,20.4,0.937,2.7,0.0,4.0,0.000
'260',11,05,2009,23160.0,6.2,17.4,0.920,6.3,0.0,3.6,0.000
'260',12,05,2009,22260.0,5.0,17.8,0.669,6.7,0.0,3.5,0.000
'260',13,05,2009,20780.0,10.7,21.4,0.973,6.1,0.0,3.5,0.000
'260',14,05,2009,14180.0,12.8,21.2,1.344,4.1,2.3,2.4,0.071
'260',15,05,2009,5950.0,8.9,17.4,1.338,2.9,8.9,1.0,0.337
'260',16,05,2009,15520.0,7.3,17.1,1.085,4.0,0.2,2.4,0.012
'260',17,05,2009,10030.0,10.0,16.3,1.179,3.7,12.8,1.6,0.383
'260',18,05,2009,20540.0,9.4,18.3,1.064,4.3,0.0,3.3,0.000
'260',19,05,2009,17440.0,7.3,20.1,1.071,2.8,0.0,2.8,0.000
'260',20,05,2009,22740.0,6.6,20.2,1.022,2.4,0.0,3.7,0.000
'260',21,05,2009,18760.0,7.1,19.4,1.025,2.2,0.0,3.0,0.000
'260',22,05,2009,23820.0,6.0,17.7,0.949,3.0,0.6,3.8,0.012
'260',23,05,2009,21920.0,10.9,21.3,1.177,2.0,0.0,3.7,0.000
'260',24,05,2009,27640.0,9.2,22.4,1.131,2.5,0.0,4.7,0.000
'260',25,05,2009,22080.0,9.1,25.3,1.226,2.7,0.1,3.9,0.017
'260',26,05,2009,7250.0,9.6,19.2,1.404,4.7,25.6,1.2,0.183
'260',27,05,2009,13700.0,8.0,15.2,1.040,5.3,0.2,2.1,0.037
'260',28,05,2009,20250.0,10.2,18.6,1.239,3.6,0.0,3.4,0.000
'260',29,05,2009,29710.0,6.9,20.7,0.895,3.3,0.0,4.9,0.000
'260',30,05,2009,27900.0,8.3,22.1,0.974,4.3,0.0,4.8,0.000
'260',31,05,2009,24490.0,12.4,23.9,1.228,4.1,0.0,4.3,0.000
'260',01,06,2009,26050.0,12.6,25.2,1.392,3.8,0.0,4.7,0.000
'260',02,06,2009,28590.0,11.7,21.3,1.210,4.2,0.0,4.8,0.000
'260',03,06,2009,17140.0,10.2,15.8,0.956,4.1,0.0,2.7,0.000
'260',04,06,2009,14380.0,7.2,13.8,0.849,3.2,0.2,2.1,0.012
'260',05,06,2009,13060.0,5.0,13.2,0.819,2.1,0.1,1.9,0.012
'260',06,06,2009,16870.0,5.3,17.0,0.803,4.0,0.0,2.6,0.000
'260',07,06,2009,10710.0,7.0,16.3,1.080,2.6,10.9,1.6,0.158
'260',08,06,2009,21230.0,8.0,18.9,1.006,2.8,0.1,3.4,0.037
'260',09,06,2009,16720.0,12.1,19.6,1.375,4.3,9.9,2.7,0.137
'260',10,06,2009,14040.0,11.8,17.8,1.337,2.8,6.6,2.3,0.229
'260',11,06,2009,15440.0,9.7,16.4,1.143,3.3,10.3,2.4,0.350
'260',12,06,2009,27830.0,6.4,17.8,0.965,3.0,0.0,4.4,0.000
'260',13,06,2009,25950.0,4.5,21.6,1.010,1.7,0.0,4.3,0.000
'260',14,06,2009,11020.0,13.3,20.7,1.421,2.5,4.1,1.9,0.208
'260',15,06,2009,13810.0,10.9,19.1,1.130,1.5,1.2,2.3,0.029
'260',16,06,2009,19180.0,8.8,18.9,1.205,2.1,5.9,3.1,0.117
'260',17,06,2009,24270.0,7.3,22.6,1.168,2.9,0.3,4.2,0.025
'260',18,06,2009,22010.0,14.7,20.8,1.380,3.4,0.1,3.8,0.017
'260',19,06,2009,21510.0,12.5,17.6,1.184,4.1,0.2,3.6,0.025
'260',20,06,2009,17430.0,10.9,18.1,1.183,3.3,0.2,2.8,0.008
'260',21,06,2009,21200.0,8.0,18.4,1.039,2.7,0.2,3.4,0.012
'260',22,06,2009,19450.0,7.9,18.8,1.076,2.6,0.0,3.2,0.000
'260',23,06,2009,27590.0,7.5,21.7,1.152,4.1,0.0,4.7,0.000
'260',24,06,2009,27270.0,10.9,24.2,1.385,4.6,0.0,4.8,0.000
'260',25,06,2009,24850.0,13.3,26.5,1.517,3.9,0.0,4.6,0.000
'260',26,06,2009,18310.0,13.7,24.7,1.624,2.7,1.8,3.3,0.029
'260',27,06,2009,13630.0,16.1,25.4,1.935,1.6,0.0,2.5,0.000
'260',28,06,2009,12690.0,17.0,23.8,2.035,1.5,1.2,2.3,0.058
'260',29,06,2009,24240.0,15.9,26.7,1.858,2.1,0.0,4.5,0.000
'260',30,06,2009,27650.0,16.3,25.7,1.875,2.9,0.0,5.1,0.000
'260',01,07,2009,25600.0,15.8,26.4,1.852,3.0,0.0,4.8,0.000
'260',02,07,2009,22460.0,16.6,29.7,1.883,3.0,0.0,4.3,0.000
'260',03,07,2009,23820.0,17.7,28.9,2.056,3.5,0.0,4.5,0.000
'260',04,07,2009,25730.0,13.8,24.9,1.505,2.5,0.0,4.7,0.000
'260',05,07,2009,20870.0,12.3,27.7,1.555,2.2,0.0,3.8,0.000
'260',06,07,2009,20700.0,14.9,23.1,1.523,3.6,1.7,3.7,0.017
'260',07,07,2009,12570.0,13.3,18.5,1.503,4.4,19.2,2.1,0.150
'260',08,07,2009,15430.0,13.3,19.1,1.474,4.1,5.1,2.6,0.104
'260',09,07,2009,14100.0,12.6,18.1,1.177,3.6,0.0,2.3,0.000
'260',10,07,2009,11210.0,12.2,17.2,1.233,4.3,4.1,1.8,0.212
'260',11,07,2009,20820.0,11.1,20.2,1.221,2.6,0.0,3.6,0.000
'260',12,07,2009,9690.0,14.6,21.5,1.554,3.4,6.5,1.7,0.279
'260',13,07,2009,19810.0,13.0,23.1,1.373,3.0,0.0,3.5,0.000
'260',14,07,2009,20390.0,12.0,25.3,1.454,1.7,0.0,3.7,0.000
'260',15,07,2009,23530.0,14.6,23.9,1.533,4.3,0.3,4.3,0.004
'260',16,07,2009,24910.0,13.3,25.1,1.406,2.9,0.0,4.6,0.000
'260',17,07,2009,19680.0,15.8,22.6,1.538,4.3,7.7,3.5,0.108
'260',18,07,2009,10710.0,14.3,19.6,1.442,4.8,4.1,1.8,0.100
'260',19,07,2009,16250.0,13.5,19.5,1.378,3.9,8.3,2.8,0.075
'260',20,07,2009,19910.0,13.1,20.9,1.287,4.4,1.5,3.5,0.037
'260',21,07,2009,18190.0,11.2,26.6,1.655,2.7,9.5,3.3,0.062
'260',22,07,2009,16130.0,15.5,24.4,1.789,2.7,12.0,2.9,0.200
'260',23,07,2009,9980.0,15.0,21.0,1.652,2.2,4.3,1.7,0.104
'260',24,07,2009,14790.0,13.9,20.4,1.482,3.8,5.7,2.5,0.075
'260',25,07,2009,21390.0,11.4,20.6,1.352,3.5,0.0,3.6,0.000
'260',26,07,2009,21560.0,10.3,23.4,1.278,2.7,0.0,3.8,0.000
'260',27,07,2009,15780.0,13.9,24.9,1.668,3.0,0.5,2.8,0.033
'260',28,07,2009,16950.0,13.8,21.7,1.424,2.8,0.2,2.9,0.021
'260',29,07,2009,15700.0,13.9,25.1,1.535,2.5,11.7,2.8,0.025
'260',30,07,2009,18680.0,10.1,20.8,1.257,4.8,4.7,3.2,0.046
'260',31,07,2009,22390.0,9.1,21.4,1.146,1.8,0.0,3.7,0.000
'260',01,08,2009,21120.0,10.4,25.4,1.348,2.4,0.0,3.8,0.000
'260',02,08,2009,8700.0,9.6,19.2,1.276,2.5,9.9,1.5,0.246
'260',03,08,2009,20450.0,9.0,22.4,1.137,1.8,0.0,3.4,0.000
'260',04,08,2009,25330.0,9.1,25.4,1.302,2.3,0.0,4.5,0.000
'260',05,08,2009,23000.0,12.1,27.1,1.431,2.2,0.0,4.2,0.000
'260',06,08,2009,23920.0,15.0,28.9,1.615,2.3,0.0,4.5,0.000
'260',07,08,2009,18250.0,15.5,28.3,1.875,2.9,0.0,3.4,0.000
'260',08,08,2009,14930.0,13.8,22.8,1.537,2.7,0.0,2.7,0.000
'260',09,08,2009,13020.0,11.1,22.0,1.560,2.0,0.0,2.3,0.000
'260',10,08,2009,20030.0,10.6,24.5,1.340,1.8,1.1,3.5,0.100
'260',11,08,2009,13360.0,15.1,22.4,1.726,3.0,5.1,2.4,0.142
'260',12,08,2009,8010.0,14.4,19.7,1.714,2.8,4.9,1.4,0.175
'260',13,08,2009,16560.0,11.0,22.1,1.381,2.3,0.0,2.9,0.000
'260',14,08,2009,17550.0,8.8,22.3,1.261,1.8,0.0,3.0,0.000
'260',15,08,2009,22720.0,15.3,27.9,1.712,4.0,0.0,4.2,0.000
'260',16,08,2009,17640.0,13.0,23.7,1.650,3.3,0.0,3.2,0.000
'260',17,08,2009,14490.0,13.0,22.9,1.565,2.5,0.0,2.5,0.000
'260',18,08,2009,18690.0,12.9,25.0,1.521,2.0,0.0,3.3,0.000
'260',19,08,2009,20950.0,13.3,29.6,1.604,2.3,0.0,3.9,0.000
'260',20,08,2009,18070.0,16.3,33.8,2.001,4.2,1.4,3.5,0.037
'260',21,08,2009,15830.0,13.6,22.2,1.391,3.5,0.0,2.8,0.000
'260',22,08,2009,17960.0,10.1,22.1,1.271,2.1,0.0,3.0,0.000
'260',23,08,2009,21290.0,8.7,25.5,1.161,3.3,0.0,3.8,0.000
'260',24,08,2009,19770.0,15.1,27.3,1.413,3.3,0.0,3.7,0.000
'260',25,08,2009,6180.0,10.7,21.1,1.494,2.3,2.0,1.1,0.133
'260',26,08,2009,16880.0,10.3,24.0,1.315,3.1,0.0,2.9,0.000
'260',27,08,2009,10300.0,15.1,23.4,1.825,2.8,0.0,1.8,0.000
'260',28,08,2009,15460.0,10.5,20.5,1.115,5.5,21.5,2.6,0.175
'260',29,08,2009,17880.0,11.3,18.8,1.189,4.0,1.0,3.0,0.046
'260',30,08,2009,8810.0,12.6,18.7,1.344,3.0,0.0,1.5,0.000
'260',31,08,2009,16420.0,12.0,25.6,1.323,3.1,0.0,2.9,0.000
'260',01,09,2009,6880.0,14.9,21.1,1.551,4.3,1.3,1.2,0.125
'260',02,09,2009,14170.0,13.5,21.2,1.381,4.2,0.9,2.4,0.062
'260',03,09,2009,8680.0,13.1,18.3,1.371,7.0,6.7,1.4,0.221
'260',04,09,2009,11620.0,12.1,18.1,1.263,5.8,17.5,1.9,0.304
'260',05,09,2009,14280.0,13.1,18.3,1.312,4.3,1.3,2.4,0.021
'260',06,09,2009,8310.0,10.5,18.1,1.185,2.8,0.0,1.4,0.000
'260',07,09,2009,16600.0,10.6,24.2,1.381,2.8,0.0,2.8,0.000
'260',08,09,2009,17840.0,11.1,27.6,1.441,2.2,0.0,3.2,0.000
'260',09,09,2009,7120.0,14.1,19.0,1.596,3.3,0.0,1.2,0.000
'260',10,09,2009,14760.0,10.2,20.0,1.240,4.0,0.0,2.5,0.000
'260',11,09,2009,10790.0,7.1,18.2,1.184,3.3,0.0,1.8,0.000
'260',12,09,2009,13840.0,8.4,19.6,1.219,2.7,0.0,2.3,0.000
'260',13,09,2009,8250.0,8.8,17.1,1.247,3.4,0.3,1.4,0.008
'260',14,09,2009,12080.0,12.1,19.1,1.302,4.6,0.0,2.0,0.000
'260',15,09,2009,3760.0,13.5,16.6,1.546,4.0,3.2,0.6,0.188
'260',16,09,2009,10490.0,12.0,20.1,1.410,4.8,0.0,1.8,0.000
'260',17,09,2009,14630.0,8.6,18.0,1.140,3.4,0.0,2.3,0.000
'260',18,09,2009,16270.0,6.2,21.2,1.157,2.5,0.0,2.6,0.000
'260',19,09,2009,12860.0,10.2,24.9,1.545,1.4,0.0,2.2,0.000
'260',20,09,2009,9490.0,8.8,20.9,1.438,2.3,0.0,1.6,0.000
'260',21,09,2009,13020.0,8.5,19.8,1.161,1.5,0.0,2.1,0.000
'260',22,09,2009,12840.0,9.0,20.8,1.288,3.7,0.0,2.1,0.000
'260',23,09,2009,10060.0,14.0,19.7,1.425,2.5,0.0,1.7,0.000
'260',24,09,2009,12720.0,6.6,19.5,1.078,1.8,0.0,2.0,0.000
'260',25,09,2009,5980.0,4.9,17.6,1.113,1.4,0.0,0.9,0.000
'260',26,09,2009,13190.0,4.2,19.7,1.028,0.8,0.0,2.0,0.000
'260',27,09,2009,11650.0,5.6,19.6,1.169,1.0,0.0,1.8,0.000
'260',28,09,2009,6840.0,7.2,18.9,1.300,2.6,0.0,1.1,0.000
'260',29,09,2009,3470.0,14.1,17.2,1.585,2.8,0.8,0.6,0.050
'260',30,09,2009,3250.0,13.4,16.4,1.600,2.4,1.5,0.5,0.188
'260',01,10,2009,5300.0,8.1,15.5,1.038,2.7,5.3,0.8,0.092
'260',02,10,2009,3900.0,9.2,14.2,1.092,2.6,0.0,0.6,0.000
'260',03,10,2009,3260.0,11.2,16.0,1.257,6.3,4.8,0.5,0.033
'260',04,10,2009,9840.0,5.1,15.3,0.900,3.5,0.0,1.5,0.000
'260',05,10,2009,2420.0,6.8,13.2,1.162,2.5,3.0,0.4,0.208
'260',06,10,2009,4090.0,12.0,18.7,1.622,3.6,5.4,0.7,0.100
'260',07,10,2009,3730.0,11.6,19.7,1.592,4.3,15.6,0.6,0.383
'260',08,10,2009,9270.0,4.5,15.9,0.955,2.0,11.3,1.4,0.188
'260',09,10,2009,11870.0,2.5,14.4,0.830,3.6,9.9,1.7,0.100
'260',10,10,2009,4760.0,10.0,16.7,1.387,2.8,2.0,0.7,0.104
'260',11,10,2009,3420.0,9.8,14.9,1.245,2.8,16.1,0.5,0.117
'260',12,10,2009,9560.0,6.0,14.5,0.931,3.4,1.0,1.4,0.042
'260',13,10,2009,10750.0,1.7,14.0,0.731,2.6,0.0,1.5,0.000
'260',14,10,2009,10000.0,-1.0,10.1,0.621,1.8,0.0,1.2,0.000
'260',15,10,2009,10850.0,-1.5,12.5,0.703,2.7,0.0,1.4,0.000
'260',16,10,2009,6930.0,8.2,13.4,0.956,4.9,3.1,1.0,0.212
'260',17,10,2009,9160.0,2.2,13.4,0.777,2.8,0.0,1.3,0.000
'260',18,10,2009,7040.0,0.5,13.2,0.746,1.6,0.0,1.0,0.000
'260',19,10,2009,3970.0,6.1,10.7,0.854,3.3,0.0,0.6,0.000
'260',20,10,2009,8820.0,4.1,11.3,0.751,5.5,0.0,1.2,0.000
'260',21,10,2009,6580.0,7.1,14.7,0.843,5.0,0.0,1.0,0.000
'260',22,10,2009,2260.0,6.7,11.4,0.958,2.3,1.7,0.3,0.121
'260',23,10,2009,6930.0,4.9,15.0,1.111,1.8,0.0,1.0,0.000
'260',24,10,2009,1680.0,7.2,14.7,1.234,4.2,7.2,0.3,0.350
'260',25,10,2009,6200.0,10.6,16.3,1.274,4.7,0.0,1.0,0.000
'260',26,10,2009,2180.0,11.1,14.3,1.286,4.3,3.4,0.3,0.233
'260',27,10,2009,5460.0,10.2,15.8,1.148,2.0,0.0,0.8,0.000
'260',28,10,2009,7330.0,8.6,15.8,1.194,2.0,0.0,1.1,0.000
'260',29,10,2009,3830.0,10.8,16.0,1.378,1.0,0.0,0.6,0.000
'260',30,10,2009,4430.0,8.1,14.3,1.154,3.0,0.0,0.7,0.000
'260',31,10,2009,4670.0,8.1,12.9,1.062,3.0,0.0,0.7,0.000
'260',01,11,2009,1830.0,11.7,15.5,1.429,4.4,14.3,0.3,0.250
'260',02,11,2009,4030.0,5.0,12.5,0.988,3.1,0.2,0.6,0.025
'260',03,11,2009,2850.0,3.2,10.9,0.896,4.5,6.0,0.4,0.217
'260',04,11,2009,2620.0,6.2,10.3,0.980,3.7,2.8,0.4,0.121
'260',05,11,2009,2020.0,6.6,10.2,1.011,3.9,11.4,0.3,0.242
'260',06,11,2009,2370.0,6.7,10.1,0.995,4.4,0.7,0.3,0.025
'260',07,11,2009,1840.0,2.2,10.0,0.858,3.5,4.4,0.2,0.188
'260',08,11,2009,6330.0,0.9,9.5,0.798,2.4,0.0,0.8,0.000
'260',09,11,2009,1890.0,4.3,8.6,0.886,2.8,0.0,0.3,0.000
'260',10,11,2009,1690.0,4.9,9.1,0.940,1.9,3.5,0.2,0.183
'260',11,11,2009,1440.0,5.0,8.7,0.879,3.6,0.0,0.2,0.000
'260',12,11,2009,3140.0,2.9,13.5,0.961,3.8,1.8,0.4,0.104
'260',13,11,2009,1530.0,10.1,16.4,1.234,5.6,1.8,0.2,0.108
'260',14,11,2009,2870.0,11.6,14.4,1.159,6.8,2.1,0.5,0.067
'260',15,11,2009,1470.0,6.7,12.3,0.991,4.0,6.3,0.2,0.108
'260',16,11,2009,1550.0,5.8,15.0,1.083,4.7,0.7,0.2,0.042
'260',17,11,2009,2750.0,8.9,12.7,1.060,4.9,0.0,0.4,0.000
'260',18,11,2009,880.0,8.9,13.4,1.092,8.0,1.5,0.1,0.083
'260',19,11,2009,4480.0,8.7,12.8,0.955,5.5,0.0,0.7,0.000
'260',20,11,2009,3340.0,8.9,15.2,1.172,4.9,4.4,0.5,0.175
'260',21,11,2009,4290.0,9.8,16.0,1.263,3.5,0.8,0.7,0.104
'260',22,11,2009,3450.0,8.2,13.8,1.032,6.9,5.9,0.5,0.163
'260',23,11,2009,1260.0,8.3,13.0,1.076,7.4,19.0,0.2,0.275
'260',24,11,2009,1420.0,9.5,14.1,1.167,6.3,0.9,0.2,0.088
'260',25,11,2009,960.0,9.1,13.2,1.041,7.5,3.1,0.1,0.092
'260',26,11,2009,1460.0,5.9,9.4,0.886,7.0,10.4,0.2,0.229
'260',27,11,2009,2700.0,5.4,8.7,0.845,6.2,5.6,0.4,0.137
'260',28,11,2009,1640.0,6.1,9.0,0.888,5.8,11.2,0.2,0.250
'260',29,11,2009,900.0,7.6,10.4,0.939,4.8,1.2,0.1,0.112
'260',30,11,2009,2260.0,2.3,7.7,0.777,3.0,0.0,0.3,0.000
'260',01,12,2009,3670.0,-0.8,8.5,0.618,1.9,0.3,0.4,0.025
'260',02,12,2009,1190.0,0.1,6.4,0.651,4.1,2.9,0.1,0.238
'260',03,12,2009,920.0,5.5,9.7,0.944,4.7,6.1,0.1,0.229
'260',04,12,2009,760.0,3.0,7.0,0.751,4.8,6.7,0.1,0.179
'260',05,12,2009,980.0,4.3,9.6,0.897,4.8,6.8,0.1,0.250
'260',06,12,2009,870.0,7.6,12.1,1.032,5.3,6.4,0.1,0.208
'260',07,12,2009,2030.0,5.8,8.8,0.862,4.3,0.0,0.3,0.000
'260',08,12,2009,2030.0,2.3,9.3,0.769,2.7,2.4,0.3,0.263
'260',09,12,2009,630.0,3.3,9.3,0.920,3.0,2.8,0.1,0.275
'260',10,12,2009,1580.0,8.7,10.8,1.051,3.9,6.1,0.2,0.217
'260',11,12,2009,1600.0,2.9,9.2,0.811,3.6,0.0,0.2,0.000
'260',12,12,2009,3020.0,2.2,5.6,0.628,3.6,0.0,0.4,0.000
'260',13,12,2009,2950.0,-2.0,3.4,0.556,3.0,0.0,0.3,0.000
'260',14,12,2009,1110.0,-4.9,-1.2,0.423,2.0,0.0,0.1,0.000
'260',15,12,2009,4920.0,-6.8,1.4,0.394,1.7,0.0,0.5,0.000
'260',16,12,2009,1740.0,-7.4,0.6,0.388,2.6,0.0,0.2,0.000
'260',17,12,2009,690.0,-2.5,-0.3,0.487,4.1,3.8,0.1,0.346
'260',18,12,2009,3620.0,-6.1,-0.6,0.382,3.3,0.0,0.3,0.000
'260',19,12,2009,2860.0,-11.5,-4.7,0.207,3.0,0.5,0.2,0.062
'260',20,12,2009,890.0,-6.2,0.3,0.390,5.0,8.4,0.1,0.558
'260',21,12,2009,2230.0,-5.3,-0.1,0.424,3.7,1.6,0.2,0.146
'260',22,12,2009,1790.0,-0.6,2.6,0.597,3.2,1.7,0.2,0.150
'260',23,12,2009,1550.0,-2.3,0.9,0.536,4.1,0.0,0.2,0.000
'260',24,12,2009,3020.0,-2.7,2.0,0.545,3.1,1.8,0.3,0.033
'260',25,12,2009,730.0,0.2,4.6,0.628,4.5,15.0,0.1,0.592
'260',26,12,2009,3380.0,1.9,5.6,0.670,4.9,0.0,0.4,0.000
'260',27,12,2009,1930.0,2.6,5.1,0.688,5.3,3.9,0.2,0.129
'260',28,12,2009,3100.0,-2.5,7.3,0.579,2.3,0.0,0.4,0.000
'260',29,12,2009,1990.0,-1.4,1.7,0.561,4.3,5.5,0.2,0.233
'260',30,12,2009,350.0,-0.3,0.9,0.587,4.1,1.7,0.0,0.192
'260',31,12,2009,720.0,-0.5,0.5,0.515,4.9,0.0,0.1,0.000
