* Source of data    : Royal Netherlands Meterological Institute (www.knmi.nl)
* File content      : Meteo from www.knmi.nl; input file for Swap 3.2 (www.swap.alterra.nl)
* File generated by : Alterra - Wageningen-UR (www.alterra.wur.nl)
* File generated at : 2017-02-27 11:38:43
Station,DD,MM,YYYY,Rad,Tmin,Tmax,Hum,Wind,Rain,ETref,Wet
'260',01,01,1989,950.0,5.5,8.6,0.858,1.0,0.0,0.1,0.000
'260',02,01,1989,1440.0,2.1,8.4,0.776,1.5,0.0,0.2,0.000
'260',03,01,1989,1530.0,-0.6,5.0,0.624,2.6,0.0,0.2,0.000
'260',04,01,1989,530.0,0.7,5.6,0.678,4.6,7.1,0.1,0.125
'260',05,01,1989,1960.0,2.9,7.1,0.775,4.1,7.2,0.2,0.267
'260',06,01,1989,1400.0,4.0,10.5,0.953,2.6,2.6,0.2,0.275
'260',07,01,1989,1840.0,2.4,9.1,0.845,2.1,0.3,0.2,0.008
'260',08,01,1989,630.0,8.3,10.4,1.073,3.6,0.2,0.1,0.021
'260',09,01,1989,590.0,7.2,9.2,1.017,4.6,0.3,0.1,0.104
'260',10,01,1989,940.0,1.0,8.3,0.764,3.1,3.3,0.1,0.421
'260',11,01,1989,2690.0,0.3,6.0,0.706,3.1,0.0,0.3,0.000
'260',12,01,1989,730.0,3.5,8.6,0.762,4.6,3.5,0.1,0.146
'260',13,01,1989,3830.0,2.8,8.7,0.781,4.1,0.0,0.5,0.000
'260',14,01,1989,2300.0,5.0,10.2,0.831,5.7,1.3,0.3,0.133
'260',15,01,1989,2530.0,5.1,8.9,0.894,5.7,0.0,0.3,0.000
'260',16,01,1989,1000.0,5.3,9.3,0.884,4.1,0.0,0.1,0.000
'260',17,01,1989,680.0,-0.1,6.1,0.717,3.6,0.6,0.1,0.112
'260',18,01,1989,2150.0,-1.5,3.8,0.655,2.1,0.0,0.2,0.000
'260',19,01,1989,980.0,-0.1,2.2,0.647,2.1,0.0,0.1,0.000
'260',20,01,1989,850.0,-0.3,3.0,0.606,2.6,0.0,0.1,0.000
'260',21,01,1989,1270.0,2.6,6.5,0.760,4.1,1.2,0.2,0.088
'260',22,01,1989,4680.0,0.0,9.6,0.718,1.5,0.0,0.6,0.000
'260',23,01,1989,4440.0,0.8,6.7,0.723,3.1,0.0,0.5,0.000
'260',24,01,1989,1060.0,-0.9,0.8,0.597,2.6,0.0,0.1,0.000
'260',25,01,1989,2740.0,-1.8,2.1,0.552,3.1,0.0,0.3,0.000
'260',26,01,1989,5300.0,-1.6,6.6,0.595,2.1,0.0,0.6,0.000
'260',27,01,1989,5300.0,-1.1,9.4,0.630,2.6,0.0,0.6,0.000
'260',28,01,1989,5470.0,0.1,9.2,0.653,3.6,1.0,0.7,0.075
'260',29,01,1989,2670.0,0.7,7.2,0.738,2.1,0.0,0.3,0.000
'260',30,01,1989,4350.0,0.1,9.0,0.784,3.1,0.0,0.5,0.000
'260',31,01,1989,2080.0,0.2,3.9,0.710,2.1,0.0,0.2,0.000
'260',01,02,1989,770.0,0.3,3.8,0.662,3.1,0.0,0.1,0.000
'260',02,02,1989,1330.0,0.2,2.6,0.593,2.6,0.0,0.1,0.000
'260',03,02,1989,1700.0,0.5,3.5,0.675,4.1,0.0,0.2,0.000
'260',04,02,1989,2510.0,1.7,4.2,0.670,5.1,0.0,0.3,0.000
'260',05,02,1989,4950.0,4.2,10.5,0.749,4.6,4.3,0.7,0.167
'260',06,02,1989,4150.0,8.3,12.7,1.049,6.7,0.0,0.6,0.000
'260',07,02,1989,6350.0,4.5,12.6,0.889,4.6,0.0,0.9,0.000
'260',08,02,1989,6650.0,0.9,10.7,0.789,1.5,0.0,0.8,0.000
'260',09,02,1989,7550.0,0.1,10.3,0.693,2.6,0.0,1.0,0.000
'260',10,02,1989,6880.0,0.5,9.7,0.668,2.6,0.0,0.8,0.000
'260',11,02,1989,4460.0,1.3,9.9,0.749,2.6,0.0,0.6,0.000
'260',12,02,1989,2350.0,4.5,8.7,0.771,4.6,0.6,0.3,0.075
'260',13,02,1989,5450.0,-0.8,8.6,0.620,5.1,6.9,0.7,0.192
'260',14,02,1989,5810.0,3.5,8.5,0.641,6.7,0.6,0.8,0.092
'260',15,02,1989,1370.0,4.3,9.9,0.833,6.7,2.0,0.2,0.112
'260',16,02,1989,4620.0,-1.7,7.0,0.574,3.1,0.3,0.5,0.046
'260',17,02,1989,4690.0,-3.9,6.7,0.536,3.6,1.0,0.5,0.179
'260',18,02,1989,640.0,6.0,12.8,1.035,6.7,8.8,0.1,0.467
'260',19,02,1989,3220.0,9.5,12.9,1.156,5.7,4.7,0.5,0.267
'260',20,02,1989,6450.0,2.5,9.8,0.673,4.1,0.6,0.9,0.046
'260',21,02,1989,8120.0,-1.4,10.4,0.550,1.5,0.0,1.0,0.000
'260',22,02,1989,7480.0,-2.1,9.4,0.618,3.6,1.8,0.9,0.238
'260',23,02,1989,6370.0,2.6,8.2,0.620,4.6,0.7,0.8,0.071
'260',24,02,1989,8320.0,0.6,8.1,0.627,5.1,0.5,1.0,0.046
'260',25,02,1989,5060.0,4.2,7.9,0.692,7.2,2.6,0.7,0.183
'260',26,02,1989,2860.0,3.4,6.8,0.666,6.7,3.7,0.4,0.171
'260',27,02,1989,3590.0,2.1,7.5,0.687,5.1,4.3,0.4,0.129
'260',28,02,1989,6540.0,0.7,8.0,0.654,5.7,3.3,0.8,0.133
'260',01,03,1989,1530.0,4.2,7.7,0.764,7.2,17.4,0.2,0.417
'260',02,03,1989,4800.0,4.5,8.7,0.802,4.6,10.1,0.6,0.275
'260',03,03,1989,4860.0,5.7,11.7,0.967,2.6,1.1,0.7,0.025
'260',04,03,1989,5580.0,3.5,11.4,0.845,4.1,0.0,0.8,0.000
'260',05,03,1989,4560.0,6.2,14.8,1.100,2.6,0.3,0.7,0.021
'260',06,03,1989,11390.0,7.1,17.8,1.091,3.6,0.0,1.7,0.000
'260',07,03,1989,1880.0,6.1,10.9,0.956,3.6,18.4,0.3,0.375
'260',08,03,1989,8020.0,1.2,9.5,0.634,4.6,4.5,1.0,0.296
'260',09,03,1989,6730.0,2.6,12.1,0.772,4.1,0.0,0.9,0.000
'260',10,03,1989,10890.0,5.9,13.9,0.853,4.1,0.0,1.6,0.000
'260',11,03,1989,5450.0,5.0,11.7,0.870,2.6,0.2,0.8,0.062
'260',12,03,1989,9400.0,0.5,11.8,0.753,3.1,1.0,1.3,0.042
'260',13,03,1989,2320.0,6.0,11.0,0.831,7.2,0.5,0.3,0.108
'260',14,03,1989,10200.0,3.7,11.0,0.706,5.7,1.6,1.4,0.033
'260',15,03,1989,6450.0,2.8,10.2,0.774,5.1,4.1,0.9,0.279
'260',16,03,1989,2020.0,1.5,6.2,0.743,4.1,10.0,0.3,0.317
'260',17,03,1989,7530.0,-0.5,7.4,0.580,3.6,17.2,0.9,0.192
'260',18,03,1989,11660.0,-2.8,8.9,0.548,3.1,0.0,1.4,0.000
'260',19,03,1989,2440.0,5.1,9.5,0.836,4.6,0.4,0.3,0.083
'260',20,03,1989,5510.0,2.7,10.0,0.785,3.1,0.3,0.7,0.033
'260',21,03,1989,11810.0,2.6,9.0,0.641,5.1,5.4,1.5,0.354
'260',22,03,1989,4020.0,5.3,12.0,0.862,6.7,3.6,0.6,0.125
'260',23,03,1989,11010.0,3.4,8.9,0.645,6.7,2.4,1.4,0.163
'260',24,03,1989,1540.0,5.9,11.7,0.808,7.7,15.9,0.2,0.438
'260',25,03,1989,14230.0,1.4,10.6,0.653,3.6,0.0,1.9,0.000
'260',26,03,1989,12920.0,2.7,16.5,0.856,2.1,0.0,1.9,0.000
'260',27,03,1989,15690.0,8.4,20.3,1.010,4.6,0.0,2.6,0.000
'260',28,03,1989,15760.0,7.7,21.8,1.022,3.1,0.0,2.5,0.000
'260',29,03,1989,16230.0,7.0,14.8,0.806,3.1,0.0,2.4,0.000
'260',30,03,1989,15570.0,5.6,16.1,0.935,3.1,0.0,2.4,0.000
'260',31,03,1989,14840.0,3.6,18.5,0.938,2.1,0.0,2.2,0.000
'260',01,04,1989,16070.0,4.1,11.6,0.810,4.6,0.0,2.2,0.000
'260',02,04,1989,16100.0,0.9,8.1,0.425,6.7,0.0,2.0,0.000
'260',03,04,1989,16620.0,1.2,8.1,0.412,7.2,0.0,2.0,0.000
'260',04,04,1989,3840.0,0.4,5.1,0.547,7.2,2.6,0.4,0.167
'260',05,04,1989,3120.0,3.1,5.5,0.663,5.7,0.2,0.4,0.075
'260',06,04,1989,2610.0,2.4,6.2,0.743,4.6,8.2,0.3,0.667
'260',07,04,1989,10170.0,5.1,11.8,0.831,5.7,9.2,1.4,0.263
'260',08,04,1989,14370.0,1.4,12.5,0.694,2.6,0.6,1.9,0.025
'260',09,04,1989,18170.0,-0.4,14.0,0.616,4.1,0.0,2.6,0.000
'260',10,04,1989,5050.0,8.4,15.0,1.055,4.6,1.2,0.8,0.037
'260',11,04,1989,10350.0,7.9,15.1,0.954,6.2,7.0,1.5,0.279
'260',12,04,1989,4910.0,4.9,12.9,1.013,2.1,0.0,0.7,0.000
'260',13,04,1989,8080.0,4.7,13.9,0.967,1.5,0.2,1.1,0.017
'260',14,04,1989,1470.0,7.3,8.6,1.010,4.6,26.1,0.2,0.446
'260',15,04,1989,13540.0,4.9,14.9,0.844,2.1,0.0,1.9,0.000
'260',16,04,1989,5630.0,4.2,10.6,0.862,3.1,0.0,0.8,0.000
'260',17,04,1989,17590.0,3.5,11.6,0.741,5.1,0.5,2.4,0.075
'260',18,04,1989,6570.0,1.2,8.7,0.635,2.6,0.3,0.8,0.012
'260',19,04,1989,10750.0,3.4,10.7,0.808,3.1,6.6,1.4,0.088
'260',20,04,1989,10350.0,0.0,9.9,0.641,1.0,0.2,1.3,0.012
'260',21,04,1989,13720.0,0.5,11.8,0.750,3.6,0.0,1.9,0.000
'260',22,04,1989,10170.0,5.9,10.6,0.843,3.6,0.0,1.4,0.000
'260',23,04,1989,5270.0,3.5,6.9,0.777,2.1,4.4,0.7,0.417
'260',24,04,1989,9910.0,3.8,12.2,0.955,3.1,2.0,1.4,0.079
'260',25,04,1989,4980.0,4.0,10.1,0.883,3.6,3.1,0.7,0.429
'260',26,04,1989,7730.0,0.2,7.9,0.596,3.1,0.8,1.0,0.083
'260',27,04,1989,24980.0,-2.2,11.3,0.474,2.6,0.0,3.2,0.000
'260',28,04,1989,18250.0,-0.2,12.2,0.632,2.6,0.0,2.4,0.000
'260',29,04,1989,18820.0,-1.8,14.5,0.636,1.5,0.0,2.5,0.000
'260',30,04,1989,18690.0,0.1,15.7,0.629,1.5,0.0,2.6,0.000
'260',01,05,1989,22100.0,3.4,18.3,0.822,2.6,0.0,3.4,0.000
'260',02,05,1989,17140.0,6.7,19.2,1.143,2.1,0.0,2.7,0.000
'260',03,05,1989,24130.0,3.0,19.8,0.910,2.1,0.0,3.8,0.000
'260',04,05,1989,25220.0,7.8,23.8,1.056,2.6,0.0,4.3,0.000
'260',05,05,1989,22250.0,9.6,22.1,1.160,2.6,0.0,3.7,0.000
'260',06,05,1989,19280.0,7.2,12.7,0.831,4.6,0.0,2.8,0.000
'260',07,05,1989,21580.0,4.9,14.7,0.880,2.6,0.0,3.2,0.000
'260',08,05,1989,23090.0,2.9,19.7,0.946,2.1,0.0,3.5,0.000
'260',09,05,1989,23250.0,6.6,21.9,1.025,2.6,0.0,3.7,0.000
'260',10,05,1989,27290.0,4.1,17.3,0.674,2.6,0.0,4.1,0.000
'260',11,05,1989,9590.0,4.5,15.0,0.972,2.1,0.0,1.4,0.000
'260',12,05,1989,15140.0,7.6,14.7,0.864,5.7,4.0,2.2,0.100
'260',13,05,1989,17120.0,5.9,14.9,0.855,4.6,1.5,2.5,0.071
'260',14,05,1989,20830.0,4.4,18.7,0.899,2.1,0.0,3.2,0.000
'260',15,05,1989,22830.0,4.9,21.5,0.967,2.1,0.0,3.7,0.000
'260',16,05,1989,22630.0,5.8,22.9,1.015,2.1,0.0,3.8,0.000
'260',17,05,1989,24210.0,7.5,22.0,1.093,2.1,0.0,4.1,0.000
'260',18,05,1989,23810.0,9.6,25.9,1.091,2.1,0.0,4.2,0.000
'260',19,05,1989,20790.0,11.3,26.8,1.257,2.1,0.0,3.8,0.000
'260',20,05,1989,23310.0,13.1,26.5,1.251,4.1,0.0,4.3,0.000
'260',21,05,1989,24340.0,14.1,26.2,1.296,4.6,0.0,4.5,0.000
'260',22,05,1989,27550.0,12.7,24.2,0.774,5.1,0.0,4.9,0.000
'260',23,05,1989,28230.0,12.8,26.3,0.847,4.1,0.0,5.1,0.000
'260',24,05,1989,27700.0,12.0,28.6,0.994,2.6,0.0,5.1,0.000
'260',25,05,1989,26970.0,12.7,29.6,1.272,2.6,0.0,5.0,0.000
'260',26,05,1989,24570.0,10.2,20.8,1.285,5.1,0.0,4.1,0.000
'260',27,05,1989,27810.0,9.3,19.5,0.986,5.1,0.0,4.5,0.000
'260',28,05,1989,26710.0,7.9,20.9,1.076,3.1,0.0,4.3,0.000
'260',29,05,1989,27060.0,5.0,20.6,1.030,1.5,0.0,4.4,0.000
'260',30,05,1989,16460.0,6.4,15.6,0.828,3.6,0.1,2.6,0.012
'260',31,05,1989,15610.0,4.2,15.2,0.785,2.1,0.0,2.3,0.000
'260',01,06,1989,12250.0,4.1,14.1,0.844,2.1,1.6,1.8,0.075
'260',02,06,1989,20850.0,5.2,17.1,0.857,2.6,0.0,3.1,0.000
'260',03,06,1989,9680.0,5.2,14.9,0.891,2.1,13.2,1.4,0.542
'260',04,06,1989,7010.0,7.2,11.3,1.005,2.6,6.8,1.0,0.442
'260',05,06,1989,19250.0,3.8,15.8,0.802,3.1,8.7,2.9,0.108
'260',06,06,1989,20480.0,3.4,16.8,0.828,3.6,0.5,3.1,0.012
'260',07,06,1989,9860.0,8.9,14.0,1.091,2.1,9.5,1.5,0.333
'260',08,06,1989,13960.0,7.9,16.3,1.046,2.6,4.2,2.1,0.071
'260',09,06,1989,12440.0,8.5,17.5,1.144,2.1,1.8,2.0,0.029
'260',10,06,1989,15030.0,8.7,21.2,1.087,1.5,0.0,2.5,0.000
'260',11,06,1989,23380.0,10.5,23.5,1.373,1.5,0.0,4.0,0.000
'260',12,06,1989,27650.0,12.8,24.7,1.379,3.6,0.0,5.0,0.000
'260',13,06,1989,28010.0,13.4,25.7,1.007,3.1,0.0,5.1,0.000
'260',14,06,1989,27490.0,12.7,27.3,1.183,2.1,0.0,5.1,0.000
'260',15,06,1989,21610.0,12.2,27.6,1.255,1.5,0.0,4.0,0.000
'260',16,06,1989,27610.0,13.4,24.5,1.222,2.6,0.0,5.0,0.000
'260',17,06,1989,30010.0,13.5,24.3,1.204,3.6,0.0,5.4,0.000
'260',18,06,1989,27530.0,12.5,24.1,1.325,3.6,0.0,4.9,0.000
'260',19,06,1989,26530.0,13.5,28.7,1.487,3.1,0.0,5.0,0.000
'260',20,06,1989,28950.0,12.5,28.5,1.279,2.1,0.0,5.4,0.000
'260',21,06,1989,24400.0,11.4,24.7,1.352,3.1,0.0,4.2,0.000
'260',22,06,1989,11620.0,11.2,22.3,1.520,3.1,0.9,2.0,0.017
'260',23,06,1989,19030.0,11.7,21.9,1.402,3.1,0.0,3.3,0.000
'260',24,06,1989,22410.0,8.9,23.9,1.282,1.5,0.0,3.8,0.000
'260',25,06,1989,28700.0,7.7,26.3,1.124,1.5,0.0,5.1,0.000
'260',26,06,1989,26750.0,10.3,26.6,1.269,2.1,0.1,4.8,0.004
'260',27,06,1989,8560.0,12.1,20.3,1.302,3.6,6.9,1.4,0.133
'260',28,06,1989,20930.0,13.0,18.2,1.102,5.1,0.5,3.5,0.004
'260',29,06,1989,3780.0,6.5,15.5,1.188,3.1,10.6,0.6,0.358
'260',30,06,1989,25300.0,3.8,20.1,0.942,1.5,0.0,4.1,0.000
'260',01,07,1989,5280.0,13.7,18.5,1.469,3.1,8.1,0.9,0.158
'260',02,07,1989,6240.0,14.2,18.1,1.582,4.1,0.7,1.0,0.071
'260',03,07,1989,27420.0,12.1,23.4,1.332,4.6,0.0,4.8,0.000
'260',04,07,1989,27020.0,11.7,24.4,1.313,4.1,0.0,4.8,0.000
'260',05,07,1989,25210.0,15.9,28.8,1.750,4.6,0.0,4.8,0.000
'260',06,07,1989,24680.0,16.8,31.5,1.645,3.1,0.0,4.9,0.000
'260',07,07,1989,23440.0,17.1,29.1,2.003,3.6,0.1,4.5,0.012
'260',08,07,1989,16050.0,14.7,26.5,1.771,1.5,4.5,2.9,0.029
'260',09,07,1989,10320.0,15.0,22.0,1.858,2.1,4.3,1.8,0.046
'260',10,07,1989,15460.0,11.1,20.1,1.311,2.1,0.0,2.6,0.000
'260',11,07,1989,17540.0,11.3,23.2,1.466,1.5,0.0,3.0,0.000
'260',12,07,1989,19970.0,9.7,22.9,1.370,2.6,0.0,3.4,0.000
'260',13,07,1989,17040.0,11.4,20.7,1.302,3.6,0.0,2.9,0.000
'260',14,07,1989,16890.0,9.7,18.6,1.111,3.6,0.0,2.7,0.000
'260',15,07,1989,21140.0,9.4,22.6,1.242,3.6,0.0,3.6,0.000
'260',16,07,1989,17170.0,9.1,21.0,1.158,3.1,0.0,2.8,0.000
'260',17,07,1989,6190.0,7.6,18.7,1.288,1.5,0.0,1.0,0.000
'260',18,07,1989,16800.0,12.9,19.5,1.232,3.1,0.1,2.8,0.004
'260',19,07,1989,26400.0,10.0,20.9,1.220,2.1,0.0,4.4,0.000
'260',20,07,1989,24980.0,7.8,24.8,1.296,1.5,0.0,4.4,0.000
'260',21,07,1989,24740.0,12.8,27.2,1.203,3.1,0.0,4.6,0.000
'260',22,07,1989,21440.0,17.0,32.2,1.279,2.6,0.0,4.2,0.000
'260',23,07,1989,14530.0,16.5,27.9,2.010,1.5,1.2,2.7,0.033
'260',24,07,1989,24530.0,14.8,26.0,1.749,2.6,0.0,4.5,0.000
'260',25,07,1989,8640.0,15.0,23.0,1.754,1.5,0.1,1.5,0.004
'260',26,07,1989,18390.0,12.2,26.3,1.713,2.6,0.0,3.3,0.000
'260',27,07,1989,22700.0,11.5,24.1,1.309,2.1,0.0,4.0,0.000
'260',28,07,1989,18680.0,10.8,24.6,1.231,2.1,0.0,3.3,0.000
'260',29,07,1989,18630.0,12.7,25.9,1.368,2.6,0.0,3.4,0.000
'260',30,07,1989,6030.0,14.4,18.8,1.607,4.6,10.0,1.0,0.200
'260',31,07,1989,14830.0,10.8,18.4,1.250,3.6,5.4,2.4,0.108
'260',01,08,1989,15810.0,9.6,18.4,1.118,3.6,6.8,2.5,0.192
'260',02,08,1989,10040.0,9.5,17.3,1.154,3.1,0.3,1.6,0.004
'260',03,08,1989,13570.0,8.7,22.4,1.426,2.6,0.0,2.3,0.000
'260',04,08,1989,19740.0,9.9,20.9,1.166,2.1,0.0,3.3,0.000
'260',05,08,1989,19930.0,7.1,23.1,1.197,1.0,0.0,3.3,0.000
'260',06,08,1989,20360.0,11.6,27.1,1.348,1.5,0.0,3.7,0.000
'260',07,08,1989,10170.0,13.9,24.0,1.764,1.0,0.6,1.8,0.154
'260',08,08,1989,10200.0,12.3,23.2,1.675,2.1,2.3,1.8,0.054
'260',09,08,1989,17360.0,10.9,25.1,1.496,2.1,0.0,3.1,0.000
'260',10,08,1989,18220.0,13.8,27.4,1.592,2.6,1.2,3.3,0.037
'260',11,08,1989,5000.0,14.1,18.0,1.570,4.1,0.9,0.9,0.050
'260',12,08,1989,7150.0,11.6,21.2,1.488,3.6,0.5,1.2,0.025
'260',13,08,1989,19780.0,11.6,24.2,1.383,2.1,0.0,3.5,0.000
'260',14,08,1989,17550.0,12.6,26.1,1.512,3.1,0.0,3.2,0.000
'260',15,08,1989,13530.0,16.1,27.2,1.771,4.1,0.2,2.5,0.025
'260',16,08,1989,11600.0,16.9,24.5,1.610,2.1,0.0,2.1,0.000
'260',17,08,1989,15910.0,13.8,22.3,1.442,3.1,0.0,2.8,0.000
'260',18,08,1989,19190.0,12.2,23.4,1.316,2.1,0.0,3.3,0.000
'260',19,08,1989,19950.0,11.6,26.9,1.194,1.5,0.0,3.6,0.000
'260',20,08,1989,20510.0,11.6,30.0,1.301,1.5,0.0,3.8,0.000
'260',21,08,1989,11050.0,15.7,24.7,1.799,2.1,0.0,2.0,0.000
'260',22,08,1989,16930.0,13.0,23.5,1.560,2.6,0.0,2.9,0.000
'260',23,08,1989,16800.0,9.6,21.6,1.230,1.5,0.0,2.8,0.000
'260',24,08,1989,14400.0,9.2,22.0,1.312,2.6,0.0,2.5,0.000
'260',25,08,1989,9300.0,7.6,18.9,1.106,2.1,2.0,1.5,0.062
'260',26,08,1989,10990.0,7.0,19.3,1.078,1.5,4.3,1.8,0.096
'260',27,08,1989,7460.0,11.0,16.7,1.223,3.1,10.1,1.2,0.142
'260',28,08,1989,17960.0,10.7,19.1,1.095,4.1,0.7,2.9,0.017
'260',29,08,1989,15120.0,10.5,19.8,1.164,2.6,0.2,2.5,0.029
'260',30,08,1989,4830.0,14.1,20.9,1.732,2.1,0.3,0.8,0.083
'260',31,08,1989,4660.0,14.1,20.1,1.678,1.5,4.6,0.8,0.192
'260',01,09,1989,18700.0,8.3,20.2,1.127,2.1,0.0,3.1,0.000
'260',02,09,1989,7060.0,7.7,16.7,1.081,1.5,8.7,1.1,0.117
'260',03,09,1989,12580.0,6.7,17.9,1.050,1.5,3.6,1.9,0.062
'260',04,09,1989,12380.0,4.4,18.0,0.924,0.5,0.0,1.9,0.000
'260',05,09,1989,10830.0,7.3,21.3,1.203,1.0,0.0,1.7,0.000
'260',06,09,1989,15380.0,5.9,22.7,1.195,1.5,0.0,2.5,0.000
'260',07,09,1989,16220.0,8.7,23.6,1.203,1.0,0.0,2.8,0.000
'260',08,09,1989,15920.0,10.4,23.8,1.294,2.1,0.0,2.8,0.000
'260',09,09,1989,13210.0,14.6,23.2,1.657,5.1,0.0,2.3,0.000
'260',10,09,1989,11010.0,13.4,20.9,1.552,4.6,0.0,1.9,0.000
'260',11,09,1989,12840.0,14.1,21.3,1.454,4.1,0.0,2.2,0.000
'260',12,09,1989,12620.0,12.5,23.1,1.480,2.6,27.5,2.2,0.100
'260',13,09,1989,3820.0,14.4,17.9,1.708,2.6,13.6,0.6,0.321
'260',14,09,1989,13270.0,10.9,17.2,1.123,3.1,6.9,2.1,0.171
'260',15,09,1989,7910.0,10.7,19.6,1.474,3.1,7.9,1.3,0.179
'260',16,09,1989,7680.0,17.5,21.9,1.870,3.6,5.7,1.4,0.129
'260',17,09,1989,13620.0,14.4,24.7,1.737,2.6,0.0,2.4,0.000
'260',18,09,1989,14520.0,13.6,26.7,1.769,2.6,0.0,2.7,0.000
'260',19,09,1989,5200.0,10.5,19.9,1.464,2.1,4.7,0.9,0.225
'260',20,09,1989,15610.0,8.6,22.7,1.317,2.1,0.0,2.6,0.000
'260',21,09,1989,14270.0,10.1,25.3,1.569,1.5,0.0,2.5,0.000
'260',22,09,1989,12580.0,15.1,26.7,1.883,2.1,0.0,2.3,0.000
'260',23,09,1989,5870.0,13.7,17.4,1.385,2.1,0.1,1.0,0.004
'260',24,09,1989,12070.0,11.0,20.2,1.217,0.5,0.6,2.0,0.058
'260',25,09,1989,9720.0,9.6,19.8,1.302,1.0,0.2,1.6,0.012
'260',26,09,1989,7730.0,7.9,17.8,1.169,1.5,2.1,1.2,0.025
'260',27,09,1989,13280.0,5.5,18.3,0.977,1.0,0.0,2.1,0.000
'260',28,09,1989,5160.0,11.2,15.6,1.230,2.1,1.4,0.8,0.046
'260',29,09,1989,6120.0,10.9,16.1,1.245,2.1,0.3,1.0,0.008
'260',30,09,1989,4190.0,11.3,16.7,1.379,2.6,0.0,0.7,0.000
'260',01,10,1989,4640.0,12.0,16.3,1.326,2.1,0.0,0.7,0.000
'260',02,10,1989,4180.0,9.6,14.9,1.155,2.1,0.0,0.7,0.000
'260',03,10,1989,9660.0,6.1,16.4,0.895,1.5,0.0,1.5,0.000
'260',04,10,1989,12240.0,2.6,15.8,0.722,1.5,0.0,1.8,0.000
'260',05,10,1989,12160.0,5.4,18.7,0.957,2.6,0.0,1.9,0.000
'260',06,10,1989,5780.0,9.9,15.0,1.103,3.6,10.3,0.9,0.329
'260',07,10,1989,7170.0,7.5,14.6,1.071,2.6,8.7,1.1,0.158
'260',08,10,1989,8640.0,7.4,14.5,1.036,3.1,4.4,1.3,0.046
'260',09,10,1989,5610.0,7.3,14.9,1.126,2.1,1.1,0.8,0.192
'260',10,10,1989,6040.0,7.0,14.1,0.932,2.1,0.0,0.9,0.000
'260',11,10,1989,9760.0,6.9,15.5,0.976,2.6,5.4,1.5,0.096
'260',12,10,1989,4150.0,10.0,16.6,1.295,4.1,0.0,0.7,0.000
'260',13,10,1989,2920.0,9.4,16.4,1.284,4.1,8.5,0.5,0.083
'260',14,10,1989,6170.0,7.3,14.0,0.971,3.6,3.6,0.9,0.121
'260',15,10,1989,7620.0,4.1,14.1,0.912,2.1,0.2,1.1,0.008
'260',16,10,1989,6490.0,7.9,16.0,1.175,3.6,0.0,1.0,0.000
'260',17,10,1989,9590.0,7.1,18.2,1.085,1.5,0.0,1.5,0.000
'260',18,10,1989,8930.0,6.6,17.9,1.140,1.5,0.0,1.4,0.000
'260',19,10,1989,7160.0,9.3,18.4,1.297,2.1,0.0,1.2,0.000
'260',20,10,1989,6950.0,11.6,15.5,1.294,5.7,8.6,1.1,0.200
'260',21,10,1989,4350.0,12.7,20.0,1.598,7.2,1.4,0.8,0.088
'260',22,10,1989,8210.0,13.7,21.4,1.376,4.6,0.0,1.4,0.000
'260',23,10,1989,1590.0,13.5,16.2,1.544,1.5,2.0,0.3,0.133
'260',24,10,1989,8110.0,9.8,16.4,1.120,3.1,0.0,1.3,0.000
'260',25,10,1989,4390.0,9.8,15.0,1.224,3.1,0.0,0.7,0.000
'260',26,10,1989,1910.0,11.0,14.4,1.349,2.1,0.9,0.3,0.100
'260',27,10,1989,4670.0,10.8,17.7,1.347,3.6,0.0,0.7,0.000
'260',28,10,1989,2890.0,10.0,15.6,1.019,4.1,0.4,0.4,0.079
'260',29,10,1989,1140.0,9.4,14.1,1.151,6.2,7.3,0.2,0.467
'260',30,10,1989,1770.0,11.2,16.1,1.267,5.7,7.7,0.3,0.142
'260',31,10,1989,1330.0,8.5,13.5,1.180,2.1,3.7,0.2,0.221
'260',01,11,1989,4200.0,8.2,14.9,1.095,1.0,0.1,0.6,0.004
'260',02,11,1989,4330.0,10.0,15.5,1.212,3.6,2.3,0.7,0.033
'260',03,11,1989,5100.0,6.5,12.4,0.978,3.1,0.0,0.7,0.000
'260',04,11,1989,3850.0,7.2,11.7,0.977,4.1,4.6,0.5,0.129
'260',05,11,1989,2760.0,2.2,9.4,0.797,2.1,1.8,0.4,0.092
'260',06,11,1989,2310.0,1.3,5.5,0.769,1.5,0.0,0.3,0.000
'260',07,11,1989,5090.0,2.1,10.7,0.806,2.6,0.0,0.7,0.000
'260',08,11,1989,1490.0,6.2,11.7,0.924,6.2,4.5,0.2,0.150
'260',09,11,1989,4860.0,6.2,11.3,0.889,4.1,2.5,0.7,0.129
'260',10,11,1989,660.0,5.9,10.7,0.938,5.7,2.0,0.1,0.158
'260',11,11,1989,5490.0,5.9,12.0,0.895,3.1,0.0,0.8,0.000
'260',12,11,1989,6040.0,1.1,14.0,0.778,1.0,0.0,0.8,0.000
'260',13,11,1989,4950.0,-0.2,13.8,0.790,0.5,0.0,0.6,0.000
'260',14,11,1989,4660.0,-0.3,11.9,0.779,1.0,0.0,0.6,0.000
'260',15,11,1989,3070.0,3.4,11.6,0.813,2.1,0.0,0.4,0.000
'260',16,11,1989,6320.0,0.4,7.9,0.600,4.6,0.0,0.8,0.000
'260',17,11,1989,5380.0,0.1,6.3,0.532,5.7,0.0,0.6,0.000
'260',18,11,1989,5010.0,-0.4,6.6,0.473,3.6,0.0,0.6,0.000
'260',19,11,1989,4740.0,-1.6,9.0,0.533,1.5,0.0,0.6,0.000
'260',20,11,1989,3530.0,1.8,12.4,0.752,1.5,0.0,0.5,0.000
'260',21,11,1989,1830.0,3.4,10.9,0.824,2.1,0.0,0.3,0.000
'260',22,11,1989,4780.0,-2.1,8.3,0.585,2.6,0.0,0.6,0.000
'260',23,11,1989,2380.0,-2.8,7.1,0.619,1.5,2.0,0.3,0.046
'260',24,11,1989,2550.0,-1.7,7.9,0.629,3.1,5.1,0.3,0.112
'260',25,11,1989,5370.0,-6.0,3.4,0.312,2.1,0.0,0.6,0.000
'260',26,11,1989,650.0,1.5,7.6,0.671,3.1,0.4,0.1,0.012
'260',27,11,1989,990.0,6.3,9.0,0.883,2.6,0.0,0.1,0.000
'260',28,11,1989,4500.0,-1.5,9.0,0.561,2.1,0.0,0.6,0.000
'260',29,11,1989,4530.0,-3.5,5.5,0.529,1.5,0.0,0.5,0.000
'260',30,11,1989,4270.0,-5.8,-0.1,0.475,2.1,0.0,0.4,0.000
'260',01,12,1989,3900.0,-4.8,2.7,0.457,1.5,0.0,0.4,0.000
'260',02,12,1989,4270.0,-6.1,6.8,0.393,1.5,0.0,0.4,0.000
'260',03,12,1989,4040.0,-6.6,8.4,0.454,1.0,0.0,0.4,0.000
'260',04,12,1989,1390.0,-5.0,4.3,0.551,1.5,0.0,0.2,0.000
'260',05,12,1989,3070.0,1.2,7.9,0.717,1.0,0.0,0.4,0.000
'260',06,12,1989,1590.0,5.1,9.0,0.865,1.5,0.1,0.2,0.004
'260',07,12,1989,1990.0,0.5,9.1,0.712,1.5,0.0,0.3,0.000
'260',08,12,1989,2290.0,2.3,7.0,0.722,1.0,0.0,0.3,0.000
'260',09,12,1989,2710.0,0.3,8.2,0.744,2.1,0.3,0.3,0.008
'260',10,12,1989,1420.0,-2.7,1.4,0.555,1.5,0.0,0.1,0.000
'260',11,12,1989,2050.0,0.3,7.6,0.727,1.5,0.0,0.2,0.000
'260',12,12,1989,330.0,-0.5,6.4,0.705,2.6,1.9,0.0,0.075
'260',13,12,1989,340.0,3.5,9.3,0.928,2.1,11.2,0.0,0.317
'260',14,12,1989,480.0,7.7,12.9,1.025,6.7,19.0,0.1,0.354
'260',15,12,1989,510.0,2.2,11.2,0.815,4.6,0.4,0.1,0.042
'260',16,12,1989,760.0,2.6,13.9,0.905,4.1,9.3,0.1,0.438
'260',17,12,1989,1520.0,9.3,13.5,1.007,8.2,0.2,0.2,0.012
'260',18,12,1989,600.0,8.9,11.8,1.070,5.7,4.8,0.1,0.200
'260',19,12,1989,920.0,4.1,12.3,0.904,4.6,5.5,0.1,0.137
'260',20,12,1989,160.0,4.2,13.9,1.003,6.2,13.5,0.0,0.429
'260',21,12,1989,1830.0,11.5,14.9,1.078,8.2,0.0,0.3,0.000
'260',22,12,1989,470.0,5.9,11.6,0.933,3.6,3.5,0.1,0.142
'260',23,12,1989,2120.0,3.8,8.5,0.762,4.6,4.6,0.3,0.062
'260',24,12,1989,2040.0,7.3,10.6,0.818,5.7,0.7,0.3,0.075
'260',25,12,1989,1450.0,7.2,10.5,0.755,4.1,0.2,0.2,0.004
'260',26,12,1989,1040.0,-0.1,8.5,0.658,1.5,0.0,0.1,0.000
'260',27,12,1989,1990.0,-1.8,2.8,0.589,1.0,0.0,0.2,0.000
'260',28,12,1989,320.0,0.2,2.3,0.635,2.1,0.0,0.0,0.000
'260',29,12,1989,600.0,-0.6,1.1,0.561,3.1,0.0,0.1,0.000
'260',30,12,1989,310.0,-0.8,0.2,0.567,2.6,0.0,0.0,0.000
'260',31,12,1989,310.0,0.2,0.9,0.594,1.5,0.0,0.0,0.000
