* Source of data    : Royal Netherlands Meterological Institute (www.knmi.nl)
* File content      : Meteo from www.knmi.nl; input file for Swap 3.2 (www.swap.alterra.nl)
* File generated by : Alterra - Wageningen-UR (www.alterra.wur.nl)
* File generated at : 2017-02-27 11:38:43
Station,DD,MM,YYYY,Rad,Tmin,Tmax,Hum,Wind,Rain,ETref,Wet
'260',01,01,1983,2740.0,-1.9,3.1,0.553,5.1,1.5,0.3,0.154
'260',02,01,1983,1450.0,2.7,4.6,0.757,3.6,0.0,0.2,0.000
'260',03,01,1983,270.0,3.4,11.0,0.970,6.7,20.9,0.0,0.650
'260',04,01,1983,890.0,3.9,11.7,0.839,7.2,12.0,0.1,0.375
'260',05,01,1983,960.0,4.8,12.9,1.027,6.2,2.6,0.1,0.129
'260',06,01,1983,1990.0,5.0,12.9,0.897,8.2,2.2,0.3,0.137
'260',07,01,1983,2690.0,3.1,7.8,0.708,5.7,0.1,0.4,0.004
'260',08,01,1983,3480.0,2.1,7.6,0.698,4.1,0.4,0.4,0.042
'260',09,01,1983,690.0,3.4,9.0,0.805,5.7,4.6,0.1,0.150
'260',10,01,1983,2260.0,2.5,9.2,0.855,3.6,0.2,0.3,0.033
'260',11,01,1983,2040.0,6.5,10.0,0.968,3.6,0.0,0.3,0.000
'260',12,01,1983,670.0,4.1,7.5,0.779,5.1,0.0,0.1,0.000
'260',13,01,1983,570.0,0.6,6.9,0.671,5.7,3.6,0.1,0.242
'260',14,01,1983,390.0,0.7,7.0,0.694,5.7,10.1,0.0,0.308
'260',15,01,1983,1040.0,4.0,9.7,0.854,5.7,5.4,0.1,0.254
'260',16,01,1983,3150.0,7.3,9.5,0.914,5.7,0.0,0.4,0.000
'260',17,01,1983,510.0,7.1,9.0,0.918,5.7,0.0,0.1,0.000
'260',18,01,1983,4200.0,2.2,8.4,0.637,7.2,1.4,0.5,0.021
'260',19,01,1983,1950.0,0.8,5.4,0.599,4.6,1.6,0.2,0.037
'260',20,01,1983,2130.0,-0.3,5.1,0.591,3.1,0.0,0.3,0.000
'260',21,01,1983,1310.0,5.1,7.3,0.748,4.6,0.0,0.2,0.000
'260',22,01,1983,1030.0,4.3,6.8,0.681,2.6,0.0,0.1,0.000
'260',23,01,1983,4940.0,-1.8,4.8,0.580,1.5,0.0,0.6,0.000
'260',24,01,1983,4420.0,-1.3,5.3,0.575,3.1,0.0,0.5,0.000
'260',25,01,1983,630.0,4.0,7.9,0.769,3.1,4.7,0.1,0.362
'260',26,01,1983,2960.0,6.1,11.7,1.048,4.1,0.1,0.4,0.033
'260',27,01,1983,690.0,9.2,12.4,0.983,6.7,0.3,0.1,0.033
'260',28,01,1983,590.0,7.8,10.0,0.994,6.2,6.1,0.1,0.163
'260',29,01,1983,4190.0,3.7,10.5,0.762,5.7,0.0,0.6,0.000
'260',30,01,1983,2320.0,0.8,7.8,0.676,5.7,5.8,0.3,0.154
'260',31,01,1983,2550.0,0.6,10.2,0.814,5.7,11.0,0.3,0.392
'260',01,02,1983,4030.0,2.9,10.8,0.689,10.3,6.9,0.5,0.246
'260',02,02,1983,4330.0,0.6,6.3,0.612,4.6,8.8,0.5,0.163
'260',03,02,1983,4150.0,-0.7,4.9,0.564,2.6,2.9,0.5,0.058
'260',04,02,1983,6350.0,-3.2,5.9,0.559,2.6,0.0,0.7,0.000
'260',05,02,1983,3600.0,0.2,5.5,0.629,4.6,10.7,0.4,0.358
'260',06,02,1983,2550.0,1.1,4.8,0.693,2.6,3.3,0.3,0.171
'260',07,02,1983,1620.0,0.4,1.8,0.570,4.1,0.8,0.2,0.079
'260',08,02,1983,2490.0,-1.3,1.2,0.533,5.1,0.2,0.3,0.058
'260',09,02,1983,2160.0,-2.0,-0.4,0.479,2.6,0.3,0.2,0.054
'260',10,02,1983,1070.0,-4.9,-1.8,0.438,1.5,0.0,0.1,0.000
'260',11,02,1983,5620.0,-4.9,0.4,0.463,3.1,0.0,0.6,0.000
'260',12,02,1983,5390.0,-4.4,0.3,0.451,3.1,0.0,0.5,0.000
'260',13,02,1983,8320.0,-5.9,-0.8,0.368,3.1,0.0,0.8,0.000
'260',14,02,1983,8530.0,-6.8,0.9,0.386,4.6,0.0,0.8,0.000
'260',15,02,1983,7600.0,-3.4,2.3,0.475,5.1,0.0,0.8,0.000
'260',16,02,1983,8910.0,-6.6,1.7,0.336,3.6,0.0,0.9,0.000
'260',17,02,1983,8780.0,-3.0,3.0,0.459,3.6,0.0,0.9,0.000
'260',18,02,1983,9340.0,-4.8,3.4,0.469,2.1,0.0,0.9,0.000
'260',19,02,1983,3770.0,-1.7,2.7,0.494,1.5,0.0,0.4,0.000
'260',20,02,1983,5640.0,0.2,5.2,0.501,1.5,0.0,0.6,0.000
'260',21,02,1983,9920.0,-3.5,4.0,0.394,3.1,0.0,1.1,0.000
'260',22,02,1983,10140.0,-5.9,2.3,0.286,3.6,0.0,1.0,0.000
'260',23,02,1983,10510.0,-4.7,5.3,0.269,5.7,0.0,1.1,0.000
'260',24,02,1983,9450.0,-1.9,8.0,0.438,3.6,0.0,1.1,0.000
'260',25,02,1983,4250.0,3.3,9.2,0.697,3.1,0.3,0.5,0.058
'260',26,02,1983,1770.0,3.2,7.9,0.874,2.6,2.2,0.2,0.104
'260',27,02,1983,1410.0,4.5,7.6,0.837,4.1,7.2,0.2,0.283
'260',28,02,1983,3970.0,2.0,6.5,0.693,3.6,0.6,0.5,0.046
'260',01,03,1983,5440.0,-0.5,6.3,0.664,2.1,1.2,0.6,0.029
'260',02,03,1983,7420.0,0.9,7.6,0.642,2.1,0.0,0.9,0.000
'260',03,03,1983,10320.0,-0.7,8.4,0.643,2.6,0.0,1.3,0.000
'260',04,03,1983,8390.0,0.1,9.9,0.670,2.1,0.0,1.0,0.000
'260',05,03,1983,9790.0,0.9,10.8,0.737,3.6,0.0,1.3,0.000
'260',06,03,1983,4380.0,5.8,10.0,0.866,4.1,0.0,0.6,0.000
'260',07,03,1983,7870.0,5.3,11.8,0.849,3.1,0.0,1.1,0.000
'260',08,03,1983,9590.0,2.1,11.6,0.803,2.6,0.0,1.3,0.000
'260',09,03,1983,3070.0,2.1,7.1,0.718,2.6,0.0,0.4,0.000
'260',10,03,1983,5740.0,2.1,11.1,0.841,3.1,0.0,0.8,0.000
'260',11,03,1983,9780.0,-1.4,8.0,0.528,3.1,0.0,1.2,0.000
'260',12,03,1983,13360.0,-3.0,8.8,0.469,3.1,0.0,1.6,0.000
'260',13,03,1983,11810.0,0.2,13.0,0.550,3.6,0.0,1.6,0.000
'260',14,03,1983,4930.0,6.3,13.3,0.973,3.6,7.8,0.7,0.088
'260',15,03,1983,8650.0,1.8,10.8,0.762,2.1,0.0,1.1,0.000
'260',16,03,1983,9670.0,0.9,10.5,0.726,2.1,0.0,1.2,0.000
'260',17,03,1983,1870.0,6.5,10.0,1.007,4.1,4.7,0.3,0.296
'260',18,03,1983,3340.0,8.9,11.5,1.157,3.1,1.6,0.5,0.104
'260',19,03,1983,2050.0,6.2,10.1,1.004,3.6,8.0,0.3,0.450
'260',20,03,1983,3830.0,5.5,10.5,0.908,4.1,3.9,0.5,0.192
'260',21,03,1983,4990.0,1.7,8.5,0.711,5.7,4.4,0.6,0.125
'260',22,03,1983,5910.0,2.8,7.1,0.609,7.2,2.6,0.7,0.079
'260',23,03,1983,5030.0,1.0,9.0,0.744,5.7,11.8,0.7,0.408
'260',24,03,1983,5760.0,2.1,8.0,0.658,5.7,0.0,0.7,0.000
'260',25,03,1983,8240.0,1.5,6.7,0.598,5.1,14.5,1.0,0.279
'260',26,03,1983,11590.0,1.6,7.7,0.639,5.1,4.7,1.4,0.158
'260',27,03,1983,8140.0,0.8,7.7,0.636,3.6,5.4,1.0,0.346
'260',28,03,1983,11730.0,-0.2,8.3,0.617,2.6,0.2,1.4,0.004
'260',29,03,1983,10810.0,-1.4,9.1,0.576,3.1,1.6,1.4,0.125
'260',30,03,1983,9900.0,3.3,10.2,0.718,5.1,3.9,1.3,0.250
'260',31,03,1983,6570.0,3.7,9.9,0.785,2.6,4.3,0.9,0.112
'260',01,04,1983,9030.0,4.6,13.5,0.816,3.6,0.0,1.3,0.000
'260',02,04,1983,5520.0,0.1,7.9,0.718,4.1,0.0,0.7,0.000
'260',03,04,1983,13190.0,-1.4,8.1,0.594,2.1,0.5,1.6,0.025
'260',04,04,1983,7040.0,-2.2,6.2,0.606,3.6,0.7,0.8,0.079
'260',05,04,1983,8720.0,1.5,8.5,0.715,3.6,9.5,1.1,0.233
'260',06,04,1983,11640.0,2.4,9.4,0.731,4.1,3.7,1.5,0.212
'260',07,04,1983,10410.0,1.9,9.6,0.705,4.1,3.1,1.3,0.067
'260',08,04,1983,7010.0,1.9,9.7,0.646,3.6,2.4,0.9,0.171
'260',09,04,1983,13890.0,0.7,11.6,0.650,1.5,0.0,1.9,0.000
'260',10,04,1983,5320.0,3.7,14.5,1.006,2.6,8.0,0.7,0.154
'260',11,04,1983,9530.0,6.1,12.1,0.852,2.6,1.4,1.4,0.100
'260',12,04,1983,9870.0,3.4,8.6,0.754,5.1,6.4,1.3,0.388
'260',13,04,1983,14570.0,1.1,10.2,0.625,2.6,0.0,1.9,0.000
'260',14,04,1983,12190.0,5.9,11.8,0.847,3.1,1.2,1.7,0.058
'260',15,04,1983,20380.0,2.0,13.8,0.760,2.1,0.0,2.9,0.000
'260',16,04,1983,20100.0,0.9,17.4,0.770,3.1,0.0,3.1,0.000
'260',17,04,1983,4190.0,10.3,14.3,1.088,3.1,3.3,0.6,0.158
'260',18,04,1983,12900.0,10.1,19.5,1.067,2.1,0.0,2.1,0.000
'260',19,04,1983,5540.0,4.1,12.0,0.834,3.6,0.0,0.8,0.000
'260',20,04,1983,15450.0,0.8,15.2,0.752,3.6,0.0,2.3,0.000
'260',21,04,1983,4360.0,6.9,12.5,0.985,2.1,10.9,0.6,0.429
'260',22,04,1983,14800.0,5.6,13.7,0.936,2.6,0.0,2.2,0.000
'260',23,04,1983,10690.0,8.1,16.6,1.073,2.6,3.9,1.6,0.142
'260',24,04,1983,18500.0,5.1,15.8,0.879,2.1,0.0,2.8,0.000
'260',25,04,1983,7990.0,7.0,14.2,1.000,3.1,0.1,1.2,0.004
'260',26,04,1983,14090.0,6.0,15.7,0.976,2.1,0.2,2.1,0.008
'260',27,04,1983,5790.0,5.2,10.9,0.973,3.6,25.7,0.8,0.350
'260',28,04,1983,11820.0,6.0,14.3,0.989,2.6,0.0,1.7,0.000
'260',29,04,1983,15880.0,5.2,15.1,0.892,2.6,4.0,2.3,0.133
'260',30,04,1983,21720.0,3.7,18.1,0.876,2.1,0.0,3.3,0.000
'260',01,05,1983,7890.0,9.1,15.7,1.268,2.6,12.1,1.2,0.492
'260',02,05,1983,12370.0,7.3,12.5,0.954,4.6,9.0,1.8,0.321
'260',03,05,1983,2540.0,6.2,10.1,0.943,4.1,14.0,0.4,0.513
'260',04,05,1983,16000.0,3.0,13.8,0.860,2.1,0.0,2.2,0.000
'260',05,05,1983,22670.0,0.8,15.8,0.772,2.1,0.0,3.3,0.000
'260',06,05,1983,11360.0,7.4,17.5,1.055,3.1,4.8,1.8,0.108
'260',07,05,1983,9660.0,9.8,16.0,1.263,1.5,1.9,1.5,0.075
'260',08,05,1983,12940.0,8.0,14.7,1.116,2.6,7.9,1.9,0.071
'260',09,05,1983,10660.0,9.0,15.9,1.072,3.6,3.5,1.6,0.096
'260',10,05,1983,20220.0,4.9,14.2,0.760,3.6,0.7,2.9,0.037
'260',11,05,1983,8300.0,5.6,11.1,0.919,3.1,7.6,1.2,0.392
'260',12,05,1983,8380.0,5.1,13.5,0.873,5.1,5.1,1.2,0.117
'260',13,05,1983,15850.0,7.9,16.0,1.054,3.6,0.2,2.4,0.012
'260',14,05,1983,18180.0,7.7,16.2,1.043,2.6,0.0,2.8,0.000
'260',15,05,1983,12730.0,5.6,16.1,1.054,2.6,0.6,1.9,0.008
'260',16,05,1983,6040.0,6.5,13.1,1.067,2.1,2.1,0.9,0.121
'260',17,05,1983,13600.0,8.0,16.3,1.065,2.1,1.6,2.1,0.067
'260',18,05,1983,13340.0,7.8,16.5,1.096,2.6,3.2,2.0,0.121
'260',19,05,1983,16030.0,8.5,15.8,1.086,3.1,6.8,2.4,0.067
'260',20,05,1983,16920.0,7.1,17.0,1.003,2.1,9.1,2.6,0.271
'260',21,05,1983,4610.0,8.3,12.7,1.199,2.1,11.2,0.7,0.487
'260',22,05,1983,14000.0,5.5,15.0,0.967,2.1,0.7,2.1,0.008
'260',23,05,1983,22330.0,3.4,16.9,0.900,2.1,0.0,3.4,0.000
'260',24,05,1983,3500.0,9.0,11.3,1.151,4.1,7.4,0.5,0.638
'260',25,05,1983,2340.0,8.2,10.8,1.115,4.6,5.0,0.3,0.467
'260',26,05,1983,3230.0,8.4,10.1,1.013,5.1,2.2,0.5,0.146
'260',27,05,1983,8160.0,6.3,10.8,0.946,2.6,0.1,1.2,0.004
'260',28,05,1983,7080.0,6.3,12.4,1.010,2.6,5.4,1.0,0.300
'260',29,05,1983,8540.0,7.2,12.3,0.996,2.1,0.3,1.2,0.050
'260',30,05,1983,15340.0,3.9,16.2,0.947,1.5,0.0,2.3,0.000
'260',31,05,1983,24490.0,10.8,22.8,1.173,2.6,0.6,4.2,0.008
'260',01,06,1983,22930.0,13.8,25.0,1.581,3.6,9.2,4.1,0.171
'260',02,06,1983,11420.0,10.2,18.0,1.301,3.1,6.9,1.9,0.125
'260',03,06,1983,21140.0,10.0,20.4,1.260,2.1,0.0,3.5,0.000
'260',04,06,1983,19950.0,12.4,24.0,1.556,3.1,1.4,3.5,0.050
'260',05,06,1983,23150.0,8.8,21.0,1.177,3.1,0.1,3.8,0.012
'260',06,06,1983,27510.0,6.8,19.6,0.983,4.1,0.0,4.5,0.000
'260',07,06,1983,28300.0,9.9,24.0,0.989,4.1,0.0,4.9,0.000
'260',08,06,1983,13700.0,14.0,26.0,1.800,2.6,4.0,2.4,0.204
'260',09,06,1983,21330.0,12.8,21.5,1.428,3.6,0.0,3.6,0.000
'260',10,06,1983,21390.0,11.0,18.7,1.215,2.6,0.0,3.5,0.000
'260',11,06,1983,14390.0,10.8,19.5,1.260,3.1,0.0,2.4,0.000
'260',12,06,1983,21550.0,11.0,21.3,1.364,3.1,0.0,3.7,0.000
'260',13,06,1983,25580.0,9.7,20.4,1.123,2.6,0.0,4.3,0.000
'260',14,06,1983,17820.0,8.2,17.0,1.035,3.6,0.4,2.8,0.012
'260',15,06,1983,20940.0,7.4,15.8,1.003,3.1,1.6,3.2,0.021
'260',16,06,1983,17710.0,6.2,15.8,0.962,2.6,0.0,2.6,0.000
'260',17,06,1983,27760.0,4.3,16.6,0.808,3.6,0.0,4.2,0.000
'260',18,06,1983,18960.0,9.9,20.6,1.143,3.6,0.0,3.2,0.000
'260',19,06,1983,26350.0,9.2,20.3,1.262,4.1,0.0,4.3,0.000
'260',20,06,1983,27810.0,12.3,26.2,1.255,3.1,0.0,5.0,0.000
'260',21,06,1983,25920.0,14.2,28.4,1.204,2.6,0.0,4.9,0.000
'260',22,06,1983,25180.0,15.7,30.3,1.391,2.6,0.0,4.9,0.000
'260',23,06,1983,21910.0,16.4,29.5,1.780,1.5,0.1,4.1,0.021
'260',24,06,1983,16930.0,15.1,26.1,1.771,2.1,0.0,3.1,0.000
'260',25,06,1983,16590.0,14.4,22.5,1.480,3.1,0.0,2.9,0.000
'260',26,06,1983,23210.0,12.1,24.3,1.032,2.1,0.0,4.1,0.000
'260',27,06,1983,16790.0,8.9,19.3,1.230,3.6,0.4,2.7,0.021
'260',28,06,1983,18450.0,8.6,19.4,1.083,3.1,0.2,3.0,0.012
'260',29,06,1983,3610.0,13.2,16.5,1.523,3.6,5.7,0.6,0.333
'260',30,06,1983,9590.0,12.4,18.2,1.319,2.1,5.3,1.6,0.229
'260',01,07,1983,22240.0,9.3,19.2,1.181,2.1,0.0,3.6,0.000
'260',02,07,1983,14100.0,9.6,20.4,1.305,3.1,0.0,2.3,0.000
'260',03,07,1983,23400.0,8.8,22.1,1.271,1.5,0.0,4.0,0.000
'260',04,07,1983,25600.0,9.2,25.3,1.243,1.5,0.0,4.5,0.000
'260',05,07,1983,26060.0,13.1,29.2,1.402,2.6,0.0,4.9,0.000
'260',06,07,1983,15100.0,16.4,27.5,1.830,2.1,0.0,2.8,0.000
'260',07,07,1983,19520.0,17.2,28.4,1.948,1.5,0.0,3.7,0.000
'260',08,07,1983,22590.0,16.6,28.7,1.889,2.1,0.0,4.3,0.000
'260',09,07,1983,21580.0,16.6,27.4,1.839,2.6,0.0,4.1,0.000
'260',10,07,1983,23230.0,16.7,31.3,1.924,2.6,0.0,4.5,0.000
'260',11,07,1983,23820.0,17.8,33.0,1.849,2.6,0.0,4.8,0.000
'260',12,07,1983,26100.0,17.3,31.3,1.832,2.6,0.0,5.0,0.000
'260',13,07,1983,18040.0,13.7,22.7,1.594,2.6,0.0,3.1,0.000
'260',14,07,1983,25120.0,13.1,24.5,1.263,2.1,0.0,4.4,0.000
'260',15,07,1983,21850.0,12.5,29.8,1.820,2.6,0.0,4.1,0.000
'260',16,07,1983,21960.0,16.9,29.6,2.013,2.6,0.0,4.2,0.000
'260',17,07,1983,20720.0,16.2,33.2,1.980,2.6,0.0,4.0,0.000
'260',18,07,1983,14940.0,15.6,24.3,1.932,2.6,0.0,2.7,0.000
'260',19,07,1983,12960.0,13.9,22.7,1.669,2.6,0.0,2.3,0.000
'260',20,07,1983,18710.0,10.9,19.9,1.086,2.6,0.0,3.1,0.000
'260',21,07,1983,26670.0,9.4,22.7,1.090,2.1,0.0,4.5,0.000
'260',22,07,1983,24950.0,11.9,29.0,1.335,2.6,0.0,4.6,0.000
'260',23,07,1983,20880.0,15.5,27.9,1.748,2.6,0.0,3.9,0.000
'260',24,07,1983,9100.0,14.9,22.9,1.760,1.0,17.0,1.6,0.096
'260',25,07,1983,21310.0,13.0,28.2,1.686,1.0,0.0,4.0,0.000
'260',26,07,1983,16440.0,16.9,26.3,1.966,2.1,2.9,3.1,0.033
'260',27,07,1983,13010.0,15.6,25.3,1.909,2.6,0.4,2.4,0.042
'260',28,07,1983,10940.0,14.4,22.8,1.632,3.1,0.0,1.9,0.000
'260',29,07,1983,18110.0,14.4,25.2,1.797,2.1,0.0,3.2,0.000
'260',30,07,1983,18340.0,12.0,26.4,1.682,1.5,0.0,3.3,0.000
'260',31,07,1983,19370.0,14.8,30.8,1.607,2.1,0.0,3.8,0.000
'260',01,08,1983,5090.0,13.6,24.6,1.807,3.6,7.5,0.9,0.100
'260',02,08,1983,11880.0,10.5,18.4,1.166,2.1,7.0,1.9,0.050
'260',03,08,1983,15450.0,7.3,20.2,1.157,1.5,0.0,2.5,0.000
'260',04,08,1983,11720.0,9.7,22.3,1.252,2.1,0.0,2.0,0.000
'260',05,08,1983,8840.0,13.0,19.5,1.388,2.6,1.9,1.5,0.029
'260',06,08,1983,7000.0,13.1,17.9,1.457,3.1,2.2,1.2,0.079
'260',07,08,1983,18310.0,14.5,23.8,1.643,2.1,0.0,3.2,0.000
'260',08,08,1983,17730.0,13.3,26.8,1.567,2.1,0.0,3.3,0.000
'260',09,08,1983,20740.0,15.3,28.5,1.571,3.1,0.0,3.9,0.000
'260',10,08,1983,19390.0,15.0,27.0,1.790,3.6,0.0,3.5,0.000
'260',11,08,1983,23330.0,12.0,24.9,1.482,3.1,0.0,4.1,0.000
'260',12,08,1983,16080.0,9.4,22.9,1.400,2.6,0.0,2.7,0.000
'260',13,08,1983,12370.0,12.1,20.2,1.296,2.6,0.0,2.1,0.000
'260',14,08,1983,11220.0,11.2,21.2,1.401,1.0,0.1,1.9,0.012
'260',15,08,1983,22140.0,10.5,24.4,1.362,1.5,0.0,3.8,0.000
'260',16,08,1983,14190.0,12.7,23.4,1.562,2.6,0.0,2.5,0.000
'260',17,08,1983,3920.0,16.0,19.7,1.846,2.1,3.7,0.7,0.188
'260',18,08,1983,19650.0,13.8,26.4,1.563,2.1,0.0,3.5,0.000
'260',19,08,1983,18390.0,13.7,30.8,1.433,2.1,0.0,3.5,0.000
'260',20,08,1983,17700.0,18.2,27.6,2.082,2.1,6.1,3.3,0.104
'260',21,08,1983,14000.0,15.0,25.5,1.930,1.5,4.3,2.5,0.088
'260',22,08,1983,18120.0,13.6,26.6,1.702,1.0,0.0,3.3,0.000
'260',23,08,1983,16770.0,15.3,25.8,1.791,2.1,0.0,3.1,0.000
'260',24,08,1983,16940.0,15.8,23.6,1.765,3.6,0.0,3.0,0.000
'260',25,08,1983,16380.0,15.3,27.5,1.798,3.6,0.0,3.0,0.000
'260',26,08,1983,18300.0,13.4,24.2,1.568,3.6,0.0,3.3,0.000
'260',27,08,1983,16470.0,10.0,21.2,1.394,2.1,0.0,2.8,0.000
'260',28,08,1983,10560.0,13.7,19.8,1.397,3.1,0.0,1.8,0.000
'260',29,08,1983,14960.0,12.3,20.1,1.265,2.6,0.0,2.5,0.000
'260',30,08,1983,19310.0,10.5,26.0,1.324,2.1,0.0,3.4,0.000
'260',31,08,1983,16960.0,10.9,28.1,1.260,1.5,0.0,3.1,0.000
'260',01,09,1983,3870.0,15.6,21.3,1.659,1.5,1.0,0.7,0.025
'260',02,09,1983,12650.0,15.1,22.1,1.457,4.1,0.0,2.2,0.000
'260',03,09,1983,3540.0,13.4,18.0,1.411,6.2,6.2,0.6,0.242
'260',04,09,1983,10250.0,11.1,18.2,1.291,4.6,0.0,1.7,0.000
'260',05,09,1983,9800.0,9.1,17.3,1.114,4.1,0.2,1.6,0.004
'260',06,09,1983,15130.0,7.5,17.4,0.980,3.1,2.2,2.4,0.025
'260',07,09,1983,16180.0,5.6,17.5,0.920,2.1,0.0,2.4,0.000
'260',08,09,1983,11630.0,6.9,19.6,1.010,2.6,0.1,1.9,0.021
'260',09,09,1983,6840.0,13.6,18.7,1.455,3.6,0.1,1.1,0.017
'260',10,09,1983,8720.0,11.0,19.3,1.259,3.6,4.9,1.4,0.112
'260',11,09,1983,3930.0,8.9,12.9,1.159,4.6,17.5,0.6,0.475
'260',12,09,1983,10360.0,11.1,17.4,1.307,3.6,25.3,1.7,0.242
'260',13,09,1983,11530.0,9.7,15.4,1.074,3.6,13.2,1.8,0.325
'260',14,09,1983,3090.0,12.1,17.7,1.586,4.1,14.1,0.5,0.279
'260',15,09,1983,6530.0,12.4,19.1,1.440,4.6,3.8,1.1,0.042
'260',16,09,1983,8690.0,10.8,16.4,1.231,5.1,1.5,1.4,0.017
'260',17,09,1983,6340.0,10.8,15.5,1.359,3.6,12.7,1.0,0.246
'260',18,09,1983,2240.0,10.6,15.1,1.367,4.1,8.5,0.4,0.492
'260',19,09,1983,12800.0,10.8,18.5,1.233,4.1,0.0,2.1,0.000
'260',20,09,1983,11770.0,9.9,17.2,1.141,3.1,0.6,1.9,0.025
'260',21,09,1983,7480.0,10.6,17.6,1.284,3.6,2.4,1.2,0.150
'260',22,09,1983,10920.0,6.7,16.8,1.017,2.6,0.1,1.7,0.017
'260',23,09,1983,14350.0,6.0,19.5,0.996,2.1,0.0,2.3,0.000
'260',24,09,1983,8950.0,11.1,23.2,1.680,3.1,0.1,1.5,0.008
'260',25,09,1983,14040.0,5.4,17.6,1.012,1.0,0.0,2.1,0.000
'260',26,09,1983,13230.0,5.1,21.3,1.182,1.0,0.0,2.1,0.000
'260',27,09,1983,6720.0,8.6,20.2,1.465,1.0,0.0,1.1,0.000
'260',28,09,1983,7280.0,13.1,19.2,1.521,2.6,0.0,1.2,0.000
'260',29,09,1983,11820.0,11.4,23.5,1.557,1.5,0.0,2.0,0.000
'260',30,09,1983,6770.0,10.2,16.8,1.215,3.1,0.0,1.1,0.000
'260',01,10,1983,9330.0,5.9,15.3,0.965,3.1,0.0,1.4,0.000
'260',02,10,1983,5590.0,12.7,18.6,1.477,2.6,0.2,0.9,0.021
'260',03,10,1983,4120.0,13.4,21.1,1.662,3.1,0.0,0.7,0.000
'260',04,10,1983,10800.0,13.4,26.5,1.755,3.1,1.7,1.9,0.008
'260',05,10,1983,8950.0,13.7,18.3,1.413,5.1,0.5,1.5,0.008
'260',06,10,1983,6950.0,12.1,18.0,1.354,3.6,0.0,1.1,0.000
'260',07,10,1983,4140.0,9.6,16.5,1.265,4.1,2.7,0.7,0.167
'260',08,10,1983,3950.0,8.0,13.8,1.075,3.6,5.4,0.6,0.229
'260',09,10,1983,5460.0,7.7,14.5,1.035,2.6,0.8,0.8,0.046
'260',10,10,1983,1940.0,10.4,14.7,1.314,5.1,1.4,0.3,0.079
'260',11,10,1983,9750.0,8.8,14.7,1.082,4.1,2.2,1.5,0.037
'260',12,10,1983,5000.0,7.2,13.2,1.041,3.6,0.0,0.8,0.000
'260',13,10,1983,9880.0,8.2,18.2,1.158,4.1,0.0,1.6,0.000
'260',14,10,1983,6860.0,8.7,15.9,1.025,4.1,0.5,1.1,0.025
'260',15,10,1983,5360.0,9.6,15.3,1.145,6.7,2.0,0.8,0.158
'260',16,10,1983,6440.0,8.3,14.6,1.077,7.7,6.5,0.9,0.112
'260',17,10,1983,3860.0,7.7,12.6,1.003,4.1,7.2,0.6,0.225
'260',18,10,1983,1770.0,7.8,15.1,1.174,5.1,0.1,0.3,0.025
'260',19,10,1983,6890.0,7.5,14.7,0.981,4.6,1.0,1.1,0.088
'260',20,10,1983,3080.0,3.0,11.3,0.830,2.1,0.0,0.4,0.000
'260',21,10,1983,7330.0,-0.1,12.2,0.734,1.0,0.0,0.9,0.000
'260',22,10,1983,7790.0,-1.8,12.0,0.653,0.5,0.0,0.9,0.000
'260',23,10,1983,8990.0,-2.3,11.2,0.677,1.0,0.0,1.0,0.000
'260',24,10,1983,4550.0,-2.8,11.3,0.675,1.5,0.0,0.5,0.000
'260',25,10,1983,5310.0,-2.7,9.4,0.629,2.1,1.8,0.7,0.079
'260',26,10,1983,2730.0,6.9,13.2,1.135,2.1,0.0,0.4,0.000
'260',27,10,1983,4990.0,7.8,14.1,1.044,2.6,0.0,0.7,0.000
'260',28,10,1983,6870.0,2.5,12.4,0.772,2.1,1.2,1.0,0.021
'260',29,10,1983,7690.0,-1.1,10.1,0.597,1.5,0.0,0.9,0.000
'260',30,10,1983,7070.0,-3.4,10.2,0.630,2.6,0.0,0.9,0.000
'260',31,10,1983,5090.0,5.5,13.4,0.879,2.6,0.0,0.7,0.000
'260',01,11,1983,2490.0,7.3,13.4,1.106,3.1,0.0,0.4,0.000
'260',02,11,1983,4550.0,8.3,15.4,1.239,1.5,0.0,0.7,0.000
'260',03,11,1983,6390.0,5.6,13.3,1.035,2.1,0.0,0.9,0.000
'260',04,11,1983,5720.0,3.4,14.3,0.993,1.0,0.0,0.8,0.000
'260',05,11,1983,3970.0,4.4,12.9,1.073,1.0,0.0,0.6,0.000
'260',06,11,1983,1280.0,9.0,10.6,1.162,1.5,0.0,0.2,0.000
'260',07,11,1983,6370.0,4.6,14.3,0.986,2.1,0.0,0.9,0.000
'260',08,11,1983,5330.0,5.2,14.5,0.982,2.1,0.0,0.8,0.000
'260',09,11,1983,5050.0,6.1,16.5,1.020,1.0,0.0,0.7,0.000
'260',10,11,1983,4920.0,4.5,14.6,0.932,1.0,0.0,0.7,0.000
'260',11,11,1983,1010.0,4.0,9.2,0.872,3.1,0.0,0.1,0.000
'260',12,11,1983,5950.0,-1.8,7.4,0.558,2.6,0.0,0.7,0.000
'260',13,11,1983,5190.0,-3.3,4.2,0.424,3.6,0.0,0.5,0.000
'260',14,11,1983,6300.0,-7.6,2.6,0.331,2.6,0.0,0.6,0.000
'260',15,11,1983,1880.0,-7.0,7.7,0.564,1.5,1.7,0.2,0.117
'260',16,11,1983,3950.0,3.0,9.6,0.829,2.1,0.1,0.5,0.004
'260',17,11,1983,3350.0,-1.6,8.0,0.660,2.1,0.0,0.4,0.000
'260',18,11,1983,2440.0,-4.8,5.2,0.541,1.0,0.1,0.3,0.004
'260',19,11,1983,1210.0,4.1,7.9,0.814,1.5,1.0,0.2,0.037
'260',20,11,1983,920.0,1.9,8.7,0.741,2.1,0.9,0.1,0.025
'260',21,11,1983,4320.0,-1.2,6.9,0.558,2.1,0.2,0.5,0.017
'260',22,11,1983,3370.0,-1.5,7.3,0.613,1.5,0.0,0.4,0.000
'260',23,11,1983,4620.0,-2.9,7.8,0.612,1.5,0.0,0.5,0.000
'260',24,11,1983,3810.0,-3.2,3.7,0.552,2.1,1.0,0.4,0.079
'260',25,11,1983,450.0,3.5,13.6,1.109,5.7,11.1,0.1,0.275
'260',26,11,1983,740.0,11.2,14.1,1.329,6.7,12.9,0.1,0.392
'260',27,11,1983,430.0,8.9,15.1,1.245,9.3,45.5,0.1,0.612
'260',28,11,1983,730.0,6.0,9.2,0.925,2.6,7.5,0.1,0.133
'260',29,11,1983,2300.0,1.7,9.8,0.766,2.6,0.6,0.3,0.008
'260',30,11,1983,3060.0,-1.7,6.7,0.597,2.6,0.4,0.4,0.017
'260',01,12,1983,4460.0,-5.0,0.6,0.473,1.5,0.0,0.4,0.000
'260',02,12,1983,3640.0,-5.1,0.1,0.465,2.1,0.0,0.4,0.000
'260',03,12,1983,4030.0,-4.0,1.2,0.458,2.1,0.0,0.4,0.000
'260',04,12,1983,3690.0,-4.5,4.3,0.484,2.1,0.0,0.4,0.000
'260',05,12,1983,3490.0,0.5,5.9,0.601,2.6,6.8,0.4,0.163
'260',06,12,1983,2670.0,0.3,7.0,0.708,1.5,0.3,0.3,0.008
'260',07,12,1983,1500.0,-0.3,5.6,0.626,1.5,0.0,0.2,0.000
'260',08,12,1983,400.0,1.5,4.1,0.662,5.1,7.3,0.0,0.350
'260',09,12,1983,470.0,4.0,6.0,0.811,5.1,22.5,0.1,0.558
'260',10,12,1983,2860.0,-1.3,6.0,0.545,3.1,3.5,0.3,0.192
'260',11,12,1983,4380.0,-3.5,4.7,0.505,1.0,1.1,0.5,0.050
'260',12,12,1983,1660.0,-6.0,-0.8,0.450,2.1,0.0,0.2,0.000
'260',13,12,1983,3660.0,-5.3,3.8,0.553,2.1,0.0,0.4,0.000
'260',14,12,1983,3670.0,-2.8,0.4,0.503,4.1,0.0,0.4,0.000
'260',15,12,1983,2880.0,-2.0,4.0,0.526,4.6,0.0,0.3,0.000
'260',16,12,1983,1210.0,-1.9,1.4,0.450,3.1,0.0,0.1,0.000
'260',17,12,1983,1590.0,-2.1,5.5,0.554,2.6,0.0,0.2,0.000
'260',18,12,1983,3350.0,2.3,4.8,0.692,3.6,0.6,0.4,0.088
'260',19,12,1983,1650.0,4.1,8.9,0.858,3.6,0.9,0.2,0.046
'260',20,12,1983,1610.0,6.1,9.4,0.875,4.6,2.6,0.2,0.067
'260',21,12,1983,2600.0,4.4,8.7,0.825,4.1,0.0,0.3,0.000
'260',22,12,1983,620.0,4.9,9.6,0.914,5.7,13.3,0.1,0.192
'260',23,12,1983,1150.0,5.9,10.1,0.903,5.1,1.3,0.2,0.025
'260',24,12,1983,480.0,5.8,13.4,0.968,4.6,3.3,0.1,0.188
'260',25,12,1983,1120.0,9.4,10.9,1.121,5.1,10.3,0.2,0.404
'260',26,12,1983,1340.0,2.7,10.3,0.791,4.6,3.5,0.2,0.037
'260',27,12,1983,260.0,1.7,10.7,0.914,6.2,1.6,0.0,0.083
'260',28,12,1983,340.0,9.0,10.9,1.131,4.6,0.4,0.0,0.100
'260',29,12,1983,850.0,4.6,9.3,0.947,3.1,0.0,0.1,0.000
'260',30,12,1983,2340.0,3.6,9.6,0.756,3.1,0.0,0.3,0.000
'260',31,12,1983,1760.0,2.1,8.3,0.745,5.7,0.0,0.2,0.000
