* Source of data    : Royal Netherlands Meterological Institute (www.knmi.nl)
* File content      : Meteo from www.knmi.nl; input file for Swap 3.2 (www.swap.alterra.nl)
* File generated by : Alterra - Wageningen-UR (www.alterra.wur.nl)
* File generated at : 2017-02-27 11:38:43
Station,DD,MM,YYYY,Rad,Tmin,Tmax,Hum,Wind,Rain,ETref,Wet
'260',01,01,2003,280.0,-0.9,10.9,0.811,4.7,16.9,0.0,0.504
'260',02,01,2003,370.0,7.1,10.3,1.077,4.0,18.9,0.1,0.504
'260',03,01,2003,650.0,0.9,8.4,0.793,2.9,2.8,0.1,0.129
'260',04,01,2003,1650.0,-5.7,1.0,0.387,3.9,0.0,0.2,0.000
'260',05,01,2003,1580.0,-7.5,0.0,0.418,2.2,0.4,0.2,0.050
'260',06,01,2003,3150.0,-2.6,0.7,0.469,3.6,0.9,0.3,0.083
'260',07,01,2003,3750.0,-8.2,-2.4,0.333,2.8,0.0,0.3,0.000
'260',08,01,2003,2320.0,-8.8,-3.9,0.266,3.2,0.0,0.2,0.000
'260',09,01,2003,4510.0,-10.6,-3.9,0.224,2.8,0.0,0.3,0.000
'260',10,01,2003,2920.0,-8.3,-1.3,0.293,2.6,0.0,0.3,0.000
'260',11,01,2003,4910.0,-9.9,1.1,0.347,1.4,0.0,0.4,0.000
'260',12,01,2003,3120.0,-7.0,2.7,0.466,3.5,0.0,0.3,0.000
'260',13,01,2003,1180.0,2.6,8.6,0.823,5.4,2.4,0.2,0.137
'260',14,01,2003,1550.0,6.0,8.7,0.926,5.1,0.2,0.2,0.042
'260',15,01,2003,1750.0,4.8,7.4,0.788,6.3,1.5,0.2,0.058
'260',16,01,2003,3810.0,3.3,7.7,0.817,4.3,0.0,0.5,0.000
'260',17,01,2003,2440.0,1.4,5.4,0.684,5.0,0.1,0.3,0.029
'260',18,01,2003,920.0,2.5,5.7,0.775,4.5,0.2,0.1,0.025
'260',19,01,2003,1100.0,1.4,7.2,0.722,5.8,2.4,0.1,0.183
'260',20,01,2003,1270.0,5.9,8.9,0.931,6.0,3.5,0.2,0.263
'260',21,01,2003,3460.0,6.3,9.6,0.923,4.4,2.2,0.5,0.096
'260',22,01,2003,260.0,6.5,8.6,0.923,4.7,3.4,0.0,0.179
'260',23,01,2003,520.0,-0.3,7.6,0.726,3.6,0.7,0.1,0.037
'260',24,01,2003,5100.0,-3.0,7.3,0.605,2.2,0.0,0.6,0.000
'260',25,01,2003,2140.0,1.6,6.3,0.708,4.1,1.5,0.3,0.092
'260',26,01,2003,1580.0,0.7,9.6,0.874,3.4,2.3,0.2,0.375
'260',27,01,2003,2090.0,8.2,11.1,1.114,4.0,1.6,0.3,0.054
'260',28,01,2003,1990.0,4.0,8.6,0.772,6.2,4.9,0.3,0.179
'260',29,01,2003,3370.0,1.0,6.4,0.698,4.3,6.4,0.4,0.283
'260',30,01,2003,3190.0,-3.6,2.4,0.476,3.2,3.4,0.3,0.117
'260',31,01,2003,4820.0,-8.1,-0.7,0.323,2.2,0.0,0.4,0.000
'260',01,02,2003,2010.0,-6.6,0.5,0.430,4.5,5.2,0.2,0.358
'260',02,02,2003,1580.0,0.5,4.8,0.705,5.0,10.2,0.2,0.246
'260',03,02,2003,3740.0,1.2,5.9,0.632,4.5,3.5,0.4,0.108
'260',04,02,2003,2910.0,-0.8,4.9,0.596,4.2,6.2,0.3,0.242
'260',05,02,2003,5800.0,-1.4,6.9,0.605,3.3,0.9,0.7,0.017
'260',06,02,2003,5980.0,-4.4,3.7,0.495,2.5,0.0,0.7,0.000
'260',07,02,2003,1260.0,2.1,6.7,0.777,3.2,0.0,0.2,0.000
'260',08,02,2003,1320.0,5.8,7.9,0.973,2.9,0.3,0.2,0.046
'260',09,02,2003,1430.0,3.6,6.6,0.811,3.4,0.0,0.2,0.000
'260',10,02,2003,7850.0,-3.2,5.3,0.541,2.3,0.0,0.9,0.000
'260',11,02,2003,1380.0,-3.7,0.4,0.537,1.7,0.0,0.1,0.000
'260',12,02,2003,1380.0,-4.1,-1.6,0.470,2.3,0.0,0.1,0.000
'260',13,02,2003,9390.0,-6.4,1.7,0.376,2.7,0.0,0.9,0.000
'260',14,02,2003,8780.0,-6.2,4.0,0.276,3.0,0.0,0.9,0.000
'260',15,02,2003,1280.0,-3.0,0.4,0.458,3.8,0.0,0.1,0.000
'260',16,02,2003,9340.0,-4.9,1.6,0.357,3.7,0.0,0.9,0.000
'260',17,02,2003,9470.0,-7.2,3.4,0.323,3.2,0.0,0.9,0.000
'260',18,02,2003,9710.0,-7.1,4.5,0.275,3.1,0.0,0.9,0.000
'260',19,02,2003,9690.0,-5.4,5.9,0.397,5.0,0.0,1.0,0.000
'260',20,02,2003,9870.0,-4.5,7.1,0.463,3.0,0.0,1.1,0.000
'260',21,02,2003,9800.0,-5.4,9.7,0.463,2.0,0.0,1.1,0.000
'260',22,02,2003,10010.0,-4.1,8.9,0.503,3.3,0.0,1.1,0.000
'260',23,02,2003,9590.0,-0.7,10.8,0.629,3.3,0.0,1.2,0.000
'260',24,02,2003,9710.0,0.0,13.1,0.664,2.6,0.0,1.3,0.000
'260',25,02,2003,11060.0,-2.7,11.1,0.483,2.9,0.0,1.3,0.000
'260',26,02,2003,10460.0,-4.6,11.9,0.458,2.3,0.0,1.3,0.000
'260',27,02,2003,9300.0,2.2,16.3,0.737,2.0,0.0,1.3,0.000
'260',28,02,2003,9320.0,2.1,15.0,0.812,3.0,3.1,1.3,0.054
'260',01,03,2003,9500.0,6.7,12.8,0.944,3.7,0.2,1.4,0.017
'260',02,03,2003,4550.0,5.7,11.6,0.947,2.7,3.1,0.6,0.092
'260',03,03,2003,8470.0,2.2,11.3,0.763,1.5,0.0,1.1,0.000
'260',04,03,2003,7370.0,2.0,10.3,0.743,4.1,0.9,1.0,0.075
'260',05,03,2003,3780.0,8.4,13.0,1.117,2.9,0.3,0.6,0.021
'260',06,03,2003,2790.0,0.4,10.5,0.825,3.2,1.5,0.4,0.079
'260',07,03,2003,7520.0,-0.3,9.7,0.708,4.0,0.9,1.0,0.058
'260',08,03,2003,6160.0,4.9,10.2,0.791,7.3,8.5,0.9,0.325
'260',09,03,2003,8320.0,7.5,12.2,0.972,5.4,0.6,1.2,0.062
'260',10,03,2003,6660.0,7.8,12.7,0.983,5.0,0.0,1.0,0.000
'260',11,03,2003,1740.0,7.6,11.0,1.034,4.5,7.2,0.2,0.438
'260',12,03,2003,5020.0,3.0,9.7,0.810,4.1,0.3,0.7,0.021
'260',13,03,2003,14300.0,0.4,9.4,0.641,2.8,0.0,1.8,0.000
'260',14,03,2003,15140.0,-1.8,11.0,0.501,3.3,0.0,1.9,0.000
'260',15,03,2003,14940.0,0.1,11.4,0.557,4.0,0.0,1.9,0.000
'260',16,03,2003,15160.0,-2.0,13.8,0.540,2.0,0.0,1.9,0.000
'260',17,03,2003,13100.0,-3.0,8.5,0.620,2.6,0.0,1.6,0.000
'260',18,03,2003,15120.0,-1.1,13.4,0.633,2.2,0.0,2.0,0.000
'260',19,03,2003,11730.0,-2.7,10.2,0.667,2.3,0.0,1.4,0.000
'260',20,03,2003,10600.0,-0.4,8.1,0.625,1.5,0.0,1.3,0.000
'260',21,03,2003,15330.0,0.2,10.2,0.578,4.0,0.0,2.0,0.000
'260',22,03,2003,16930.0,-2.2,13.7,0.435,3.2,0.0,2.2,0.000
'260',23,03,2003,17030.0,-0.2,16.1,0.494,2.3,0.0,2.3,0.000
'260',24,03,2003,14480.0,0.5,20.3,0.711,2.8,0.0,2.1,0.000
'260',25,03,2003,12550.0,1.9,16.8,0.787,1.6,0.0,1.8,0.000
'260',26,03,2003,16150.0,2.2,17.6,0.656,2.3,0.0,2.3,0.000
'260',27,03,2003,13950.0,1.2,16.3,0.796,1.6,0.0,1.9,0.000
'260',28,03,2003,15330.0,2.8,19.5,0.789,3.1,0.0,2.4,0.000
'260',29,03,2003,6240.0,5.2,17.6,0.982,1.5,0.0,0.9,0.000
'260',30,03,2003,15660.0,3.4,14.1,0.800,2.7,0.0,2.2,0.000
'260',31,03,2003,14890.0,0.0,12.6,0.663,2.2,0.0,2.0,0.000
'260',01,04,2003,7740.0,-0.4,13.2,0.681,4.6,15.7,1.0,0.233
'260',02,04,2003,10380.0,3.5,10.0,0.786,5.0,3.6,1.3,0.121
'260',03,04,2003,11850.0,-0.2,9.3,0.599,4.1,0.0,1.5,0.000
'260',04,04,2003,6990.0,-2.4,10.8,0.726,2.7,0.0,0.9,0.000
'260',05,04,2003,13520.0,5.2,11.6,0.840,5.0,0.0,1.8,0.000
'260',06,04,2003,12290.0,0.2,9.3,0.449,3.8,0.0,1.6,0.000
'260',07,04,2003,19930.0,-2.5,7.3,0.349,3.4,0.0,2.3,0.000
'260',08,04,2003,15060.0,-3.4,7.1,0.338,2.9,0.0,1.8,0.000
'260',09,04,2003,14680.0,-4.4,7.2,0.382,2.5,0.4,1.7,0.033
'260',10,04,2003,12800.0,-0.4,7.3,0.541,2.2,0.0,1.5,0.000
'260',11,04,2003,14470.0,-1.8,10.5,0.593,2.5,0.1,1.8,0.025
'260',12,04,2003,20050.0,-3.3,14.1,0.492,1.9,0.0,2.6,0.000
'260',13,04,2003,20080.0,-0.8,18.2,0.570,3.7,0.0,3.0,0.000
'260',14,04,2003,20140.0,7.6,21.2,0.622,5.5,0.0,3.3,0.000
'260',15,04,2003,21620.0,7.6,24.0,0.778,4.3,0.0,3.8,0.000
'260',16,04,2003,21330.0,8.4,24.7,0.793,4.2,0.0,3.7,0.000
'260',17,04,2003,21830.0,10.0,22.5,0.604,4.6,0.0,3.7,0.000
'260',18,04,2003,21930.0,5.8,18.3,0.676,5.5,0.0,3.4,0.000
'260',19,04,2003,11690.0,3.9,12.0,0.734,5.0,0.0,1.6,0.000
'260',20,04,2003,20580.0,4.3,17.3,0.769,3.7,0.0,3.1,0.000
'260',21,04,2003,20020.0,5.5,23.5,0.897,2.4,3.9,3.3,0.067
'260',22,04,2003,20680.0,5.0,17.5,0.862,2.3,0.1,3.2,0.008
'260',23,04,2003,21070.0,1.9,16.8,0.848,2.7,0.0,3.1,0.000
'260',24,04,2003,20840.0,2.7,22.2,0.772,1.9,0.0,3.4,0.000
'260',25,04,2003,11450.0,7.8,22.6,1.133,2.3,1.4,1.9,0.037
'260',26,04,2003,3710.0,7.4,15.0,1.260,2.7,11.9,0.6,0.225
'260',27,04,2003,14290.0,9.3,16.5,1.135,5.7,0.8,2.2,0.037
'260',28,04,2003,12170.0,9.5,22.6,1.357,4.0,1.1,2.0,0.146
'260',29,04,2003,20850.0,7.7,18.1,1.076,4.3,3.0,3.3,0.079
'260',30,04,2003,6540.0,7.7,15.2,1.194,3.3,4.2,1.0,0.058
'260',01,05,2003,14190.0,5.8,15.8,0.950,5.8,0.6,2.2,0.025
'260',02,05,2003,12250.0,5.5,20.1,1.000,3.6,9.2,1.9,0.117
'260',03,05,2003,18500.0,9.0,15.3,1.032,5.8,2.1,2.9,0.092
'260',04,05,2003,25340.0,6.7,23.6,0.937,3.6,0.0,4.3,0.000
'260',05,05,2003,4370.0,10.5,16.8,1.241,2.0,7.3,0.7,0.358
'260',06,05,2003,13310.0,3.8,16.2,0.913,1.7,3.6,2.0,0.163
'260',07,05,2003,21100.0,2.3,18.8,0.870,1.4,0.0,3.2,0.000
'260',08,05,2003,19930.0,3.7,19.4,0.691,2.0,0.8,3.1,0.067
'260',09,05,2003,11190.0,7.3,16.1,0.973,1.3,0.0,1.7,0.000
'260',10,05,2003,22230.0,4.2,17.6,0.871,2.1,0.0,3.4,0.000
'260',11,05,2003,19600.0,6.4,19.6,1.011,2.5,1.0,3.2,0.050
'260',12,05,2003,11430.0,8.5,15.9,1.140,3.5,11.5,1.7,0.271
'260',13,05,2003,21290.0,6.2,14.0,0.872,3.8,2.0,3.1,0.083
'260',14,05,2003,14900.0,5.9,13.9,0.976,3.5,1.0,2.2,0.042
'260',15,05,2003,19310.0,4.1,15.0,0.764,2.0,2.0,2.8,0.042
'260',16,05,2003,21630.0,1.8,17.3,0.772,1.9,0.0,3.3,0.000
'260',17,05,2003,11790.0,9.7,19.2,1.256,3.2,2.4,1.9,0.096
'260',18,05,2003,13270.0,11.0,18.9,1.281,4.3,3.2,2.1,0.158
'260',19,05,2003,7400.0,10.5,15.6,1.289,3.8,3.4,1.2,0.175
'260',20,05,2003,10880.0,8.6,14.7,1.161,5.0,22.4,1.6,0.358
'260',21,05,2003,15610.0,9.9,16.2,1.178,3.4,2.8,2.5,0.067
'260',22,05,2003,4530.0,10.8,16.3,1.397,3.8,3.0,0.7,0.317
'260',23,05,2003,7040.0,11.3,15.3,1.388,4.1,9.4,1.1,0.662
'260',24,05,2003,6200.0,9.3,14.8,1.262,1.1,2.4,1.0,0.129
'260',25,05,2003,8280.0,5.6,15.0,1.107,2.3,1.8,1.3,0.075
'260',26,05,2003,22650.0,4.7,20.2,1.003,1.7,0.0,3.6,0.000
'260',27,05,2003,20520.0,6.3,21.1,1.011,2.1,0.0,3.4,0.000
'260',28,05,2003,19140.0,9.1,23.7,1.153,2.4,0.0,3.3,0.000
'260',29,05,2003,24600.0,10.2,25.9,1.287,2.3,0.0,4.4,0.000
'260',30,05,2003,26440.0,12.4,27.5,1.481,2.1,0.0,4.9,0.000
'260',31,05,2003,25640.0,13.3,25.1,1.555,2.4,0.0,4.6,0.000
'260',01,06,2003,25280.0,11.6,28.1,1.537,2.0,0.0,4.7,0.000
'260',02,06,2003,17310.0,12.5,27.2,1.792,2.8,10.8,3.2,0.037
'260',03,06,2003,18690.0,11.0,24.5,1.511,2.1,0.0,3.4,0.000
'260',04,06,2003,21980.0,14.4,28.9,1.959,3.3,3.5,4.1,0.008
'260',05,06,2003,20440.0,9.1,21.0,1.144,2.3,0.0,3.4,0.000
'260',06,06,2003,26490.0,7.9,25.0,1.272,2.2,0.0,4.7,0.000
'260',07,06,2003,25110.0,12.0,26.5,1.511,2.3,0.0,4.5,0.000
'260',08,06,2003,12170.0,12.6,25.4,1.591,3.3,7.5,2.1,0.150
'260',09,06,2003,26130.0,12.1,20.9,1.211,3.2,0.0,4.4,0.000
'260',10,06,2003,13430.0,11.4,25.4,1.626,3.1,7.7,2.4,0.033
'260',11,06,2003,23970.0,10.3,22.3,1.335,3.8,0.0,4.2,0.000
'260',12,06,2003,18370.0,9.4,23.3,1.442,1.8,0.0,3.1,0.000
'260',13,06,2003,25250.0,8.4,23.6,1.187,2.4,0.0,4.4,0.000
'260',14,06,2003,19800.0,12.0,21.4,1.243,3.0,0.0,3.4,0.000
'260',15,06,2003,27760.0,9.2,22.6,1.181,2.3,0.0,4.8,0.000
'260',16,06,2003,27630.0,8.7,25.0,1.206,1.6,0.0,4.8,0.000
'260',17,06,2003,19120.0,11.3,25.4,1.366,2.0,1.3,3.4,0.017
'260',18,06,2003,21150.0,15.2,23.2,1.517,3.8,0.0,3.8,0.000
'260',19,06,2003,6220.0,16.0,20.8,1.706,4.5,0.2,1.1,0.012
'260',20,06,2003,22740.0,8.0,18.5,1.063,3.9,0.0,3.7,0.000
'260',21,06,2003,23220.0,7.0,19.7,1.037,2.5,0.0,3.8,0.000
'260',22,06,2003,19120.0,8.9,25.3,1.257,2.5,0.1,3.4,0.008
'260',23,06,2003,18280.0,14.1,26.5,1.819,3.5,0.2,3.3,0.025
'260',24,06,2003,19840.0,9.1,20.2,1.223,2.8,0.0,3.4,0.000
'260',25,06,2003,23800.0,7.0,21.1,1.159,2.6,0.0,4.0,0.000
'260',26,06,2003,29630.0,10.1,25.0,1.120,3.3,0.0,5.2,0.000
'260',27,06,2003,24610.0,12.7,27.5,1.300,2.5,0.0,4.5,0.000
'260',28,06,2003,15710.0,9.8,22.5,1.351,2.5,0.0,2.7,0.000
'260',29,06,2003,24720.0,8.7,23.6,1.183,1.8,0.0,4.3,0.000
'260',30,06,2003,7030.0,14.0,19.7,1.548,2.5,3.3,1.2,0.137
'260',01,07,2003,16760.0,13.1,21.9,1.544,3.8,4.1,2.9,0.067
'260',02,07,2003,11920.0,12.5,18.1,1.451,4.3,5.7,2.0,0.158
'260',03,07,2003,14980.0,12.5,20.2,1.512,4.1,5.1,2.5,0.146
'260',04,07,2003,5760.0,13.9,17.0,1.512,3.6,0.7,1.0,0.021
'260',05,07,2003,10090.0,13.5,18.7,1.493,2.9,0.0,1.7,0.000
'260',06,07,2003,8030.0,10.6,18.7,1.342,1.0,0.0,1.3,0.000
'260',07,07,2003,17910.0,10.0,23.1,1.308,1.2,0.0,3.1,0.000
'260',08,07,2003,16000.0,9.1,23.1,1.293,1.6,1.5,2.8,0.029
'260',09,07,2003,23530.0,10.3,23.1,1.321,2.2,0.0,4.1,0.000
'260',10,07,2003,27560.0,8.6,26.1,1.331,1.8,0.0,4.9,0.000
'260',11,07,2003,20820.0,10.3,25.9,1.558,3.2,0.0,3.7,0.000
'260',12,07,2003,23030.0,9.6,22.2,1.201,2.2,0.0,3.9,0.000
'260',13,07,2003,28620.0,8.0,25.1,1.200,2.5,0.0,5.1,0.000
'260',14,07,2003,28670.0,13.6,27.8,1.278,4.0,0.0,5.4,0.000
'260',15,07,2003,28060.0,16.1,31.2,1.313,4.3,0.0,5.5,0.000
'260',16,07,2003,24620.0,18.9,34.3,1.718,4.3,0.0,4.9,0.000
'260',17,07,2003,5020.0,16.6,20.3,1.805,4.0,8.5,0.9,0.192
'260',18,07,2003,15140.0,14.3,25.0,1.725,3.3,0.3,2.7,0.017
'260',19,07,2003,26340.0,12.8,31.1,1.432,2.4,0.0,5.1,0.000
'260',20,07,2003,18590.0,13.8,30.7,1.669,2.6,0.2,3.5,0.017
'260',21,07,2003,24280.0,11.5,28.1,1.413,2.1,0.0,4.4,0.000
'260',22,07,2003,19920.0,12.3,25.2,1.495,2.8,0.0,3.6,0.000
'260',23,07,2003,19850.0,11.5,26.3,1.424,2.2,0.0,3.6,0.000
'260',24,07,2003,11920.0,12.4,23.7,1.570,2.6,0.1,2.1,0.012
'260',25,07,2003,16790.0,14.0,24.6,1.439,3.1,1.7,3.0,0.104
'260',26,07,2003,16030.0,15.6,23.9,1.607,3.4,0.0,2.9,0.000
'260',27,07,2003,15520.0,12.5,22.8,1.571,3.6,0.6,2.8,0.042
'260',28,07,2003,21180.0,10.6,24.1,1.218,2.4,0.3,3.7,0.017
'260',29,07,2003,18720.0,10.8,27.1,1.341,2.5,0.0,3.4,0.000
'260',30,07,2003,12390.0,13.4,24.7,1.671,2.4,1.0,2.2,0.067
'260',31,07,2003,23610.0,10.3,26.9,1.365,1.7,0.0,4.2,0.000
'260',01,08,2003,21250.0,12.7,28.3,1.631,2.2,0.0,3.9,0.000
'260',02,08,2003,17230.0,14.8,26.7,1.850,1.8,0.0,3.2,0.000
'260',03,08,2003,24050.0,12.3,26.9,1.577,2.1,0.0,4.4,0.000
'260',04,08,2003,23780.0,13.4,29.7,1.601,2.5,0.0,4.5,0.000
'260',05,08,2003,22160.0,14.6,30.8,1.470,2.7,0.0,4.2,0.000
'260',06,08,2003,21590.0,15.8,33.9,1.487,2.7,0.0,4.3,0.000
'260',07,08,2003,22070.0,17.0,35.0,1.848,2.1,0.0,4.4,0.000
'260',08,08,2003,19560.0,17.8,30.9,2.294,2.3,0.0,3.7,0.000
'260',09,08,2003,19770.0,16.2,26.5,2.037,2.3,0.0,3.6,0.000
'260',10,08,2003,18790.0,16.3,30.4,1.851,1.3,0.0,3.6,0.000
'260',11,08,2003,18170.0,15.1,31.5,1.589,1.7,0.0,3.5,0.000
'260',12,08,2003,20820.0,18.5,33.8,2.127,2.7,0.0,4.1,0.000
'260',13,08,2003,18870.0,14.4,26.1,1.760,2.5,0.0,3.5,0.000
'260',14,08,2003,22530.0,12.7,22.7,1.289,2.8,0.0,4.0,0.000
'260',15,08,2003,21900.0,9.5,22.8,1.240,2.6,0.0,3.7,0.000
'260',16,08,2003,17220.0,7.6,23.3,1.132,2.0,0.0,3.0,0.000
'260',17,08,2003,8290.0,11.6,21.9,1.264,3.0,0.1,1.4,0.012
'260',18,08,2003,11270.0,12.6,23.9,1.597,2.6,0.5,2.0,0.025
'260',19,08,2003,17330.0,10.0,23.3,1.219,2.9,0.0,3.0,0.000
'260',20,08,2003,17210.0,9.6,24.0,1.272,1.8,0.0,3.0,0.000
'260',21,08,2003,17460.0,8.0,24.7,1.231,3.0,0.0,3.0,0.000
'260',22,08,2003,3930.0,13.3,21.7,1.681,3.5,0.0,0.7,0.000
'260',23,08,2003,16070.0,8.9,24.8,1.247,2.9,0.0,2.9,0.000
'260',24,08,2003,6780.0,8.4,20.1,1.252,2.0,0.0,1.2,0.000
'260',25,08,2003,17970.0,14.1,23.9,1.440,2.7,0.0,3.2,0.000
'260',26,08,2003,17460.0,12.4,23.3,1.442,2.3,0.0,3.0,0.000
'260',27,08,2003,9810.0,12.8,20.9,1.261,2.0,0.0,1.7,0.000
'260',28,08,2003,8810.0,11.9,20.8,1.302,1.4,1.4,1.5,0.071
'260',29,08,2003,6150.0,11.4,16.8,1.416,2.5,5.5,1.0,0.233
'260',30,08,2003,17030.0,8.7,20.1,1.180,2.9,0.0,2.8,0.000
'260',31,08,2003,11500.0,8.7,18.1,1.158,2.5,1.7,1.8,0.058
'260',01,09,2003,14120.0,7.8,18.8,1.099,2.5,1.1,2.2,0.067
'260',02,09,2003,11450.0,6.3,19.3,1.021,1.5,0.2,1.8,0.012
'260',03,09,2003,14810.0,4.4,21.9,1.137,1.3,0.0,2.4,0.000
'260',04,09,2003,14440.0,5.9,22.5,1.114,1.4,0.0,2.4,0.000
'260',05,09,2003,16060.0,9.2,25.0,1.123,2.6,0.0,2.8,0.000
'260',06,09,2003,6770.0,11.7,21.4,1.547,2.4,1.7,1.2,0.096
'260',07,09,2003,9100.0,10.0,19.6,1.332,1.6,0.0,1.5,0.000
'260',08,09,2003,12270.0,9.1,20.2,1.211,1.6,0.0,2.0,0.000
'260',09,09,2003,9410.0,8.1,20.1,1.158,2.0,3.0,1.5,0.054
'260',10,09,2003,2910.0,8.2,13.0,1.242,2.1,13.5,0.4,0.400
'260',11,09,2003,10770.0,7.3,19.4,1.182,2.7,0.0,1.7,0.000
'260',12,09,2003,4040.0,7.7,17.8,1.264,1.7,0.1,0.6,0.012
'260',13,09,2003,17040.0,4.5,20.5,0.976,1.3,0.0,2.6,0.000
'260',14,09,2003,17770.0,4.3,21.6,0.970,1.5,0.0,2.8,0.000
'260',15,09,2003,14410.0,5.0,23.7,1.106,1.0,0.0,2.4,0.000
'260',16,09,2003,14670.0,7.4,24.8,1.245,1.3,0.0,2.4,0.000
'260',17,09,2003,15670.0,7.9,25.3,1.129,1.5,0.0,2.6,0.000
'260',18,09,2003,15290.0,9.1,28.6,1.316,2.8,0.0,2.7,0.000
'260',19,09,2003,12300.0,12.0,24.4,1.611,2.1,0.0,2.1,0.000
'260',20,09,2003,13900.0,10.0,27.4,1.508,1.6,0.0,2.4,0.000
'260',21,09,2003,13930.0,13.9,24.9,1.613,2.0,0.0,2.5,0.000
'260',22,09,2003,13720.0,11.0,26.1,1.364,4.4,14.5,2.4,0.188
'260',23,09,2003,8190.0,6.2,14.0,1.035,2.3,12.0,1.2,0.158
'260',24,09,2003,9920.0,3.6,15.8,0.831,1.0,0.0,1.4,0.000
'260',25,09,2003,14920.0,2.4,18.8,0.819,2.4,0.0,2.2,0.000
'260',26,09,2003,10670.0,4.0,18.5,0.963,2.3,0.4,1.7,0.037
'260',27,09,2003,11780.0,7.4,18.1,0.977,1.4,0.0,1.8,0.000
'260',28,09,2003,2940.0,8.3,13.7,1.117,2.2,4.6,0.4,0.171
'260',29,09,2003,9770.0,5.0,16.4,1.010,2.3,0.5,1.5,0.042
'260',30,09,2003,11870.0,4.7,17.4,0.974,2.6,0.0,1.8,0.000
'260',01,10,2003,8800.0,7.5,17.3,1.066,2.5,3.8,1.4,0.208
'260',02,10,2003,5270.0,11.3,17.1,1.384,1.5,0.0,0.9,0.000
'260',03,10,2003,7460.0,11.2,18.4,1.418,1.8,0.8,1.2,0.062
'260',04,10,2003,7970.0,7.2,14.7,1.105,2.3,3.6,1.2,0.146
'260',05,10,2003,10840.0,2.4,14.0,0.803,2.5,3.4,1.5,0.083
'260',06,10,2003,4600.0,4.9,14.7,0.989,4.8,12.9,0.7,0.263
'260',07,10,2003,3970.0,6.1,10.9,0.938,4.6,22.8,0.6,0.525
'260',08,10,2003,2700.0,9.5,14.2,1.151,4.0,17.1,0.4,0.254
'260',09,10,2003,3570.0,6.5,15.4,1.183,3.0,0.3,0.6,0.025
'260',10,10,2003,7550.0,7.6,16.8,1.109,4.0,1.0,1.2,0.083
'260',11,10,2003,3880.0,5.4,14.2,0.974,1.9,0.0,0.6,0.000
'260',12,10,2003,10710.0,1.6,15.1,0.829,2.3,0.0,1.5,0.000
'260',13,10,2003,7970.0,4.8,13.4,0.816,4.2,0.0,1.1,0.000
'260',14,10,2003,9340.0,5.0,12.5,0.730,4.9,0.0,1.3,0.000
'260',15,10,2003,11190.0,2.9,12.9,0.714,4.2,0.0,1.5,0.000
'260',16,10,2003,10870.0,3.0,12.6,0.713,3.7,0.0,1.5,0.000
'260',17,10,2003,10830.0,2.7,12.3,0.687,4.1,0.0,1.4,0.000
'260',18,10,2003,9770.0,-0.5,12.1,0.650,2.9,0.0,1.2,0.000
'260',19,10,2003,9180.0,0.0,12.7,0.688,2.6,0.0,1.2,0.000
'260',20,10,2003,6640.0,2.0,10.8,0.803,2.9,0.0,0.9,0.000
'260',21,10,2003,2980.0,2.4,8.0,0.765,2.1,0.0,0.4,0.000
'260',22,10,2003,6840.0,2.3,10.4,0.769,3.7,0.5,0.9,0.008
'260',23,10,2003,9610.0,-5.3,7.5,0.457,4.0,0.0,1.1,0.000
'260',24,10,2003,4250.0,-5.9,5.3,0.551,1.8,2.1,0.4,0.104
'260',25,10,2003,4210.0,-3.0,10.7,0.772,2.9,9.1,0.5,0.246
'260',26,10,2003,5890.0,-1.6,11.8,0.767,2.4,0.6,0.7,0.062
'260',27,10,2003,8530.0,-4.8,7.8,0.485,1.0,0.0,0.9,0.000
'260',28,10,2003,5480.0,-3.4,7.7,0.608,1.6,0.0,0.6,0.000
'260',29,10,2003,6510.0,-3.0,9.2,0.591,3.1,0.0,0.8,0.000
'260',30,10,2003,3340.0,4.7,11.4,0.929,3.2,0.4,0.5,0.012
'260',31,10,2003,3050.0,4.7,11.6,1.010,3.5,5.9,0.4,0.196
'260',01,11,2003,2620.0,7.5,12.0,1.095,2.9,0.7,0.4,0.058
'260',02,11,2003,2980.0,5.9,11.9,0.973,5.7,2.8,0.4,0.158
'260',03,11,2003,2470.0,9.0,13.3,1.065,5.7,1.8,0.4,0.083
'260',04,11,2003,5720.0,4.2,13.2,0.996,2.9,0.0,0.8,0.000
'260',05,11,2003,6620.0,7.4,14.5,1.031,3.4,0.0,1.0,0.000
'260',06,11,2003,6850.0,2.9,14.0,0.840,2.1,0.0,0.9,0.000
'260',07,11,2003,6700.0,2.4,11.2,0.743,4.8,0.0,0.9,0.000
'260',08,11,2003,6200.0,3.3,10.1,0.764,4.8,0.0,0.8,0.000
'260',09,11,2003,5340.0,1.4,11.2,0.757,2.8,0.0,0.7,0.000
'260',10,11,2003,4410.0,3.8,14.7,0.891,2.1,0.0,0.6,0.000
'260',11,11,2003,1480.0,1.0,5.3,0.713,3.2,0.0,0.2,0.000
'260',12,11,2003,3410.0,0.2,8.0,0.719,2.9,0.6,0.4,0.054
'260',13,11,2003,4670.0,4.5,13.5,1.044,2.8,0.2,0.7,0.029
'260',14,11,2003,1660.0,5.5,8.7,0.882,4.6,0.0,0.2,0.000
'260',15,11,2003,2410.0,4.5,11.5,0.969,4.3,0.2,0.3,0.017
'260',16,11,2003,800.0,3.5,7.2,0.866,1.5,5.0,0.1,0.462
'260',17,11,2003,2540.0,4.7,9.2,0.909,4.8,1.2,0.4,0.221
'260',18,11,2003,540.0,8.8,13.0,1.250,4.4,0.9,0.1,0.163
'260',19,11,2003,1120.0,11.7,13.4,1.336,5.2,0.0,0.2,0.000
'260',20,11,2003,610.0,8.4,11.9,1.127,4.1,0.3,0.1,0.050
'260',21,11,2003,1770.0,7.7,10.8,1.056,3.2,0.0,0.3,0.000
'260',22,11,2003,2060.0,8.9,13.9,1.180,3.9,1.5,0.3,0.171
'260',23,11,2003,1280.0,9.1,14.4,1.209,2.5,4.7,0.2,0.108
'260',24,11,2003,460.0,5.7,10.0,1.037,2.1,15.1,0.1,0.487
'260',25,11,2003,3790.0,1.8,9.8,0.847,2.3,0.0,0.5,0.000
'260',26,11,2003,1560.0,5.7,10.9,0.931,5.0,1.5,0.2,0.167
'260',27,11,2003,1720.0,0.5,6.6,0.781,1.0,0.0,0.2,0.000
'260',28,11,2003,4270.0,-2.2,9.6,0.702,1.7,0.0,0.5,0.000
'260',29,11,2003,2270.0,1.8,5.9,0.636,4.5,1.4,0.3,0.054
'260',30,11,2003,660.0,3.6,8.7,0.916,3.1,1.6,0.1,0.163
'260',01,12,2003,1670.0,7.2,12.7,1.036,3.8,5.8,0.2,0.254
'260',02,12,2003,1600.0,2.9,9.0,0.838,1.8,0.0,0.2,0.000
'260',03,12,2003,1340.0,1.1,6.1,0.765,2.5,0.0,0.2,0.000
'260',04,12,2003,400.0,4.0,6.2,0.803,4.5,0.0,0.1,0.000
'260',05,12,2003,1070.0,3.4,5.7,0.772,1.9,0.0,0.1,0.000
'260',06,12,2003,2880.0,-2.9,9.3,0.546,3.6,0.8,0.4,0.062
'260',07,12,2003,4260.0,-4.0,2.1,0.375,2.9,0.0,0.4,0.000
'260',08,12,2003,4050.0,-5.8,1.9,0.419,2.4,0.0,0.4,0.000
'260',09,12,2003,3810.0,-5.6,5.3,0.370,1.7,0.0,0.4,0.000
'260',10,12,2003,3550.0,-7.3,3.5,0.421,1.8,0.0,0.3,0.000
'260',11,12,2003,700.0,-0.5,6.7,0.718,4.6,4.2,0.1,0.233
'260',12,12,2003,1680.0,-2.0,9.4,0.821,2.7,1.4,0.2,0.112
'260',13,12,2003,200.0,9.3,12.2,1.130,7.1,23.3,0.0,0.667
'260',14,12,2003,2490.0,3.4,10.1,0.775,5.4,7.7,0.3,0.229
'260',15,12,2003,2660.0,1.1,6.1,0.626,3.8,1.9,0.3,0.083
'260',16,12,2003,2010.0,1.1,7.8,0.749,2.6,0.0,0.3,0.000
'260',17,12,2003,3260.0,-1.5,7.0,0.593,3.0,0.0,0.4,0.000
'260',18,12,2003,3640.0,-2.6,5.8,0.567,2.3,0.0,0.4,0.000
'260',19,12,2003,870.0,-0.9,5.8,0.688,2.3,0.0,0.1,0.000
'260',20,12,2003,400.0,4.5,10.6,0.924,5.3,8.1,0.1,0.275
'260',21,12,2003,1300.0,0.9,8.2,0.645,6.3,7.2,0.2,0.225
'260',22,12,2003,2740.0,-0.6,4.1,0.575,2.8,1.5,0.3,0.025
'260',23,12,2003,370.0,-1.0,2.5,0.621,3.3,6.1,0.0,0.354
'260',24,12,2003,380.0,2.1,6.1,0.804,4.0,0.0,0.0,0.000
'260',25,12,2003,650.0,6.1,9.2,0.940,4.9,0.0,0.1,0.000
'260',26,12,2003,510.0,6.1,9.0,0.904,5.5,0.0,0.1,0.000
'260',27,12,2003,3030.0,5.2,9.1,0.824,5.7,1.1,0.4,0.058
'260',28,12,2003,410.0,3.3,8.8,0.828,4.3,27.0,0.1,0.521
'260',29,12,2003,1740.0,1.1,5.7,0.671,3.4,0.0,0.2,0.000
'260',30,12,2003,1690.0,0.6,5.1,0.696,1.7,0.0,0.2,0.000
'260',31,12,2003,770.0,-1.6,1.9,0.574,2.8,0.0,0.1,0.000
