* Source of data    : Royal Netherlands Meterological Institute (www.knmi.nl)
* File content      : Meteo from www.knmi.nl; input file for Swap 3.2 (www.swap.alterra.nl)
* File generated by : Alterra - Wageningen-UR (www.alterra.wur.nl)
* File generated at : 2017-02-27 11:38:43
Station,DD,MM,YYYY,Rad,Tmin,Tmax,Hum,Wind,Rain,ETref,Wet
'260',01,01,2000,930.0,3.5,8.1,0.891,2.5,1.0,0.1,0.083
'260',02,01,2000,680.0,5.4,8.7,0.967,3.7,0.0,0.1,0.000
'260',03,01,2000,350.0,6.4,9.6,1.004,6.1,4.5,0.0,0.267
'260',04,01,2000,300.0,4.3,9.4,0.901,3.8,10.9,0.0,0.342
'260',05,01,2000,3470.0,1.4,7.4,0.743,4.0,0.0,0.4,0.000
'260',06,01,2000,1120.0,4.2,9.1,0.877,5.2,1.9,0.2,0.079
'260',07,01,2000,1490.0,4.3,7.4,0.849,4.8,0.0,0.2,0.000
'260',08,01,2000,630.0,0.8,8.1,0.785,4.3,1.7,0.1,0.112
'260',09,01,2000,3540.0,-2.6,7.0,0.635,1.5,0.0,0.4,0.000
'260',10,01,2000,4270.0,-4.0,4.3,0.596,1.8,0.0,0.4,0.000
'260',11,01,2000,2950.0,-1.2,4.4,0.605,4.0,0.0,0.3,0.000
'260',12,01,2000,3600.0,-0.6,2.6,0.544,5.4,0.0,0.4,0.000
'260',13,01,2000,2270.0,-0.9,3.6,0.556,4.2,0.0,0.3,0.000
'260',14,01,2000,1220.0,1.5,4.0,0.723,2.0,0.0,0.1,0.000
'260',15,01,2000,3020.0,2.0,5.4,0.669,2.7,0.0,0.4,0.000
'260',16,01,2000,1160.0,2.7,6.9,0.806,2.6,0.3,0.1,0.037
'260',17,01,2000,820.0,4.8,7.5,0.865,4.7,0.1,0.1,0.004
'260',18,01,2000,2230.0,4.1,8.6,0.794,6.2,0.3,0.3,0.042
'260',19,01,2000,1750.0,1.3,5.6,0.672,2.9,0.1,0.2,0.012
'260',20,01,2000,920.0,3.6,6.1,0.751,3.8,1.5,0.1,0.129
'260',21,01,2000,2550.0,2.3,7.8,0.720,3.7,0.1,0.3,0.012
'260',22,01,2000,2500.0,3.0,6.1,0.760,4.0,5.3,0.3,0.217
'260',23,01,2000,2030.0,-4.0,4.4,0.531,3.3,0.0,0.2,0.000
'260',24,01,2000,6000.0,-7.7,0.9,0.314,1.7,0.0,0.6,0.000
'260',25,01,2000,3600.0,-1.4,2.8,0.506,3.1,0.0,0.4,0.000
'260',26,01,2000,3980.0,-1.1,5.5,0.631,3.3,0.0,0.5,0.000
'260',27,01,2000,860.0,0.5,3.8,0.614,5.4,0.0,0.1,0.000
'260',28,01,2000,1340.0,-0.4,5.9,0.657,7.1,0.3,0.2,0.075
'260',29,01,2000,770.0,5.5,11.3,0.951,9.4,9.5,0.1,0.271
'260',30,01,2000,1620.0,7.2,10.3,0.933,6.3,0.1,0.2,0.004
'260',31,01,2000,580.0,8.7,10.8,1.046,7.3,3.6,0.1,0.125
'260',01,02,2000,2770.0,7.6,10.2,0.932,6.9,1.4,0.4,0.088
'260',02,02,2000,4740.0,6.0,9.0,0.854,4.7,7.4,0.6,0.296
'260',03,02,2000,3540.0,3.4,9.1,0.819,3.8,0.0,0.5,0.000
'260',04,02,2000,1280.0,5.6,9.2,0.931,6.4,2.3,0.2,0.137
'260',05,02,2000,5840.0,6.1,11.8,0.837,4.9,0.0,0.8,0.000
'260',06,02,2000,1320.0,5.4,8.9,0.832,4.6,0.6,0.2,0.054
'260',07,02,2000,4030.0,6.3,9.4,0.908,6.8,6.9,0.6,0.283
'260',08,02,2000,1130.0,6.3,11.9,0.897,7.3,6.3,0.2,0.179
'260',09,02,2000,3270.0,4.9,8.5,0.735,6.3,0.0,0.4,0.000
'260',10,02,2000,1800.0,3.5,8.2,0.743,5.8,9.5,0.2,0.254
'260',11,02,2000,7440.0,0.5,8.9,0.696,3.9,0.0,0.9,0.000
'260',12,02,2000,2560.0,2.1,6.9,0.704,5.8,4.1,0.3,0.142
'260',13,02,2000,5880.0,1.5,8.3,0.680,4.3,0.0,0.7,0.000
'260',14,02,2000,6260.0,-0.8,8.0,0.610,3.7,2.5,0.8,0.133
'260',15,02,2000,4730.0,4.3,9.1,0.799,3.5,1.8,0.6,0.121
'260',16,02,2000,6330.0,0.3,6.3,0.592,5.4,14.5,0.8,0.275
'260',17,02,2000,6470.0,0.9,7.9,0.617,4.4,1.0,0.8,0.071
'260',18,02,2000,2300.0,0.8,8.4,0.738,4.8,7.2,0.3,0.325
'260',19,02,2000,2960.0,1.3,6.8,0.679,4.6,0.9,0.4,0.054
'260',20,02,2000,9170.0,-2.8,7.8,0.532,2.3,0.0,1.1,0.000
'260',21,02,2000,5570.0,-3.7,6.0,0.564,2.8,0.6,0.6,0.058
'260',22,02,2000,3790.0,-0.7,6.5,0.668,2.1,0.0,0.4,0.000
'260',23,02,2000,7340.0,-1.5,10.0,0.725,2.8,0.0,0.9,0.000
'260',24,02,2000,4940.0,4.3,9.7,0.752,4.6,11.9,0.7,0.392
'260',25,02,2000,9580.0,2.9,9.2,0.712,3.4,11.2,1.2,0.212
'260',26,02,2000,10300.0,-0.7,9.5,0.611,2.7,0.0,1.2,0.000
'260',27,02,2000,8610.0,0.6,12.3,0.683,5.5,0.0,1.2,0.000
'260',28,02,2000,1580.0,5.3,12.7,0.903,6.7,1.2,0.2,0.104
'260',29,02,2000,4920.0,3.9,8.8,0.774,6.9,11.1,0.7,0.271
'260',01,03,2000,6380.0,2.6,8.2,0.712,4.3,3.2,0.8,0.096
'260',02,03,2000,4480.0,1.4,8.2,0.709,6.8,16.2,0.6,0.417
'260',03,03,2000,5600.0,3.3,10.2,0.771,6.9,14.0,0.8,0.296
'260',04,03,2000,7950.0,-0.2,5.4,0.554,4.3,3.9,0.9,0.133
'260',05,03,2000,7570.0,-0.4,7.5,0.632,3.5,0.7,0.9,0.021
'260',06,03,2000,4090.0,3.1,8.4,0.770,6.5,0.0,0.5,0.000
'260',07,03,2000,6730.0,7.5,12.9,1.031,6.3,3.1,1.0,0.154
'260',08,03,2000,2310.0,9.5,12.9,1.196,7.3,11.8,0.3,0.208
'260',09,03,2000,4230.0,6.4,13.6,1.023,6.5,3.3,0.6,0.121
'260',10,03,2000,5680.0,0.7,9.9,0.699,3.0,1.0,0.8,0.108
'260',11,03,2000,7610.0,5.3,11.6,0.878,5.3,1.2,1.1,0.163
'260',12,03,2000,10160.0,3.9,12.3,0.842,2.0,0.0,1.4,0.000
'260',13,03,2000,3840.0,3.9,10.3,0.920,2.8,0.0,0.5,0.000
'260',14,03,2000,2820.0,3.6,10.2,0.811,5.0,4.4,0.4,0.233
'260',15,03,2000,9040.0,2.0,8.7,0.649,4.8,0.2,1.2,0.037
'260',16,03,2000,3280.0,4.9,10.4,0.950,3.3,0.2,0.5,0.021
'260',17,03,2000,4160.0,4.7,10.8,0.868,3.4,0.0,0.6,0.000
'260',18,03,2000,6920.0,5.5,9.1,0.798,4.8,3.7,0.9,0.183
'260',19,03,2000,11790.0,1.4,10.4,0.732,3.0,0.1,1.5,0.042
'260',20,03,2000,8330.0,-1.1,10.9,0.755,1.5,0.0,1.1,0.000
'260',21,03,2000,4910.0,1.4,10.1,0.761,1.0,0.0,0.6,0.000
'260',22,03,2000,14520.0,-0.7,15.8,0.754,1.5,0.0,2.0,0.000
'260',23,03,2000,14090.0,0.9,13.4,0.761,2.6,0.0,1.9,0.000
'260',24,03,2000,2590.0,4.9,12.3,1.018,2.7,4.4,0.4,0.158
'260',25,03,2000,7570.0,5.2,11.8,0.904,2.5,4.0,1.1,0.058
'260',26,03,2000,9390.0,4.4,10.5,0.793,2.8,3.3,1.2,0.150
'260',27,03,2000,5240.0,3.2,9.1,0.789,3.5,0.6,0.7,0.033
'260',28,03,2000,1800.0,2.5,5.2,0.663,4.7,0.0,0.2,0.000
'260',29,03,2000,5110.0,4.2,7.8,0.797,5.9,0.0,0.7,0.000
'260',30,03,2000,2920.0,5.6,7.8,0.845,3.6,0.0,0.4,0.000
'260',31,03,2000,3960.0,4.6,7.8,0.779,1.3,0.0,0.5,0.000
'260',01,04,2000,5420.0,3.0,8.9,0.763,1.3,0.6,0.7,0.096
'260',02,04,2000,12250.0,4.7,14.3,0.895,3.9,1.1,1.8,0.088
'260',03,04,2000,12700.0,6.8,16.8,0.942,4.0,0.0,2.0,0.000
'260',04,04,2000,9310.0,4.7,16.0,0.898,4.8,0.1,1.4,0.012
'260',05,04,2000,9430.0,1.7,7.7,0.549,6.1,0.0,1.2,0.000
'260',06,04,2000,15760.0,-2.0,10.9,0.610,3.3,0.0,2.0,0.000
'260',07,04,2000,19520.0,-1.3,13.1,0.622,2.0,0.0,2.5,0.000
'260',08,04,2000,12250.0,-2.2,12.8,0.543,1.8,0.0,1.6,0.000
'260',09,04,2000,18430.0,4.1,15.5,0.687,5.4,0.0,2.6,0.000
'260',10,04,2000,21540.0,1.5,10.4,0.543,4.2,0.0,2.8,0.000
'260',11,04,2000,17000.0,-2.4,12.4,0.568,2.3,0.0,2.2,0.000
'260',12,04,2000,8630.0,3.9,8.5,0.742,5.3,6.7,1.1,0.225
'260',13,04,2000,7110.0,3.4,9.2,0.758,5.3,2.3,0.9,0.104
'260',14,04,2000,13330.0,2.6,11.7,0.777,3.1,0.0,1.8,0.000
'260',15,04,2000,6930.0,5.5,13.6,0.889,4.9,3.9,1.0,0.158
'260',16,04,2000,15990.0,5.4,13.3,0.759,4.7,0.1,2.3,0.008
'260',17,04,2000,13510.0,6.7,15.0,0.910,5.2,4.2,2.0,0.129
'260',18,04,2000,17180.0,6.1,15.7,0.901,4.5,0.0,2.6,0.000
'260',19,04,2000,16420.0,5.2,18.0,1.028,3.0,0.0,2.5,0.000
'260',20,04,2000,11050.0,6.3,17.4,1.084,4.0,0.0,1.8,0.000
'260',21,04,2000,14310.0,9.9,18.2,1.090,3.5,0.5,2.3,0.029
'260',22,04,2000,5740.0,9.2,18.1,1.199,2.7,3.9,0.9,0.250
'260',23,04,2000,3400.0,8.6,13.3,1.220,2.0,8.9,0.5,0.317
'260',24,04,2000,15060.0,6.5,17.0,1.022,1.9,0.0,2.3,0.000
'260',25,04,2000,15820.0,6.8,20.6,1.040,4.2,0.0,2.6,0.000
'260',26,04,2000,17720.0,10.2,22.4,1.368,3.7,0.4,2.9,0.021
'260',27,04,2000,12190.0,10.8,19.5,1.349,2.8,0.4,2.0,0.033
'260',28,04,2000,20430.0,8.4,23.0,1.445,2.5,0.0,3.4,0.000
'260',29,04,2000,5320.0,10.6,14.4,1.276,2.3,5.9,0.8,0.083
'260',30,04,2000,5330.0,10.9,14.9,1.316,1.9,0.2,0.8,0.029
'260',01,05,2000,12220.0,9.6,17.1,1.311,3.4,0.0,1.9,0.000
'260',02,05,2000,4000.0,9.1,12.0,1.169,4.4,0.0,0.6,0.000
'260',03,05,2000,6440.0,10.0,14.0,1.257,3.3,0.0,1.0,0.000
'260',04,05,2000,18800.0,10.4,19.3,1.332,3.8,0.0,3.0,0.000
'260',05,05,2000,24280.0,8.9,25.3,1.020,3.8,0.0,4.3,0.000
'260',06,05,2000,21150.0,12.3,26.5,1.057,3.8,0.0,3.9,0.000
'260',07,05,2000,22800.0,13.4,27.5,1.347,3.3,0.6,4.1,0.012
'260',08,05,2000,19820.0,10.4,25.7,1.433,2.0,0.0,3.6,0.000
'260',09,05,2000,19420.0,13.6,25.6,1.585,1.7,0.0,3.5,0.000
'260',10,05,2000,17360.0,13.2,27.0,1.581,2.4,0.0,3.2,0.000
'260',11,05,2000,24160.0,13.1,25.1,1.272,4.4,0.0,4.3,0.000
'260',12,05,2000,24840.0,11.3,26.0,1.228,3.8,0.0,4.4,0.000
'260',13,05,2000,24950.0,11.2,25.3,1.020,3.0,0.0,4.4,0.000
'260',14,05,2000,27060.0,8.7,27.1,1.055,1.8,0.0,4.9,0.000
'260',15,05,2000,25630.0,10.7,28.9,1.148,2.1,0.0,4.7,0.000
'260',16,05,2000,21370.0,12.4,29.6,1.507,2.9,21.0,3.9,0.137
'260',17,05,2000,15660.0,10.5,16.8,1.104,5.5,1.2,2.5,0.058
'260',18,05,2000,15970.0,8.2,15.2,0.998,4.8,3.5,2.4,0.096
'260',19,05,2000,7920.0,6.3,13.6,1.030,3.4,4.0,1.2,0.137
'260',20,05,2000,18750.0,5.4,16.1,0.957,2.7,0.4,2.8,0.008
'260',21,05,2000,6300.0,5.6,12.3,1.049,2.3,5.8,0.9,0.292
'260',22,05,2000,10140.0,6.4,15.7,1.046,2.0,0.3,1.5,0.021
'260',23,05,2000,10980.0,6.8,18.6,1.213,3.8,4.3,1.8,0.183
'260',24,05,2000,15920.0,11.5,18.8,1.287,2.6,7.0,2.6,0.442
'260',25,05,2000,12080.0,10.3,15.3,1.103,5.7,4.9,1.9,0.179
'260',26,05,2000,16310.0,8.2,17.3,1.000,3.6,4.0,2.6,0.121
'260',27,05,2000,17950.0,10.2,17.0,1.033,7.2,0.6,2.8,0.025
'260',28,05,2000,5400.0,7.0,13.3,1.026,7.2,18.5,0.8,0.533
'260',29,05,2000,18520.0,5.4,14.8,0.932,3.8,7.9,2.7,0.117
'260',30,05,2000,15970.0,3.6,15.0,0.920,2.1,0.8,2.3,0.029
'260',31,05,2000,25420.0,3.8,18.9,0.819,1.8,0.0,4.0,0.000
'260',01,06,2000,11050.0,10.4,19.8,1.459,4.1,0.8,1.8,0.096
'260',02,06,2000,25170.0,11.1,21.5,1.410,2.9,0.0,4.3,0.000
'260',03,06,2000,19740.0,9.9,25.2,1.431,2.4,11.4,3.5,0.229
'260',04,06,2000,20020.0,8.7,21.8,1.303,3.5,0.2,3.4,0.012
'260',05,06,2000,6690.0,7.1,16.0,1.227,2.0,5.7,1.0,0.288
'260',06,06,2000,11530.0,10.1,16.3,1.239,2.8,18.3,1.8,0.046
'260',07,06,2000,17760.0,6.0,16.6,0.992,3.3,0.2,2.8,0.008
'260',08,06,2000,29610.0,5.5,22.2,1.009,3.8,0.0,4.9,0.000
'260',09,06,2000,26970.0,13.7,29.6,1.672,3.8,0.0,5.0,0.000
'260',10,06,2000,21840.0,10.8,20.7,1.353,2.8,0.0,3.7,0.000
'260',11,06,2000,18640.0,8.2,19.5,1.258,2.7,0.0,3.1,0.000
'260',12,06,2000,16760.0,10.9,21.2,1.482,4.2,0.0,2.8,0.000
'260',13,06,2000,12220.0,14.1,19.8,1.611,3.4,0.0,2.1,0.000
'260',14,06,2000,12660.0,15.1,20.5,1.652,4.1,4.1,2.2,0.171
'260',15,06,2000,20390.0,8.8,19.2,1.111,3.3,0.1,3.4,0.004
'260',16,06,2000,26770.0,6.0,18.2,0.933,2.8,0.0,4.2,0.000
'260',17,06,2000,29540.0,6.0,21.2,0.927,2.3,0.0,4.9,0.000
'260',18,06,2000,28540.0,8.7,28.7,1.184,2.2,0.0,5.3,0.000
'260',19,06,2000,28640.0,17.4,33.5,1.816,3.5,0.0,5.7,0.000
'260',20,06,2000,27640.0,17.8,33.6,2.045,2.5,0.0,5.5,0.000
'260',21,06,2000,16290.0,16.2,26.9,1.722,4.2,1.0,3.0,0.096
'260',22,06,2000,11960.0,13.4,20.0,1.374,4.4,3.4,2.0,0.088
'260',23,06,2000,10600.0,12.1,19.8,1.486,4.9,5.9,1.8,0.221
'260',24,06,2000,13650.0,11.4,17.6,1.298,3.4,8.3,2.2,0.208
'260',25,06,2000,11270.0,10.4,15.1,1.165,3.4,0.8,1.8,0.054
'260',26,06,2000,16040.0,7.1,16.1,0.945,3.4,0.0,2.5,0.000
'260',27,06,2000,21930.0,5.0,17.5,0.983,2.7,0.0,3.4,0.000
'260',28,06,2000,18600.0,6.1,17.2,0.948,2.6,0.0,2.9,0.000
'260',29,06,2000,25170.0,8.3,17.5,0.962,3.0,0.0,4.0,0.000
'260',30,06,2000,25900.0,5.5,19.4,1.024,2.0,0.0,4.2,0.000
'260',01,07,2000,6760.0,8.5,16.5,1.218,2.2,2.7,1.1,0.125
'260',02,07,2000,18810.0,14.1,24.9,1.654,1.9,0.0,3.4,0.000
'260',03,07,2000,20340.0,13.1,24.5,1.492,2.0,3.6,3.7,0.058
'260',04,07,2000,17070.0,12.2,23.5,1.500,2.1,6.7,3.0,0.058
'260',05,07,2000,6250.0,14.3,19.1,1.661,2.4,7.5,1.0,0.317
'260',06,07,2000,15580.0,13.2,20.2,1.455,2.3,0.0,2.7,0.000
'260',07,07,2000,14870.0,10.5,17.0,1.086,5.0,0.0,2.4,0.000
'260',08,07,2000,8140.0,6.4,15.8,1.135,2.7,1.2,1.3,0.067
'260',09,07,2000,3770.0,12.6,14.9,1.453,4.5,7.1,0.6,0.312
'260',10,07,2000,14340.0,12.0,19.8,1.396,5.3,7.6,2.4,0.163
'260',11,07,2000,9190.0,11.7,16.0,1.360,4.2,2.6,1.5,0.104
'260',12,07,2000,25710.0,9.5,17.7,1.065,3.5,0.0,4.1,0.000
'260',13,07,2000,5940.0,11.4,17.6,1.479,3.1,9.1,1.0,0.337
'260',14,07,2000,13110.0,10.4,16.8,1.269,3.1,7.7,2.1,0.183
'260',15,07,2000,12370.0,10.6,16.1,1.254,3.0,8.6,1.9,0.200
'260',16,07,2000,13950.0,12.5,18.2,1.413,3.0,0.0,2.3,0.000
'260',17,07,2000,7980.0,12.0,16.2,1.348,2.6,0.3,1.3,0.033
'260',18,07,2000,14810.0,12.5,17.2,1.270,3.0,0.0,2.4,0.000
'260',19,07,2000,17800.0,10.8,20.2,1.315,3.1,0.1,3.0,0.008
'260',20,07,2000,23680.0,9.1,22.2,1.268,2.4,0.0,4.0,0.000
'260',21,07,2000,11820.0,11.2,17.6,1.323,3.3,0.0,1.9,0.000
'260',22,07,2000,9850.0,10.5,19.8,1.499,2.8,0.0,1.6,0.000
'260',23,07,2000,20960.0,13.6,21.3,1.596,3.5,0.0,3.6,0.000
'260',24,07,2000,17840.0,14.6,23.8,1.756,4.9,0.0,3.2,0.000
'260',25,07,2000,12300.0,14.2,21.6,1.745,3.6,0.3,2.1,0.025
'260',26,07,2000,4520.0,13.6,17.8,1.520,1.4,0.0,0.8,0.000
'260',27,07,2000,14840.0,10.1,21.6,1.393,1.6,5.8,2.5,0.292
'260',28,07,2000,16090.0,11.5,22.1,1.516,2.4,0.0,2.8,0.000
'260',29,07,2000,7420.0,11.7,20.6,1.584,2.0,27.7,1.2,0.112
'260',30,07,2000,17180.0,10.9,22.2,1.529,1.8,0.0,2.9,0.000
'260',31,07,2000,23540.0,11.6,23.2,1.608,2.0,0.0,4.2,0.000
'260',01,08,2000,19830.0,15.3,27.7,1.809,2.5,3.9,3.7,0.125
'260',02,08,2000,21950.0,13.4,22.9,1.515,4.1,0.0,3.9,0.000
'260',03,08,2000,17980.0,13.1,22.5,1.488,3.4,7.2,3.1,0.050
'260',04,08,2000,15840.0,10.6,21.8,1.455,1.8,0.0,2.7,0.000
'260',05,08,2000,19430.0,11.7,21.7,1.433,1.8,0.0,3.3,0.000
'260',06,08,2000,14740.0,10.5,22.4,1.604,2.4,0.0,2.6,0.000
'260',07,08,2000,14760.0,15.3,22.4,1.725,2.0,0.0,2.6,0.000
'260',08,08,2000,15390.0,13.0,22.3,1.609,2.5,1.2,2.7,0.058
'260',09,08,2000,20600.0,10.7,23.8,1.551,2.0,0.0,3.6,0.000
'260',10,08,2000,7770.0,16.8,20.9,1.878,3.2,0.6,1.4,0.046
'260',11,08,2000,17810.0,12.8,23.5,1.433,2.0,0.0,3.2,0.000
'260',12,08,2000,22500.0,9.7,23.9,1.352,1.5,0.0,3.9,0.000
'260',13,08,2000,18610.0,11.9,28.9,1.698,2.8,0.0,3.5,0.000
'260',14,08,2000,14190.0,17.8,27.1,2.162,2.8,2.3,2.7,0.033
'260',15,08,2000,9650.0,11.7,22.4,1.629,3.4,0.0,1.7,0.000
'260',16,08,2000,18330.0,12.5,23.4,1.466,3.3,0.0,3.2,0.000
'260',17,08,2000,18140.0,11.5,23.3,1.303,4.1,0.2,3.2,0.012
'260',18,08,2000,16820.0,10.9,23.0,1.343,2.4,0.4,2.9,0.062
'260',19,08,2000,12150.0,14.1,24.0,1.676,2.3,2.8,2.2,0.071
'260',20,08,2000,15290.0,12.3,23.9,1.613,2.3,11.6,2.7,0.121
'260',21,08,2000,16180.0,10.7,20.3,1.333,2.0,2.2,2.7,0.079
'260',22,08,2000,15030.0,8.6,21.2,1.296,1.5,0.0,2.5,0.000
'260',23,08,2000,20960.0,9.5,21.3,1.272,3.2,0.0,3.5,0.000
'260',24,08,2000,21940.0,7.4,22.9,1.039,1.7,0.0,3.7,0.000
'260',25,08,2000,9310.0,9.7,21.2,1.414,2.1,0.0,1.6,0.000
'260',26,08,2000,18880.0,12.6,26.2,1.536,4.3,0.0,3.4,0.000
'260',27,08,2000,4620.0,12.8,20.5,1.696,1.8,6.5,0.8,0.225
'260',28,08,2000,9720.0,9.3,19.9,1.347,2.3,4.5,1.6,0.033
'260',29,08,2000,12900.0,8.7,21.4,1.347,2.2,0.0,2.1,0.000
'260',30,08,2000,17650.0,6.8,20.2,1.152,1.5,0.0,2.8,0.000
'260',31,08,2000,16310.0,7.7,20.2,1.195,1.7,0.0,2.7,0.000
'260',01,09,2000,10110.0,11.3,21.1,1.343,3.3,4.4,1.7,0.104
'260',02,09,2000,7720.0,12.4,18.1,1.504,2.7,6.2,1.3,0.183
'260',03,09,2000,12510.0,12.3,18.6,1.262,3.0,4.3,2.1,0.129
'260',04,09,2000,7670.0,10.6,16.6,1.272,2.3,0.3,1.2,0.025
'260',05,09,2000,11860.0,9.2,21.3,1.286,2.8,0.2,2.0,0.021
'260',06,09,2000,4930.0,13.2,17.1,1.372,5.0,2.8,0.8,0.117
'260',07,09,2000,9920.0,14.8,18.6,1.365,3.9,0.0,1.7,0.000
'260',08,09,2000,2150.0,15.1,19.2,1.767,4.3,0.7,0.4,0.092
'260',09,09,2000,3130.0,13.7,20.1,1.847,2.0,7.8,0.5,0.100
'260',10,09,2000,8620.0,11.6,23.2,1.714,1.2,0.0,1.5,0.000
'260',11,09,2000,16790.0,12.4,23.9,1.751,2.5,0.0,3.0,0.000
'260',12,09,2000,5620.0,14.2,21.1,1.761,3.2,0.0,1.0,0.000
'260',13,09,2000,12500.0,10.4,20.6,1.437,2.5,0.0,2.1,0.000
'260',14,09,2000,10700.0,9.4,21.0,1.392,1.4,0.0,1.8,0.000
'260',15,09,2000,9760.0,11.7,21.4,1.573,2.7,19.3,1.7,0.137
'260',16,09,2000,8980.0,12.1,20.1,1.511,2.8,0.4,1.5,0.021
'260',17,09,2000,3280.0,8.8,16.2,1.362,1.6,4.3,0.5,0.142
'260',18,09,2000,11340.0,12.2,20.3,1.482,3.7,0.0,1.9,0.000
'260',19,09,2000,14530.0,13.0,22.1,1.512,5.2,0.0,2.5,0.000
'260',20,09,2000,2590.0,13.1,17.0,1.497,2.7,1.7,0.4,0.217
'260',21,09,2000,10510.0,10.5,18.5,1.346,2.0,0.1,1.7,0.008
'260',22,09,2000,11520.0,9.0,21.1,1.444,3.1,0.0,1.9,0.000
'260',23,09,2000,14410.0,12.2,20.8,1.473,3.8,0.0,2.5,0.000
'260',24,09,2000,14000.0,9.7,20.0,1.261,4.0,0.6,2.3,0.067
'260',25,09,2000,11280.0,11.4,20.5,1.391,2.4,0.3,1.9,0.021
'260',26,09,2000,8660.0,13.1,23.2,1.577,2.8,6.5,1.5,0.142
'260',27,09,2000,10230.0,13.9,20.3,1.537,3.7,3.1,1.7,0.037
'260',28,09,2000,3130.0,14.6,17.2,1.605,4.3,3.3,0.5,0.308
'260',29,09,2000,5560.0,14.5,19.6,1.679,2.3,0.1,1.0,0.012
'260',30,09,2000,8030.0,12.9,19.6,1.603,2.1,2.3,1.4,0.217
'260',01,10,2000,2130.0,10.3,16.3,1.482,1.6,6.1,0.3,0.233
'260',02,10,2000,7690.0,9.7,16.7,1.337,2.9,0.3,1.2,0.025
'260',03,10,2000,6870.0,7.9,16.6,1.141,3.0,0.0,1.1,0.000
'260',04,10,2000,2130.0,9.2,15.6,1.320,2.9,1.3,0.3,0.096
'260',05,10,2000,6150.0,8.4,18.0,1.237,2.8,4.8,0.9,0.137
'260',06,10,2000,8020.0,4.9,14.0,0.932,2.5,8.1,1.1,0.275
'260',07,10,2000,11420.0,3.9,14.5,0.891,2.2,0.0,1.6,0.000
'260',08,10,2000,1620.0,5.5,12.6,1.085,3.8,4.6,0.2,0.188
'260',09,10,2000,9480.0,3.0,14.6,0.927,3.7,1.0,1.4,0.092
'260',10,10,2000,5450.0,7.7,12.1,0.999,6.9,8.0,0.8,0.288
'260',11,10,2000,5830.0,7.8,13.6,1.009,7.1,8.7,0.9,0.225
'260',12,10,2000,9160.0,8.8,15.2,1.077,5.1,1.7,1.4,0.046
'260',13,10,2000,9320.0,6.7,16.4,1.139,3.2,0.0,1.4,0.000
'260',14,10,2000,3290.0,6.2,12.3,1.096,2.0,0.0,0.5,0.000
'260',15,10,2000,3040.0,7.8,12.7,1.205,2.7,0.4,0.4,0.125
'260',16,10,2000,1800.0,10.7,15.5,1.321,4.9,4.6,0.3,0.342
'260',17,10,2000,8630.0,4.1,15.6,0.950,3.2,0.3,1.3,0.025
'260',18,10,2000,3140.0,4.5,12.2,0.997,4.2,1.0,0.5,0.071
'260',19,10,2000,6390.0,4.0,16.3,0.981,2.6,6.3,1.0,0.204
'260',20,10,2000,7090.0,3.6,16.2,1.104,4.1,0.0,1.1,0.000
'260',21,10,2000,5250.0,12.1,18.4,1.468,3.5,0.0,0.9,0.000
'260',22,10,2000,6630.0,10.4,19.2,1.465,2.3,0.0,1.1,0.000
'260',23,10,2000,5850.0,11.2,19.8,1.506,4.5,17.0,1.0,0.067
'260',24,10,2000,2680.0,11.4,14.5,1.253,5.3,0.2,0.4,0.017
'260',25,10,2000,1530.0,8.7,15.2,1.154,6.2,1.5,0.2,0.096
'260',26,10,2000,7190.0,7.6,13.7,1.039,3.9,3.4,1.1,0.137
'260',27,10,2000,900.0,7.7,12.8,1.220,5.0,7.9,0.1,0.392
'260',28,10,2000,1050.0,11.6,14.4,1.356,5.6,2.9,0.2,0.312
'260',29,10,2000,5280.0,8.1,13.1,1.010,8.2,2.9,0.8,0.121
'260',30,10,2000,620.0,7.9,13.5,1.079,10.3,11.6,0.1,0.308
'260',31,10,2000,2110.0,7.3,12.0,0.973,7.0,0.9,0.3,0.062
'260',01,11,2000,1790.0,5.8,10.0,0.934,5.6,8.1,0.2,0.167
'260',02,11,2000,2710.0,5.3,11.4,0.949,5.8,7.3,0.4,0.163
'260',03,11,2000,6150.0,5.2,11.4,0.863,4.5,0.0,0.8,0.000
'260',04,11,2000,5590.0,3.8,11.1,0.888,4.1,1.4,0.7,0.096
'260',05,11,2000,5930.0,3.9,10.5,0.855,4.9,0.0,0.8,0.000
'260',06,11,2000,2790.0,7.0,11.6,0.913,7.2,4.3,0.4,0.192
'260',07,11,2000,1250.0,6.5,9.6,0.944,4.7,1.1,0.2,0.083
'260',08,11,2000,1050.0,6.9,9.4,0.981,5.6,3.6,0.1,0.154
'260',09,11,2000,1100.0,7.1,9.0,0.995,5.4,22.3,0.2,0.433
'260',10,11,2000,1880.0,5.3,9.1,0.919,5.1,6.2,0.3,0.196
'260',11,11,2000,2530.0,5.8,10.5,0.883,6.3,0.8,0.4,0.058
'260',12,11,2000,560.0,7.9,9.8,0.946,5.7,9.1,0.1,0.479
'260',13,11,2000,2610.0,5.9,10.1,0.974,3.3,0.0,0.4,0.000
'260',14,11,2000,3150.0,1.6,9.4,0.847,2.6,0.0,0.4,0.000
'260',15,11,2000,980.0,3.6,7.5,0.840,3.9,2.5,0.1,0.108
'260',16,11,2000,1670.0,5.1,9.2,0.897,5.1,3.9,0.2,0.267
'260',17,11,2000,3860.0,2.1,8.2,0.803,3.3,4.4,0.5,0.125
'260',18,11,2000,3530.0,3.0,8.4,0.823,5.4,2.9,0.5,0.104
'260',19,11,2000,1520.0,7.6,11.6,1.080,5.7,6.5,0.2,0.217
'260',20,11,2000,1360.0,3.9,7.9,0.835,4.3,6.1,0.2,0.179
'260',21,11,2000,1440.0,3.9,7.9,0.793,5.7,2.8,0.2,0.112
'260',22,11,2000,2870.0,6.1,11.1,0.912,5.9,0.2,0.4,0.004
'260',23,11,2000,900.0,4.2,11.3,0.989,4.3,4.4,0.1,0.242
'260',24,11,2000,2470.0,4.4,9.2,0.864,4.5,0.3,0.3,0.025
'260',25,11,2000,2210.0,4.1,9.6,0.865,5.8,8.0,0.3,0.171
'260',26,11,2000,1940.0,6.2,9.4,0.949,5.8,2.5,0.3,0.096
'260',27,11,2000,3590.0,4.4,8.6,0.875,4.3,1.0,0.5,0.021
'260',28,11,2000,1080.0,7.2,14.8,1.218,5.4,7.9,0.2,0.183
'260',29,11,2000,2780.0,9.4,13.6,1.162,3.9,0.0,0.4,0.000
'260',30,11,2000,3840.0,8.6,12.4,1.123,3.5,0.0,0.6,0.000
'260',01,12,2000,1640.0,9.7,13.5,1.144,5.2,1.2,0.3,0.112
'260',02,12,2000,1870.0,8.1,12.5,1.174,3.4,1.5,0.3,0.046
'260',03,12,2000,2750.0,4.3,10.8,0.945,3.8,7.8,0.4,0.221
'260',04,12,2000,1730.0,3.9,9.4,0.846,5.4,0.6,0.2,0.046
'260',05,12,2000,2800.0,6.4,12.2,0.956,4.8,0.2,0.4,0.021
'260',06,12,2000,1480.0,8.3,12.3,1.136,4.4,2.6,0.2,0.071
'260',07,12,2000,1940.0,7.4,11.7,1.110,4.7,1.4,0.3,0.092
'260',08,12,2000,1740.0,9.9,14.9,1.155,6.7,1.2,0.3,0.067
'260',09,12,2000,2220.0,7.4,11.1,0.971,5.8,0.0,0.3,0.000
'260',10,12,2000,680.0,7.1,11.7,0.976,6.7,7.0,0.1,0.204
'260',11,12,2000,1610.0,9.5,13.4,1.145,7.3,10.5,0.2,0.279
'260',12,12,2000,380.0,12.2,13.9,1.292,6.8,6.3,0.1,0.250
'260',13,12,2000,1010.0,9.2,12.9,1.037,10.2,2.7,0.2,0.112
'260',14,12,2000,1820.0,5.2,10.0,0.870,5.5,3.9,0.2,0.129
'260',15,12,2000,1420.0,3.8,7.2,0.798,4.8,12.8,0.2,0.388
'260',16,12,2000,1070.0,3.1,5.1,0.723,4.1,8.6,0.1,0.271
'260',17,12,2000,3350.0,-0.5,5.5,0.671,2.6,0.3,0.4,0.029
'260',18,12,2000,810.0,0.6,4.2,0.673,2.3,0.0,0.1,0.000
'260',19,12,2000,3360.0,0.8,6.2,0.690,4.0,0.0,0.4,0.000
'260',20,12,2000,2990.0,0.3,3.1,0.549,6.2,0.0,0.3,0.000
'260',21,12,2000,3990.0,-2.2,2.5,0.438,4.9,0.0,0.4,0.000
'260',22,12,2000,3930.0,-4.7,1.0,0.417,2.8,0.0,0.4,0.000
'260',23,12,2000,3560.0,-6.6,1.8,0.454,1.4,0.1,0.3,0.021
'260',24,12,2000,810.0,0.0,1.1,0.617,2.8,4.8,0.1,0.454
'260',25,12,2000,2850.0,-3.8,0.9,0.455,6.0,0.2,0.3,0.042
'260',26,12,2000,1930.0,-4.6,-0.7,0.401,4.5,0.0,0.2,0.000
'260',27,12,2000,820.0,-1.6,-0.4,0.527,3.0,2.1,0.1,0.583
'260',28,12,2000,1740.0,-2.0,2.7,0.557,4.2,1.6,0.2,0.146
'260',29,12,2000,2830.0,-1.3,3.3,0.573,5.3,4.7,0.3,0.167
'260',30,12,2000,1670.0,-0.7,3.5,0.622,2.8,9.4,0.2,0.175
'260',31,12,2000,3030.0,-4.5,2.3,0.499,3.7,0.0,0.3,0.000
