* Source of data    : Royal Netherlands Meterological Institute (www.knmi.nl)
* File content      : Meteo from www.knmi.nl; input file for Swap 3.2 (www.swap.alterra.nl)
* File generated by : Alterra - Wageningen-UR (www.alterra.wur.nl)
* File generated at : 2017-02-27 11:38:43
Station,DD,MM,YYYY,Rad,Tmin,Tmax,Hum,Wind,Rain,ETref,Wet
'260',01,01,1986,990.0,-5.5,-0.9,0.445,4.6,0.0,0.1,0.000
'260',02,01,1986,1240.0,-1.6,4.6,0.646,4.6,8.7,0.1,0.496
'260',03,01,1986,700.0,-2.0,4.7,0.663,2.6,4.4,0.1,0.467
'260',04,01,1986,2800.0,-3.5,3.0,0.538,2.6,0.7,0.3,0.108
'260',05,01,1986,370.0,0.1,1.6,0.609,4.1,11.9,0.0,0.438
'260',06,01,1986,2260.0,-1.3,2.2,0.586,1.5,0.9,0.2,0.067
'260',07,01,1986,1370.0,-7.6,-0.9,0.444,2.1,0.0,0.1,0.000
'260',08,01,1986,2050.0,-3.8,-0.8,0.439,4.6,0.0,0.2,0.000
'260',09,01,1986,2880.0,-6.8,-2.1,0.393,2.6,0.0,0.3,0.000
'260',10,01,1986,590.0,-4.9,6.2,0.651,5.1,6.8,0.1,0.225
'260',11,01,1986,2650.0,2.5,6.3,0.748,4.6,0.0,0.3,0.000
'260',12,01,1986,1880.0,2.6,6.4,0.705,5.7,0.0,0.2,0.000
'260',13,01,1986,1000.0,5.0,9.8,0.926,6.7,5.2,0.1,0.192
'260',14,01,1986,1590.0,4.3,9.7,0.737,7.7,4.9,0.2,0.146
'260',15,01,1986,2260.0,0.0,6.7,0.664,5.1,2.1,0.3,0.171
'260',16,01,1986,3180.0,0.8,4.8,0.562,3.6,0.0,0.4,0.000
'260',17,01,1986,3570.0,-1.7,5.2,0.537,2.1,0.0,0.4,0.000
'260',18,01,1986,410.0,0.0,9.5,0.819,5.7,8.5,0.1,0.267
'260',19,01,1986,400.0,5.4,11.0,0.940,8.7,15.3,0.1,0.513
'260',20,01,1986,4280.0,4.5,7.8,0.769,6.7,0.0,0.6,0.000
'260',21,01,1986,900.0,5.4,7.1,0.791,7.2,3.7,0.1,0.137
'260',22,01,1986,3890.0,3.1,8.3,0.762,7.2,9.2,0.5,0.346
'260',23,01,1986,3310.0,2.7,8.4,0.709,6.2,4.4,0.4,0.137
'260',24,01,1986,3190.0,1.4,5.0,0.609,5.1,2.4,0.4,0.104
'260',25,01,1986,5200.0,-0.1,5.4,0.576,4.1,0.3,0.6,0.008
'260',26,01,1986,5270.0,-4.4,4.6,0.432,1.5,0.0,0.6,0.000
'260',27,01,1986,1030.0,-5.3,-0.1,0.462,3.1,0.0,0.1,0.000
'260',28,01,1986,4940.0,-1.4,4.3,0.576,4.1,2.0,0.6,0.117
'260',29,01,1986,3600.0,0.1,3.4,0.510,5.7,0.0,0.4,0.000
'260',30,01,1986,3910.0,-1.7,2.5,0.528,4.6,0.0,0.4,0.000
'260',31,01,1986,1140.0,0.9,2.5,0.541,7.7,0.0,0.1,0.000
'260',01,02,1986,530.0,0.8,3.7,0.591,7.7,0.0,0.1,0.000
'260',02,02,1986,610.0,0.0,3.3,0.603,5.7,0.0,0.1,0.000
'260',03,02,1986,870.0,-1.2,0.0,0.502,5.7,0.0,0.1,0.000
'260',04,02,1986,5890.0,-4.0,0.1,0.391,5.7,0.0,0.6,0.000
'260',05,02,1986,7140.0,-6.2,0.0,0.358,3.6,0.0,0.7,0.000
'260',06,02,1986,4250.0,-6.3,-2.1,0.310,4.6,0.0,0.4,0.000
'260',07,02,1986,6120.0,-5.8,0.1,0.346,4.1,0.0,0.6,0.000
'260',08,02,1986,6030.0,-7.3,-2.8,0.310,3.6,0.0,0.5,0.000
'260',09,02,1986,6010.0,-10.5,-5.9,0.234,2.6,0.0,0.4,0.000
'260',10,02,1986,2980.0,-7.2,-0.8,0.376,4.6,0.0,0.3,0.000
'260',11,02,1986,4230.0,-2.6,0.7,0.490,3.6,0.0,0.4,0.000
'260',12,02,1986,8320.0,-5.5,2.6,0.361,3.6,0.0,0.8,0.000
'260',13,02,1986,8670.0,-7.7,3.0,0.251,4.6,0.0,0.8,0.000
'260',14,02,1986,4330.0,-6.4,0.0,0.361,5.7,0.0,0.4,0.000
'260',15,02,1986,7450.0,-6.1,1.1,0.383,5.1,0.0,0.7,0.000
'260',16,02,1986,4600.0,-6.6,-0.6,0.391,5.1,0.0,0.4,0.000
'260',17,02,1986,8230.0,-5.3,2.3,0.331,7.7,0.0,0.8,0.000
'260',18,02,1986,2720.0,-6.6,-0.6,0.406,4.6,0.0,0.3,0.000
'260',19,02,1986,2530.0,-6.9,-1.5,0.352,4.1,0.0,0.2,0.000
'260',20,02,1986,8620.0,-11.6,-1.3,0.270,1.5,0.0,0.7,0.000
'260',21,02,1986,10950.0,-14.6,-1.9,0.235,1.0,0.0,0.8,0.000
'260',22,02,1986,4210.0,-14.4,-1.8,0.298,2.1,0.4,0.3,0.042
'260',23,02,1986,10900.0,-9.6,-2.0,0.308,3.6,0.0,0.9,0.000
'260',24,02,1986,9670.0,-13.1,1.4,0.311,3.1,0.0,0.8,0.000
'260',25,02,1986,7750.0,-7.6,-0.9,0.311,4.6,0.0,0.7,0.000
'260',26,02,1986,11880.0,-10.4,-0.2,0.228,5.1,0.0,1.0,0.000
'260',27,02,1986,12130.0,-11.3,1.9,0.208,5.1,0.0,1.0,0.000
'260',28,02,1986,8200.0,-6.7,2.5,0.197,7.7,0.0,0.8,0.000
'260',01,03,1986,4440.0,-2.6,0.4,0.315,6.2,0.0,0.4,0.000
'260',02,03,1986,9900.0,-6.8,3.1,0.341,4.6,0.0,1.0,0.000
'260',03,03,1986,10350.0,-8.1,3.4,0.385,2.1,0.0,1.0,0.000
'260',04,03,1986,2300.0,-8.1,4.8,0.502,5.1,5.0,0.2,0.292
'260',05,03,1986,1460.0,4.6,7.8,0.923,6.7,5.2,0.2,0.304
'260',06,03,1986,8590.0,0.9,8.0,0.707,3.1,0.0,1.1,0.000
'260',07,03,1986,10420.0,-1.7,9.0,0.654,2.6,0.0,1.2,0.000
'260',08,03,1986,9610.0,-1.7,6.5,0.615,2.1,0.0,1.1,0.000
'260',09,03,1986,8510.0,-1.7,7.7,0.595,1.5,0.0,1.0,0.000
'260',10,03,1986,12150.0,-2.1,8.3,0.607,2.1,0.0,1.4,0.000
'260',11,03,1986,6520.0,-2.4,6.9,0.589,1.5,0.0,0.7,0.000
'260',12,03,1986,1900.0,1.6,3.1,0.660,2.1,0.0,0.2,0.000
'260',13,03,1986,3840.0,-0.1,5.6,0.605,2.1,0.0,0.5,0.000
'260',14,03,1986,7780.0,-1.2,6.7,0.585,1.5,0.0,0.9,0.000
'260',15,03,1986,13000.0,-1.5,10.7,0.632,2.6,0.0,1.6,0.000
'260',16,03,1986,10870.0,1.5,11.7,0.674,2.6,0.0,1.4,0.000
'260',17,03,1986,3960.0,0.2,8.9,0.791,1.0,0.4,0.5,0.079
'260',18,03,1986,9220.0,3.4,16.1,0.829,3.1,0.8,1.3,0.012
'260',19,03,1986,13240.0,4.2,15.8,0.854,3.1,0.3,1.9,0.058
'260',20,03,1986,4750.0,4.6,8.9,0.736,5.1,1.9,0.6,0.196
'260',21,03,1986,7180.0,1.6,7.9,0.669,3.6,0.0,0.9,0.000
'260',22,03,1986,3360.0,2.8,8.5,0.736,6.2,8.3,0.4,0.354
'260',23,03,1986,11390.0,4.1,9.4,0.709,7.7,10.5,1.6,0.212
'260',24,03,1986,5370.0,1.5,11.0,0.721,8.7,10.9,0.7,0.354
'260',25,03,1986,11540.0,2.3,7.9,0.578,7.7,0.1,1.5,0.017
'260',26,03,1986,8740.0,3.2,9.4,0.717,4.6,0.0,1.1,0.000
'260',27,03,1986,8460.0,4.8,13.5,0.881,7.7,3.5,1.2,0.396
'260',28,03,1986,11080.0,6.3,11.8,0.871,7.2,8.3,1.6,0.238
'260',29,03,1986,6460.0,4.2,10.1,0.763,5.1,2.3,0.9,0.092
'260',30,03,1986,8890.0,1.9,7.4,0.661,6.7,4.5,1.1,0.238
'260',31,03,1986,5350.0,1.1,9.7,0.745,3.6,3.4,0.7,0.154
'260',01,04,1986,8670.0,-0.1,8.5,0.643,5.1,0.0,1.1,0.000
'260',02,04,1986,10370.0,-0.4,10.4,0.615,2.1,0.0,1.3,0.000
'260',03,04,1986,11940.0,-0.4,8.5,0.613,3.1,0.0,1.4,0.000
'260',04,04,1986,7410.0,0.7,7.3,0.600,3.6,0.0,0.9,0.000
'260',05,04,1986,13610.0,-1.1,9.0,0.575,3.1,0.2,1.7,0.012
'260',06,04,1986,14090.0,0.6,9.9,0.528,5.1,0.0,1.8,0.000
'260',07,04,1986,2220.0,1.6,7.2,0.773,5.7,1.9,0.3,0.125
'260',08,04,1986,2720.0,3.5,6.6,0.795,5.1,0.0,0.3,0.000
'260',09,04,1986,2900.0,3.3,6.6,0.681,7.2,0.0,0.4,0.000
'260',10,04,1986,8920.0,-0.9,6.6,0.536,6.7,0.0,1.1,0.000
'260',11,04,1986,14130.0,-4.7,3.6,0.343,4.1,0.0,1.5,0.000
'260',12,04,1986,20020.0,-6.6,6.1,0.364,1.5,0.0,2.1,0.000
'260',13,04,1986,13550.0,-3.9,7.0,0.447,1.5,0.0,1.5,0.000
'260',14,04,1986,4080.0,1.5,7.1,0.751,3.1,4.4,0.5,0.133
'260',15,04,1986,7780.0,3.6,10.4,0.817,4.6,2.0,1.1,0.033
'260',16,04,1986,13450.0,5.6,13.7,0.855,4.6,1.1,1.9,0.012
'260',17,04,1986,10370.0,2.8,12.6,0.818,3.1,1.7,1.4,0.092
'260',18,04,1986,13400.0,1.8,10.1,0.758,2.1,0.0,1.7,0.000
'260',19,04,1986,5490.0,2.2,8.8,0.731,2.6,0.0,0.7,0.000
'260',20,04,1986,5450.0,1.3,9.0,0.757,3.6,3.7,0.7,0.192
'260',21,04,1986,8520.0,3.7,11.7,0.842,4.6,0.9,1.2,0.100
'260',22,04,1986,16240.0,4.1,13.6,0.644,6.2,0.0,2.3,0.000
'260',23,04,1986,16190.0,4.1,14.0,0.700,4.1,0.0,2.3,0.000
'260',24,04,1986,9790.0,3.6,13.5,0.871,3.1,0.1,1.4,0.004
'260',25,04,1986,15560.0,3.9,16.9,0.786,2.1,0.0,2.3,0.000
'260',26,04,1986,12650.0,5.1,16.3,0.972,3.6,0.0,1.9,0.000
'260',27,04,1986,10740.0,7.1,14.5,1.041,2.6,10.8,1.6,0.150
'260',28,04,1986,8910.0,5.7,14.0,0.985,1.5,0.0,1.3,0.000
'260',29,04,1986,11850.0,2.2,14.3,0.912,2.1,0.0,1.7,0.000
'260',30,04,1986,20890.0,4.1,15.9,0.789,1.5,0.0,3.0,0.000
'260',01,05,1986,24350.0,3.2,20.0,0.731,2.6,0.0,3.9,0.000
'260',02,05,1986,21910.0,11.3,24.6,1.081,4.6,0.0,3.9,0.000
'260',03,05,1986,17890.0,9.2,25.4,1.190,3.6,5.2,3.1,0.100
'260',04,05,1986,21430.0,8.5,17.2,0.994,2.6,4.7,3.4,0.163
'260',05,05,1986,15230.0,7.9,21.8,1.195,3.1,0.4,2.5,0.004
'260',06,05,1986,10640.0,6.7,17.8,1.098,3.6,5.4,1.7,0.117
'260',07,05,1986,20250.0,8.4,17.0,1.019,4.1,1.1,3.2,0.071
'260',08,05,1986,14510.0,6.5,14.4,0.968,3.6,3.7,2.2,0.029
'260',09,05,1986,9790.0,8.8,15.6,1.125,3.6,3.0,1.5,0.158
'260',10,05,1986,4820.0,10.4,16.4,1.308,5.1,8.1,0.8,0.317
'260',11,05,1986,12450.0,8.6,15.4,1.065,6.2,0.0,1.9,0.000
'260',12,05,1986,20270.0,8.4,22.0,1.076,3.6,0.0,3.3,0.000
'260',13,05,1986,18720.0,9.4,17.3,1.058,3.6,0.3,2.9,0.008
'260',14,05,1986,16100.0,9.7,16.3,1.061,3.1,0.1,2.5,0.012
'260',15,05,1986,11820.0,7.8,12.5,0.893,5.1,4.3,1.7,0.167
'260',16,05,1986,20790.0,5.7,15.7,0.854,3.1,0.0,3.1,0.000
'260',17,05,1986,18580.0,4.1,20.1,0.867,3.1,0.0,3.0,0.000
'260',18,05,1986,23110.0,8.2,18.5,1.086,3.6,0.2,3.8,0.021
'260',19,05,1986,26000.0,6.0,21.0,1.063,1.5,0.0,4.2,0.000
'260',20,05,1986,23920.0,10.0,24.8,1.225,3.6,3.8,4.3,0.067
'260',21,05,1986,21870.0,10.7,21.0,1.183,5.7,1.2,3.6,0.050
'260',22,05,1986,22730.0,8.6,17.6,0.995,4.1,0.0,3.6,0.000
'260',23,05,1986,8000.0,10.1,17.3,1.288,1.5,1.0,1.3,0.054
'260',24,05,1986,19350.0,9.3,16.1,1.060,3.6,0.0,3.0,0.000
'260',25,05,1986,27010.0,8.2,21.9,1.131,4.1,0.0,4.4,0.000
'260',26,05,1986,27510.0,8.7,23.4,1.153,2.6,0.0,4.6,0.000
'260',27,05,1986,12020.0,9.0,18.7,1.176,4.6,0.0,1.9,0.000
'260',28,05,1986,17780.0,4.8,15.7,0.863,2.1,0.0,2.7,0.000
'260',29,05,1986,18010.0,5.2,16.0,0.892,2.6,1.2,2.7,0.075
'260',30,05,1986,22150.0,4.3,15.1,0.823,2.6,0.0,3.2,0.000
'260',31,05,1986,19530.0,1.3,17.0,0.830,1.5,0.0,2.9,0.000
'260',01,06,1986,4240.0,8.8,13.3,1.130,1.5,1.0,0.6,0.079
'260',02,06,1986,18560.0,6.9,19.8,1.063,1.5,0.0,2.9,0.000
'260',03,06,1986,6080.0,6.7,17.3,1.271,3.1,8.0,0.9,0.250
'260',04,06,1986,18660.0,7.2,13.4,0.867,5.1,1.7,2.7,0.058
'260',05,06,1986,10580.0,8.2,12.0,0.976,4.1,1.3,1.5,0.112
'260',06,06,1986,8320.0,8.4,13.6,1.038,4.6,13.0,1.2,0.367
'260',07,06,1986,4680.0,7.2,11.1,0.998,4.1,6.0,0.7,0.304
'260',08,06,1986,14520.0,8.6,14.9,1.011,3.1,0.0,2.2,0.000
'260',09,06,1986,24330.0,9.3,23.3,1.239,3.1,0.0,4.2,0.000
'260',10,06,1986,23490.0,10.6,27.0,1.310,4.1,1.5,4.0,0.025
'260',11,06,1986,16550.0,9.9,16.9,1.032,2.6,2.9,2.6,0.042
'260',12,06,1986,26360.0,7.8,17.5,0.993,3.1,0.0,4.1,0.000
'260',13,06,1986,29670.0,5.7,20.0,0.985,2.6,0.0,4.8,0.000
'260',14,06,1986,29710.0,8.5,24.5,0.956,3.6,0.0,5.2,0.000
'260',15,06,1986,27820.0,13.3,27.7,1.309,5.1,0.0,5.2,0.000
'260',16,06,1986,26210.0,15.8,30.3,1.777,2.1,0.0,5.1,0.000
'260',17,06,1986,21770.0,16.1,28.4,1.894,2.6,0.0,4.1,0.000
'260',18,06,1986,24680.0,10.0,19.6,1.164,3.1,0.0,4.1,0.000
'260',19,06,1986,24920.0,8.9,23.3,1.305,3.6,0.0,4.3,0.000
'260',20,06,1986,26050.0,11.6,24.5,1.476,5.1,0.0,4.5,0.000
'260',21,06,1986,22800.0,11.0,21.2,1.429,3.6,0.0,3.8,0.000
'260',22,06,1986,28700.0,11.5,26.5,1.296,3.6,0.0,5.2,0.000
'260',23,06,1986,22040.0,13.7,27.1,1.657,3.6,4.4,4.1,0.083
'260',24,06,1986,5420.0,10.7,17.7,1.393,3.1,0.0,0.9,0.000
'260',25,06,1986,22690.0,9.3,23.6,1.285,3.1,0.0,4.0,0.000
'260',26,06,1986,24500.0,13.2,27.3,1.493,4.1,0.0,4.5,0.000
'260',27,06,1986,26430.0,15.4,29.6,1.527,3.6,0.0,5.1,0.000
'260',28,06,1986,28500.0,15.3,28.4,1.267,4.1,0.0,5.3,0.000
'260',29,06,1986,28910.0,13.0,28.0,1.328,3.6,0.0,5.3,0.000
'260',30,06,1986,28510.0,15.5,28.6,1.508,3.6,0.0,5.4,0.000
'260',01,07,1986,25970.0,15.7,30.7,1.752,2.6,0.0,5.0,0.000
'260',02,07,1986,21940.0,15.4,30.5,1.831,2.1,0.0,4.2,0.000
'260',03,07,1986,24500.0,14.8,26.8,1.758,3.1,0.0,4.5,0.000
'260',04,07,1986,22910.0,12.3,24.1,1.414,4.1,0.0,4.1,0.000
'260',05,07,1986,7460.0,14.0,22.1,1.605,3.6,4.8,1.3,0.283
'260',06,07,1986,14060.0,13.0,20.6,1.435,2.6,1.8,2.4,0.137
'260',07,07,1986,19060.0,9.9,20.3,1.199,3.1,1.3,3.2,0.033
'260',08,07,1986,27040.0,9.9,20.8,1.108,2.6,0.0,4.6,0.000
'260',09,07,1986,20860.0,11.2,19.3,1.091,3.1,0.0,3.5,0.000
'260',10,07,1986,11810.0,12.1,19.0,1.285,3.1,0.0,2.0,0.000
'260',11,07,1986,22880.0,8.6,20.6,1.114,2.6,0.0,3.7,0.000
'260',12,07,1986,20340.0,6.1,19.4,1.011,2.6,0.0,3.2,0.000
'260',13,07,1986,25530.0,9.4,19.9,1.066,2.6,0.0,4.2,0.000
'260',14,07,1986,9430.0,9.2,21.4,1.468,2.1,0.5,1.6,0.025
'260',15,07,1986,15100.0,13.3,24.8,1.703,1.5,0.0,2.7,0.000
'260',16,07,1986,23610.0,12.7,29.1,1.661,1.5,0.0,4.4,0.000
'260',17,07,1986,21330.0,9.9,25.1,1.442,3.1,0.0,3.8,0.000
'260',18,07,1986,18580.0,9.2,20.3,1.148,2.6,0.0,3.1,0.000
'260',19,07,1986,19600.0,8.8,20.5,1.105,1.5,0.0,3.2,0.000
'260',20,07,1986,14490.0,8.1,21.7,1.141,3.1,0.0,2.4,0.000
'260',21,07,1986,12150.0,12.9,22.1,1.605,2.6,0.0,2.1,0.000
'260',22,07,1986,11520.0,11.3,20.4,1.394,2.1,2.2,1.9,0.046
'260',23,07,1986,18280.0,9.6,20.5,1.086,2.6,0.9,3.0,0.071
'260',24,07,1986,13790.0,9.5,18.6,1.175,4.1,23.0,2.2,0.208
'260',25,07,1986,4650.0,12.3,16.6,1.466,3.1,8.2,0.8,0.317
'260',26,07,1986,7230.0,14.0,19.9,1.678,3.1,0.5,1.2,0.075
'260',27,07,1986,24360.0,16.0,23.4,1.723,3.6,0.0,4.3,0.000
'260',28,07,1986,18230.0,15.8,26.9,1.898,2.1,0.0,3.4,0.000
'260',29,07,1986,13450.0,16.5,21.7,1.612,5.1,0.0,2.4,0.000
'260',30,07,1986,18780.0,11.8,22.9,1.383,2.1,0.0,3.3,0.000
'260',31,07,1986,15180.0,13.6,22.0,1.357,4.6,0.0,2.6,0.000
'260',01,08,1986,20610.0,13.7,21.6,1.206,3.1,0.0,3.6,0.000
'260',02,08,1986,17050.0,10.2,23.0,1.362,3.6,0.0,3.0,0.000
'260',03,08,1986,20830.0,10.1,29.8,1.550,3.1,3.2,3.8,0.008
'260',04,08,1986,11760.0,13.8,21.1,1.599,3.1,3.9,2.1,0.125
'260',05,08,1986,20110.0,9.4,19.8,1.155,3.6,0.0,3.3,0.000
'260',06,08,1986,24170.0,8.1,25.1,1.092,2.6,0.0,4.2,0.000
'260',07,08,1986,15300.0,14.1,20.7,1.323,5.1,0.0,2.7,0.000
'260',08,08,1986,11010.0,9.6,19.4,1.296,3.6,0.0,1.8,0.000
'260',09,08,1986,14900.0,9.0,21.8,1.305,1.5,0.0,2.5,0.000
'260',10,08,1986,19970.0,11.0,23.8,1.287,3.6,0.0,3.5,0.000
'260',11,08,1986,16370.0,11.1,23.2,1.328,3.6,0.0,2.8,0.000
'260',12,08,1986,14700.0,11.5,20.8,1.457,4.1,0.0,2.5,0.000
'260',13,08,1986,20900.0,10.1,22.9,1.302,1.5,0.0,3.6,0.000
'260',14,08,1986,18280.0,11.9,25.8,1.445,2.6,0.0,3.3,0.000
'260',15,08,1986,17080.0,15.2,22.2,1.413,4.1,0.0,3.0,0.000
'260',16,08,1986,18900.0,12.6,20.6,1.280,4.1,0.0,3.2,0.000
'260',17,08,1986,15740.0,12.3,21.2,1.350,2.6,0.0,2.6,0.000
'260',18,08,1986,12410.0,12.3,18.8,1.230,3.6,0.0,2.1,0.000
'260',19,08,1986,10180.0,11.7,18.4,1.236,3.1,2.2,1.7,0.117
'260',20,08,1986,14300.0,6.9,17.7,1.060,3.1,3.9,2.3,0.121
'260',21,08,1986,17560.0,4.8,20.3,0.942,2.1,0.0,2.8,0.000
'260',22,08,1986,9800.0,11.9,20.9,1.592,2.1,6.3,1.6,0.229
'260',23,08,1986,13140.0,8.7,18.8,1.143,2.6,0.7,2.1,0.054
'260',24,08,1986,14800.0,7.5,18.0,1.122,2.6,1.6,2.3,0.017
'260',25,08,1986,12930.0,7.8,19.7,1.172,2.1,0.0,2.1,0.000
'260',26,08,1986,6850.0,12.2,20.5,1.406,6.7,13.0,1.1,0.279
'260',27,08,1986,2930.0,11.1,14.2,1.204,7.2,17.0,0.5,0.317
'260',28,08,1986,12690.0,9.3,16.0,1.138,4.1,1.1,2.0,0.088
'260',29,08,1986,11820.0,9.4,16.1,1.137,4.6,11.1,1.8,0.208
'260',30,08,1986,8830.0,10.3,16.7,1.371,3.1,11.6,1.4,0.192
'260',31,08,1986,10590.0,9.3,16.2,1.140,2.6,0.1,1.6,0.042
'260',01,09,1986,6510.0,8.5,16.3,1.144,4.6,0.3,1.0,0.083
'260',02,09,1986,8460.0,12.7,17.2,1.313,3.6,0.2,1.4,0.008
'260',03,09,1986,7990.0,10.1,15.8,1.267,4.1,12.2,1.3,0.196
'260',04,09,1986,15290.0,6.9,17.1,1.018,2.6,0.0,2.4,0.000
'260',05,09,1986,16320.0,6.0,18.8,1.018,2.6,0.0,2.6,0.000
'260',06,09,1986,6840.0,9.2,16.1,1.202,2.1,1.7,1.1,0.029
'260',07,09,1986,12960.0,7.1,15.9,1.028,2.6,0.0,2.0,0.000
'260',08,09,1986,8060.0,5.7,15.2,0.989,2.1,0.0,1.2,0.000
'260',09,09,1986,17000.0,3.7,17.7,0.874,1.0,0.0,2.5,0.000
'260',10,09,1986,7700.0,1.6,15.8,0.881,1.5,0.0,1.1,0.000
'260',11,09,1986,16160.0,1.3,15.3,0.735,1.5,0.0,2.3,0.000
'260',12,09,1986,10320.0,6.6,14.8,0.911,3.1,0.0,1.5,0.000
'260',13,09,1986,14780.0,4.6,16.7,0.982,3.1,6.0,2.2,0.258
'260',14,09,1986,4650.0,11.2,16.5,1.421,2.6,4.0,0.8,0.283
'260',15,09,1986,3620.0,7.7,12.6,1.089,2.6,7.0,0.5,0.246
'260',16,09,1986,10300.0,7.7,14.3,1.039,2.1,0.0,1.5,0.000
'260',17,09,1986,7610.0,8.2,13.4,0.966,3.6,0.0,1.1,0.000
'260',18,09,1986,15600.0,5.0,15.3,0.923,2.6,0.6,2.3,0.008
'260',19,09,1986,14420.0,2.3,16.6,0.871,1.0,0.0,2.1,0.000
'260',20,09,1986,15500.0,2.0,18.9,0.899,1.5,0.0,2.3,0.000
'260',21,09,1986,11810.0,7.3,18.5,1.172,2.6,0.0,1.8,0.000
'260',22,09,1986,5380.0,9.0,16.0,1.244,3.1,0.0,0.9,0.000
'260',23,09,1986,9190.0,8.7,20.2,1.374,2.1,0.0,1.5,0.000
'260',24,09,1986,10800.0,7.3,17.0,1.068,3.1,0.0,1.7,0.000
'260',25,09,1986,15080.0,5.4,15.6,0.949,3.1,0.0,2.2,0.000
'260',26,09,1986,12070.0,3.5,15.9,0.971,1.0,0.0,1.8,0.000
'260',27,09,1986,8480.0,4.6,17.6,1.118,1.0,0.0,1.2,0.000
'260',28,09,1986,12280.0,3.1,18.4,1.048,1.5,0.0,1.8,0.000
'260',29,09,1986,4750.0,9.1,19.3,1.401,1.5,0.0,0.8,0.000
'260',30,09,1986,2150.0,10.0,14.7,1.342,1.0,0.0,0.3,0.000
'260',01,10,1986,13260.0,5.5,20.6,1.204,1.0,0.0,2.1,0.000
'260',02,10,1986,5480.0,6.5,16.9,1.139,1.5,0.0,0.9,0.000
'260',03,10,1986,12700.0,4.5,17.8,0.961,1.0,0.0,1.9,0.000
'260',04,10,1986,11850.0,4.5,16.6,0.912,2.1,0.0,1.8,0.000
'260',05,10,1986,10840.0,6.8,20.5,1.255,2.6,0.0,1.8,0.000
'260',06,10,1986,6760.0,10.8,18.7,1.385,2.6,0.0,1.1,0.000
'260',07,10,1986,5930.0,9.8,19.8,1.379,3.1,1.6,1.0,0.088
'260',08,10,1986,7890.0,7.6,17.7,1.231,1.0,0.0,1.2,0.000
'260',09,10,1986,9720.0,7.6,19.0,1.280,2.1,0.0,1.5,0.000
'260',10,10,1986,8360.0,9.2,20.1,1.364,2.1,0.0,1.4,0.000
'260',11,10,1986,2800.0,8.9,14.9,1.225,2.1,5.9,0.4,0.075
'260',12,10,1986,6890.0,9.5,18.5,1.325,2.1,0.0,1.1,0.000
'260',13,10,1986,9050.0,7.4,17.3,1.211,1.5,0.0,1.4,0.000
'260',14,10,1986,8250.0,10.3,20.6,1.481,1.5,0.0,1.4,0.000
'260',15,10,1986,7110.0,13.5,20.6,1.595,2.1,0.7,1.2,0.046
'260',16,10,1986,4070.0,8.2,14.5,1.124,3.6,0.2,0.6,0.029
'260',17,10,1986,10250.0,4.9,15.1,0.879,2.6,0.0,1.5,0.000
'260',18,10,1986,4580.0,8.5,14.9,1.202,3.1,1.0,0.7,0.096
'260',19,10,1986,9230.0,3.6,12.6,0.756,5.1,28.2,1.3,0.362
'260',20,10,1986,1430.0,6.2,15.6,1.067,6.7,19.1,0.2,0.487
'260',21,10,1986,2700.0,8.5,10.8,1.003,4.6,18.6,0.4,0.533
'260',22,10,1986,1540.0,6.6,12.2,1.037,3.1,12.8,0.2,0.438
'260',23,10,1986,5340.0,4.3,10.5,0.786,4.1,4.0,0.7,0.238
'260',24,10,1986,5930.0,3.1,11.0,0.767,4.1,0.0,0.8,0.000
'260',25,10,1986,5400.0,7.2,13.7,1.015,5.7,8.0,0.8,0.175
'260',26,10,1986,2660.0,3.9,10.7,0.777,3.6,5.6,0.4,0.279
'260',27,10,1986,6940.0,4.8,12.9,0.929,4.1,4.9,1.0,0.175
'260',28,10,1986,970.0,9.9,14.2,1.343,4.6,3.1,0.2,0.392
'260',29,10,1986,7780.0,5.8,14.1,0.906,3.6,9.5,1.1,0.188
'260',30,10,1986,7860.0,5.1,13.0,0.855,5.1,1.0,1.1,0.100
'260',31,10,1986,4160.0,6.3,12.3,0.854,3.1,0.0,0.6,0.000
'260',01,11,1986,1950.0,7.4,13.8,1.060,5.7,5.2,0.3,0.167
'260',02,11,1986,6130.0,4.5,10.7,0.782,3.6,0.0,0.8,0.000
'260',03,11,1986,3150.0,5.3,10.4,0.869,2.6,0.9,0.4,0.092
'260',04,11,1986,5210.0,0.9,12.5,0.812,1.5,0.0,0.7,0.000
'260',05,11,1986,1400.0,7.7,11.6,1.063,5.1,1.9,0.2,0.158
'260',06,11,1986,5640.0,4.5,11.7,0.786,3.1,0.0,0.8,0.000
'260',07,11,1986,2860.0,2.6,10.1,0.885,3.1,0.0,0.4,0.000
'260',08,11,1986,1400.0,4.4,9.4,0.846,4.1,3.5,0.2,0.142
'260',09,11,1986,4280.0,2.7,8.7,0.741,4.1,0.0,0.6,0.000
'260',10,11,1986,1100.0,6.4,12.7,1.034,5.1,0.6,0.2,0.042
'260',11,11,1986,4380.0,10.9,15.1,1.254,4.6,5.7,0.7,0.163
'260',12,11,1986,6260.0,3.6,12.3,0.910,2.1,0.0,0.9,0.000
'260',13,11,1986,5530.0,8.3,15.2,1.126,4.6,0.0,0.8,0.000
'260',14,11,1986,5650.0,10.1,14.4,1.153,4.1,0.6,0.9,0.104
'260',15,11,1986,920.0,5.8,13.3,0.991,3.6,0.0,0.1,0.000
'260',16,11,1986,2800.0,4.5,10.5,0.967,3.1,0.0,0.4,0.000
'260',17,11,1986,2510.0,5.6,11.3,0.979,4.1,1.0,0.4,0.058
'260',18,11,1986,1550.0,5.2,10.6,0.910,6.2,3.8,0.2,0.383
'260',19,11,1986,550.0,10.3,12.0,1.225,7.2,26.4,0.1,0.850
'260',20,11,1986,860.0,2.5,11.3,0.904,2.6,14.6,0.1,0.254
'260',21,11,1986,610.0,3.3,7.0,0.768,5.1,2.2,0.1,0.050
'260',22,11,1986,3300.0,4.9,11.5,0.936,5.7,0.9,0.5,0.075
'260',23,11,1986,2490.0,3.6,8.6,0.806,5.1,2.6,0.3,0.137
'260',24,11,1986,580.0,6.0,12.6,1.052,6.2,0.3,0.1,0.071
'260',25,11,1986,1460.0,11.2,12.6,1.208,6.2,0.0,0.2,0.000
'260',26,11,1986,1670.0,5.2,11.8,0.917,5.1,1.7,0.2,0.071
'260',27,11,1986,4360.0,3.4,10.2,0.890,2.6,0.0,0.6,0.000
'260',28,11,1986,1370.0,0.8,4.8,0.749,2.1,0.0,0.2,0.000
'260',29,11,1986,1450.0,-1.6,1.4,0.603,1.0,0.0,0.2,0.000
'260',30,11,1986,4410.0,-3.3,5.3,0.578,2.6,0.0,0.5,0.000
'260',01,12,1986,1070.0,-0.3,8.3,0.767,5.1,0.3,0.1,0.021
'260',02,12,1986,1810.0,3.5,10.7,0.955,3.6,0.3,0.3,0.012
'260',03,12,1986,4200.0,6.4,11.3,0.901,5.7,0.0,0.6,0.000
'260',04,12,1986,2810.0,7.0,12.6,0.976,6.2,0.0,0.4,0.000
'260',05,12,1986,3740.0,6.5,11.9,0.934,6.2,3.2,0.5,0.146
'260',06,12,1986,3280.0,-0.9,9.5,0.713,2.1,1.3,0.4,0.088
'260',07,12,1986,1170.0,-1.3,8.4,0.746,3.6,0.0,0.1,0.000
'260',08,12,1986,3180.0,8.3,13.1,1.068,4.6,0.0,0.5,0.000
'260',09,12,1986,1040.0,0.5,10.7,0.742,4.1,0.0,0.1,0.000
'260',10,12,1986,1640.0,0.9,8.3,0.748,2.1,0.0,0.2,0.000
'260',11,12,1986,2110.0,0.8,5.6,0.706,3.6,0.0,0.3,0.000
'260',12,12,1986,1120.0,4.1,5.8,0.792,2.1,1.5,0.1,0.062
'260',13,12,1986,630.0,3.1,7.0,0.801,4.6,3.3,0.1,0.192
'260',14,12,1986,1370.0,-1.9,5.6,0.643,2.1,0.3,0.2,0.033
'260',15,12,1986,520.0,-1.9,6.8,0.681,5.1,6.3,0.1,0.233
'260',16,12,1986,2630.0,2.9,6.8,0.679,5.7,4.4,0.3,0.075
'260',17,12,1986,1050.0,2.5,7.9,0.745,4.6,2.5,0.1,0.179
'260',18,12,1986,1540.0,5.4,10.4,0.823,6.2,5.0,0.2,0.183
'260',19,12,1986,1280.0,2.1,7.2,0.653,7.2,3.6,0.2,0.096
'260',20,12,1986,1350.0,1.8,5.6,0.685,4.1,7.8,0.2,0.350
'260',21,12,1986,1610.0,-1.0,6.1,0.634,3.1,6.9,0.2,0.179
'260',22,12,1986,3160.0,-3.8,2.5,0.519,2.1,0.0,0.3,0.000
'260',23,12,1986,2900.0,-2.2,3.2,0.495,1.5,0.5,0.3,0.104
'260',24,12,1986,3740.0,-3.8,0.6,0.469,1.5,0.0,0.4,0.000
'260',25,12,1986,280.0,-1.1,4.7,0.655,4.1,10.5,0.0,0.350
'260',26,12,1986,1580.0,0.6,5.5,0.680,2.1,2.7,0.2,0.058
'260',27,12,1986,2760.0,3.0,6.7,0.674,4.6,0.1,0.4,0.004
'260',28,12,1986,1090.0,6.3,10.2,0.923,6.2,2.4,0.1,0.108
'260',29,12,1986,460.0,8.4,10.4,0.978,7.2,3.4,0.1,0.129
'260',30,12,1986,360.0,8.3,10.2,1.036,7.2,32.1,0.1,0.779
'260',31,12,1986,800.0,7.0,9.8,0.877,7.7,3.2,0.1,0.154
