* Source of data    : Royal Netherlands Meterological Institute (www.knmi.nl)
* File content      : Meteo from www.knmi.nl; input file for Swap 3.2 (www.swap.alterra.nl)
* File generated by : Alterra - Wageningen-UR (www.alterra.wur.nl)
* File generated at : 2017-02-27 11:38:43
Station,DD,MM,YYYY,Rad,Tmin,Tmax,Hum,Wind,Rain,ETref,Wet
'260',01,01,1984,850.0,8.2,10.0,0.935,9.3,14.9,0.1,0.325
'260',02,01,1984,2390.0,4.5,9.4,0.819,6.2,11.4,0.3,0.333
'260',03,01,1984,3570.0,2.1,9.5,0.667,8.7,15.1,0.5,0.300
'260',04,01,1984,1980.0,0.9,7.1,0.634,4.1,3.6,0.2,0.121
'260',05,01,1984,1830.0,0.3,5.9,0.676,4.1,3.1,0.2,0.179
'260',06,01,1984,1090.0,1.4,6.3,0.762,3.1,0.1,0.1,0.012
'260',07,01,1984,2630.0,4.2,8.1,0.767,5.7,10.9,0.3,0.362
'260',08,01,1984,1490.0,1.7,5.6,0.668,4.1,4.5,0.2,0.079
'260',09,01,1984,3390.0,1.0,5.8,0.638,1.5,0.3,0.4,0.017
'260',10,01,1984,1810.0,-0.4,5.3,0.686,3.6,0.0,0.2,0.000
'260',11,01,1984,370.0,5.2,7.8,0.919,7.7,2.5,0.0,0.288
'260',12,01,1984,2440.0,2.0,7.2,0.728,4.6,4.6,0.3,0.112
'260',13,01,1984,530.0,1.7,11.0,0.755,8.7,9.6,0.1,0.371
'260',14,01,1984,1520.0,3.5,10.8,0.737,8.2,5.9,0.2,0.200
'260',15,01,1984,2240.0,0.5,4.7,0.574,5.7,2.0,0.3,0.092
'260',16,01,1984,1790.0,2.3,10.2,0.762,6.7,13.4,0.2,0.304
'260',17,01,1984,2040.0,1.7,9.0,0.632,7.7,0.3,0.3,0.008
'260',18,01,1984,2470.0,0.3,5.5,0.596,4.1,0.1,0.3,0.004
'260',19,01,1984,1600.0,-2.9,2.5,0.583,1.0,1.2,0.2,0.029
'260',20,01,1984,4990.0,-3.4,4.9,0.502,1.5,0.0,0.5,0.000
'260',21,01,1984,3920.0,-4.5,0.0,0.482,3.1,0.0,0.4,0.000
'260',22,01,1984,1480.0,-4.0,-2.1,0.419,4.6,2.3,0.1,0.317
'260',23,01,1984,1390.0,-8.8,2.1,0.468,4.6,10.4,0.1,0.475
'260',24,01,1984,1960.0,0.2,2.4,0.581,5.1,3.4,0.2,0.242
'260',25,01,1984,4870.0,-3.0,3.9,0.524,2.1,0.0,0.5,0.000
'260',26,01,1984,1310.0,-1.1,1.7,0.526,5.7,0.1,0.1,0.012
'260',27,01,1984,3750.0,1.3,5.6,0.659,4.6,0.0,0.5,0.000
'260',28,01,1984,350.0,3.5,5.3,0.772,4.6,4.4,0.0,0.292
'260',29,01,1984,700.0,2.8,6.4,0.807,3.6,5.7,0.1,0.329
'260',30,01,1984,2360.0,3.1,6.6,0.760,4.1,1.4,0.3,0.067
'260',31,01,1984,5110.0,0.6,7.5,0.628,4.6,2.0,0.6,0.196
'260',01,02,1984,2220.0,-0.3,4.7,0.649,3.6,3.2,0.3,0.125
'260',02,02,1984,1410.0,3.5,6.8,0.821,4.6,6.1,0.2,0.337
'260',03,02,1984,420.0,4.2,8.4,0.819,6.2,6.6,0.1,0.312
'260',04,02,1984,2470.0,2.6,9.7,0.839,4.6,2.1,0.3,0.212
'260',05,02,1984,4790.0,2.8,9.4,0.720,5.7,6.9,0.6,0.208
'260',06,02,1984,1530.0,4.9,9.1,0.816,6.7,20.5,0.2,0.475
'260',07,02,1984,2920.0,1.9,6.6,0.554,6.7,0.6,0.4,0.012
'260',08,02,1984,3220.0,1.3,6.3,0.662,6.2,16.6,0.4,0.354
'260',09,02,1984,7640.0,1.0,6.4,0.628,4.1,1.7,0.9,0.017
'260',10,02,1984,5140.0,-0.4,8.3,0.685,2.1,0.0,0.6,0.000
'260',11,02,1984,4490.0,4.1,8.7,0.809,2.1,0.4,0.6,0.017
'260',12,02,1984,8140.0,-1.6,5.0,0.513,2.6,0.0,0.9,0.000
'260',13,02,1984,8420.0,-3.3,6.0,0.412,2.1,0.0,0.9,0.000
'260',14,02,1984,6050.0,-2.5,2.2,0.512,2.1,0.0,0.6,0.000
'260',15,02,1984,3900.0,-4.5,-0.5,0.445,2.1,0.0,0.4,0.000
'260',16,02,1984,6730.0,-5.6,1.1,0.474,1.0,0.0,0.6,0.000
'260',17,02,1984,4440.0,-5.1,-1.7,0.468,1.0,0.0,0.4,0.000
'260',18,02,1984,7790.0,-6.2,3.4,0.356,2.6,0.0,0.8,0.000
'260',19,02,1984,7480.0,-5.7,2.7,0.385,4.1,0.0,0.7,0.000
'260',20,02,1984,7160.0,-4.6,1.7,0.437,3.6,0.0,0.7,0.000
'260',21,02,1984,4720.0,0.9,7.5,0.678,4.6,2.9,0.6,0.196
'260',22,02,1984,3010.0,0.5,5.3,0.674,2.1,0.1,0.4,0.062
'260',23,02,1984,1810.0,-1.1,1.4,0.572,3.6,0.0,0.2,0.000
'260',24,02,1984,5030.0,-1.3,2.9,0.483,4.1,0.0,0.5,0.000
'260',25,02,1984,2080.0,0.1,1.1,0.533,5.7,0.0,0.2,0.000
'260',26,02,1984,1400.0,0.4,2.9,0.650,3.6,0.3,0.2,0.083
'260',27,02,1984,850.0,1.1,2.5,0.667,4.1,0.0,0.1,0.000
'260',28,02,1984,5120.0,-0.6,5.6,0.596,3.1,0.0,0.6,0.000
'260',29,02,1984,7130.0,-2.9,6.3,0.619,1.0,0.0,0.8,0.000
'260',01,03,1984,3040.0,-3.7,4.7,0.561,2.1,1.9,0.3,0.192
'260',02,03,1984,4260.0,0.2,6.8,0.653,5.7,10.1,0.5,0.333
'260',03,03,1984,7200.0,0.3,5.6,0.568,4.1,0.1,0.8,0.004
'260',04,03,1984,10620.0,-3.6,7.4,0.536,1.5,0.0,1.2,0.000
'260',05,03,1984,2870.0,2.5,7.7,0.798,1.0,0.3,0.4,0.042
'260',06,03,1984,2410.0,5.1,8.2,0.908,1.5,0.0,0.3,0.000
'260',07,03,1984,9220.0,1.0,8.6,0.634,3.6,0.0,1.2,0.000
'260',08,03,1984,13230.0,-1.2,7.1,0.497,3.6,0.0,1.6,0.000
'260',09,03,1984,12800.0,-2.0,5.5,0.438,2.6,0.0,1.4,0.000
'260',10,03,1984,2130.0,-0.5,4.8,0.664,2.6,7.8,0.2,0.675
'260',11,03,1984,1460.0,3.8,5.7,0.832,2.6,1.4,0.2,0.212
'260',12,03,1984,11720.0,0.6,9.8,0.597,3.6,0.0,1.5,0.000
'260',13,03,1984,5620.0,0.0,5.7,0.576,3.6,0.0,0.7,0.000
'260',14,03,1984,11810.0,-0.7,8.7,0.548,3.1,0.0,1.4,0.000
'260',15,03,1984,12510.0,-0.8,9.9,0.548,4.1,0.0,1.5,0.000
'260',16,03,1984,9400.0,-0.2,7.7,0.588,4.1,0.0,1.1,0.000
'260',17,03,1984,11170.0,-1.5,8.0,0.552,3.6,0.0,1.3,0.000
'260',18,03,1984,12530.0,-1.5,7.3,0.522,3.6,0.0,1.5,0.000
'260',19,03,1984,11760.0,-1.5,9.0,0.506,3.1,0.0,1.4,0.000
'260',20,03,1984,13320.0,-2.7,9.6,0.432,2.1,0.0,1.6,0.000
'260',21,03,1984,13220.0,-3.3,11.1,0.433,1.0,0.0,1.6,0.000
'260',22,03,1984,12270.0,-2.3,10.2,0.512,1.0,0.0,1.4,0.000
'260',23,03,1984,10470.0,-4.4,11.7,0.459,1.5,0.0,1.3,0.000
'260',24,03,1984,3240.0,3.5,10.0,0.689,5.7,2.1,0.4,0.100
'260',25,03,1984,10340.0,2.4,10.5,0.734,4.6,0.8,1.4,0.075
'260',26,03,1984,3440.0,5.5,9.5,0.874,5.7,2.9,0.5,0.150
'260',27,03,1984,5930.0,4.6,11.4,0.825,5.1,14.3,0.8,0.238
'260',28,03,1984,7500.0,5.8,11.2,0.880,4.6,9.8,1.0,0.321
'260',29,03,1984,4780.0,0.7,8.1,0.685,2.6,2.1,0.6,0.158
'260',30,03,1984,12030.0,-0.7,10.3,0.635,1.5,4.0,1.5,0.112
'260',31,03,1984,8080.0,0.5,6.5,0.641,2.6,0.1,1.0,0.021
'260',01,04,1984,14810.0,-0.7,6.0,0.538,5.1,0.0,1.7,0.000
'260',02,04,1984,11720.0,0.1,6.1,0.577,5.7,0.0,1.4,0.000
'260',03,04,1984,5900.0,-0.7,5.2,0.544,2.6,0.0,0.7,0.000
'260',04,04,1984,4890.0,1.6,6.0,0.650,1.5,0.2,0.6,0.008
'260',05,04,1984,1740.0,1.9,4.0,0.721,2.1,5.6,0.2,0.337
'260',06,04,1984,5720.0,2.7,7.1,0.707,3.6,0.1,0.7,0.008
'260',07,04,1984,3710.0,1.9,7.8,0.770,1.0,0.3,0.5,0.054
'260',08,04,1984,5130.0,0.9,8.1,0.747,2.1,0.0,0.6,0.000
'260',09,04,1984,8490.0,1.9,9.6,0.747,2.1,0.2,1.1,0.012
'260',10,04,1984,7970.0,0.8,9.0,0.685,2.1,0.0,1.0,0.000
'260',11,04,1984,13620.0,1.0,11.2,0.668,3.1,2.6,1.8,0.208
'260',12,04,1984,16420.0,0.5,11.6,0.645,2.6,1.5,2.2,0.042
'260',13,04,1984,15430.0,-0.7,13.5,0.697,1.5,0.0,2.0,0.000
'260',14,04,1984,19380.0,0.1,17.6,0.819,2.1,0.0,2.8,0.000
'260',15,04,1984,9440.0,4.8,17.0,0.994,3.6,0.5,1.4,0.025
'260',16,04,1984,15170.0,1.7,11.1,0.761,3.1,0.0,2.0,0.000
'260',17,04,1984,21480.0,-1.5,12.4,0.554,1.5,0.0,2.8,0.000
'260',18,04,1984,13580.0,-1.2,13.5,0.605,1.5,0.0,1.8,0.000
'260',19,04,1984,14290.0,1.3,15.8,0.621,1.5,0.0,2.1,0.000
'260',20,04,1984,15580.0,3.5,18.2,0.711,1.5,0.0,2.4,0.000
'260',21,04,1984,19820.0,3.8,21.5,0.746,1.5,0.0,3.2,0.000
'260',22,04,1984,15340.0,6.8,22.4,0.889,2.6,0.0,2.5,0.000
'260',23,04,1984,23760.0,3.9,17.8,0.732,4.6,0.0,3.6,0.000
'260',24,04,1984,22530.0,4.7,21.3,0.751,4.1,0.0,3.6,0.000
'260',25,04,1984,22500.0,7.6,21.3,0.722,3.6,0.0,3.7,0.000
'260',26,04,1984,22240.0,3.0,18.2,0.793,4.1,0.0,3.4,0.000
'260',27,04,1984,24420.0,4.4,16.2,0.535,4.1,0.0,3.6,0.000
'260',28,04,1984,23680.0,0.6,16.4,0.583,4.1,0.0,3.4,0.000
'260',29,04,1984,23620.0,2.6,15.0,0.535,5.1,0.0,3.4,0.000
'260',30,04,1984,18250.0,3.9,17.5,0.729,4.1,0.0,2.8,0.000
'260',01,05,1984,6410.0,5.5,12.5,0.940,3.1,1.1,0.9,0.037
'260',02,05,1984,11480.0,3.3,14.5,0.858,1.5,0.0,1.7,0.000
'260',03,05,1984,13740.0,5.2,17.3,0.926,1.5,1.8,2.1,0.033
'260',04,05,1984,12120.0,7.9,17.1,1.186,1.5,0.4,1.8,0.021
'260',05,05,1984,14790.0,8.2,17.9,1.251,3.6,0.0,2.3,0.000
'260',06,05,1984,4570.0,5.9,11.0,0.872,5.7,8.1,0.6,0.163
'260',07,05,1984,17410.0,4.4,11.6,0.694,4.6,0.1,2.4,0.004
'260',08,05,1984,19320.0,3.8,12.4,0.719,4.1,0.1,2.7,0.008
'260',09,05,1984,10360.0,3.0,10.0,0.743,3.1,3.3,1.4,0.133
'260',10,05,1984,6640.0,2.4,9.5,0.740,2.6,0.0,0.9,0.000
'260',11,05,1984,14570.0,5.0,10.7,0.802,5.7,0.0,2.0,0.000
'260',12,05,1984,21310.0,3.5,14.8,0.645,6.2,0.0,3.1,0.000
'260',13,05,1984,14540.0,6.8,15.6,0.734,5.1,0.0,2.2,0.000
'260',14,05,1984,20920.0,5.6,18.1,0.816,4.1,0.0,3.3,0.000
'260',15,05,1984,8840.0,8.7,15.4,1.123,2.1,0.0,1.4,0.000
'260',16,05,1984,17710.0,5.8,19.2,1.017,2.1,0.0,2.8,0.000
'260',17,05,1984,3740.0,6.6,13.6,1.134,1.5,4.3,0.6,0.204
'260',18,05,1984,18490.0,5.6,17.3,0.988,2.6,0.0,2.8,0.000
'260',19,05,1984,24620.0,5.9,15.4,0.984,3.6,0.0,3.7,0.000
'260',20,05,1984,10730.0,7.7,16.4,1.135,3.6,9.6,1.6,0.238
'260',21,05,1984,2920.0,7.0,11.3,1.077,3.6,30.0,0.4,0.458
'260',22,05,1984,10140.0,6.8,15.6,1.044,4.6,4.9,1.5,0.242
'260',23,05,1984,7190.0,5.7,13.2,1.065,2.6,4.6,1.0,0.171
'260',24,05,1984,14670.0,9.3,16.2,1.188,4.1,1.9,2.3,0.058
'260',25,05,1984,4270.0,8.3,11.5,1.111,2.6,0.0,0.6,0.000
'260',26,05,1984,10650.0,8.0,15.0,1.069,2.1,0.0,1.6,0.000
'260',27,05,1984,7890.0,7.8,14.8,1.160,2.1,2.9,1.2,0.254
'260',28,05,1984,8510.0,7.7,15.4,1.173,3.1,0.0,1.3,0.000
'260',29,05,1984,2990.0,9.6,12.6,1.283,3.1,6.3,0.5,0.208
'260',30,05,1984,12280.0,10.2,18.1,1.391,3.6,0.0,2.0,0.000
'260',31,05,1984,25410.0,7.7,19.8,1.093,2.6,0.0,4.2,0.000
'260',01,06,1984,15790.0,7.2,19.6,1.249,2.6,3.2,2.5,0.075
'260',02,06,1984,20210.0,9.2,18.7,1.137,3.1,0.0,3.3,0.000
'260',03,06,1984,8480.0,10.8,19.1,1.481,3.1,6.2,1.4,0.192
'260',04,06,1984,4770.0,9.5,12.3,1.224,2.6,21.8,0.7,0.513
'260',05,06,1984,13950.0,7.6,15.7,1.079,2.1,0.7,2.1,0.033
'260',06,06,1984,13320.0,6.3,16.3,1.061,3.6,1.2,2.1,0.083
'260',07,06,1984,2730.0,11.0,13.0,1.360,2.1,3.5,0.4,0.354
'260',08,06,1984,8030.0,10.3,14.3,1.213,3.1,0.0,1.2,0.000
'260',09,06,1984,24950.0,9.8,16.6,1.144,3.6,0.0,3.9,0.000
'260',10,06,1984,21050.0,8.5,20.9,1.204,2.6,0.0,3.4,0.000
'260',11,06,1984,19770.0,8.9,17.0,1.039,2.6,0.0,3.1,0.000
'260',12,06,1984,22460.0,6.2,19.8,1.075,2.6,0.0,3.7,0.000
'260',13,06,1984,6910.0,12.1,17.7,1.405,4.6,0.0,1.1,0.000
'260',14,06,1984,11080.0,9.6,18.0,1.308,3.6,4.6,1.8,0.146
'260',15,06,1984,17140.0,8.3,17.9,1.192,3.1,0.0,2.7,0.000
'260',16,06,1984,21440.0,8.1,17.1,1.167,2.1,0.0,3.4,0.000
'260',17,06,1984,18820.0,9.1,20.8,1.248,1.5,0.0,3.1,0.000
'260',18,06,1984,22750.0,11.6,22.7,1.435,2.1,0.0,3.9,0.000
'260',19,06,1984,20920.0,10.9,25.0,1.476,1.5,0.0,3.7,0.000
'260',20,06,1984,23490.0,13.5,27.1,1.522,1.5,0.0,4.4,0.000
'260',21,06,1984,24030.0,8.1,22.3,1.229,3.1,0.0,4.1,0.000
'260',22,06,1984,7470.0,8.3,17.0,1.078,4.6,5.8,1.2,0.250
'260',23,06,1984,20240.0,9.6,15.5,1.052,4.1,1.0,3.1,0.062
'260',24,06,1984,14380.0,9.6,15.0,1.040,3.6,0.8,2.2,0.079
'260',25,06,1984,7930.0,11.2,16.3,1.286,4.1,4.6,1.3,0.179
'260',26,06,1984,23530.0,10.1,19.7,1.221,3.1,0.0,3.9,0.000
'260',27,06,1984,16290.0,11.6,19.0,1.385,3.1,0.0,2.7,0.000
'260',28,06,1984,17830.0,8.2,15.7,1.091,3.1,0.0,2.8,0.000
'260',29,06,1984,16850.0,7.8,16.0,0.929,3.1,3.5,2.6,0.054
'260',30,06,1984,16220.0,5.8,15.4,0.942,2.6,0.7,2.4,0.062
'260',01,07,1984,22340.0,4.0,18.0,0.850,1.5,0.0,3.5,0.000
'260',02,07,1984,11780.0,9.2,17.4,1.187,3.1,1.8,1.8,0.096
'260',03,07,1984,9230.0,9.4,14.6,1.150,3.6,2.0,1.4,0.046
'260',04,07,1984,8070.0,10.1,14.9,1.163,3.1,0.3,1.3,0.079
'260',05,07,1984,19270.0,10.8,19.0,1.287,3.1,0.0,3.1,0.000
'260',06,07,1984,18300.0,10.1,19.1,1.274,1.5,0.0,2.9,0.000
'260',07,07,1984,25220.0,9.0,24.7,1.305,1.5,0.0,4.4,0.000
'260',08,07,1984,27410.0,13.1,28.7,1.333,2.6,0.0,5.1,0.000
'260',09,07,1984,21490.0,15.5,29.8,1.974,3.1,12.5,4.0,0.075
'260',10,07,1984,14380.0,12.3,24.8,1.717,2.1,16.7,2.5,0.146
'260',11,07,1984,11480.0,14.6,21.9,1.795,2.6,9.6,2.0,0.058
'260',12,07,1984,19610.0,14.2,22.0,1.533,4.6,0.0,3.4,0.000
'260',13,07,1984,16800.0,14.4,19.6,1.434,4.6,1.6,2.9,0.033
'260',14,07,1984,7820.0,12.7,18.5,1.529,3.1,6.0,1.3,0.212
'260',15,07,1984,7680.0,11.7,16.3,1.394,2.1,10.5,1.2,0.321
'260',16,07,1984,13300.0,11.3,17.5,1.416,3.6,4.4,2.1,0.075
'260',17,07,1984,12390.0,11.2,17.2,1.230,3.1,0.0,2.0,0.000
'260',18,07,1984,8540.0,13.3,20.3,1.592,2.6,1.4,1.4,0.029
'260',19,07,1984,10160.0,12.6,17.8,1.373,2.6,0.0,1.7,0.000
'260',20,07,1984,7130.0,12.8,16.8,1.418,2.1,0.0,1.2,0.000
'260',21,07,1984,12060.0,11.5,18.0,1.295,2.1,0.0,2.0,0.000
'260',22,07,1984,22350.0,8.4,19.4,1.154,2.1,0.0,3.6,0.000
'260',23,07,1984,16190.0,9.5,20.5,1.311,1.5,0.0,2.7,0.000
'260',24,07,1984,26320.0,8.9,20.6,1.190,2.6,0.0,4.4,0.000
'260',25,07,1984,13300.0,9.2,17.1,1.218,3.1,0.0,2.2,0.000
'260',26,07,1984,10330.0,12.7,17.8,1.443,3.1,0.4,1.7,0.046
'260',27,07,1984,12390.0,12.7,20.3,1.512,3.1,0.2,2.1,0.033
'260',28,07,1984,5810.0,13.8,19.6,1.686,2.6,0.5,1.0,0.067
'260',29,07,1984,22570.0,12.7,25.4,1.513,1.5,0.0,4.0,0.000
'260',30,07,1984,23150.0,15.9,30.5,1.529,3.1,0.0,4.5,0.000
'260',31,07,1984,16940.0,16.8,27.6,1.822,3.6,0.8,3.2,0.017
'260',01,08,1984,17330.0,11.4,23.9,1.410,2.1,0.1,3.0,0.012
'260',02,08,1984,6290.0,10.7,18.7,1.452,2.1,2.1,1.1,0.179
'260',03,08,1984,11290.0,13.8,22.7,1.768,2.6,0.1,2.0,0.025
'260',04,08,1984,20210.0,13.5,23.8,1.488,2.1,0.0,3.6,0.000
'260',05,08,1984,11360.0,13.5,21.7,1.532,2.6,1.3,1.9,0.121
'260',06,08,1984,19300.0,10.7,20.1,1.283,2.6,0.0,3.2,0.000
'260',07,08,1984,14030.0,11.5,21.0,1.351,2.6,0.0,2.3,0.000
'260',08,08,1984,11710.0,9.6,23.2,1.337,2.1,1.7,2.0,0.029
'260',09,08,1984,19830.0,12.7,22.4,1.457,4.6,0.0,3.4,0.000
'260',10,08,1984,13510.0,11.5,19.8,1.340,4.6,0.0,2.3,0.000
'260',11,08,1984,11690.0,10.9,20.2,1.412,2.1,0.0,2.0,0.000
'260',12,08,1984,19650.0,14.9,24.7,1.594,3.1,0.0,3.5,0.000
'260',13,08,1984,16100.0,11.9,25.5,1.431,2.1,0.0,2.9,0.000
'260',14,08,1984,19250.0,12.0,24.0,1.366,2.1,0.0,3.4,0.000
'260',15,08,1984,14230.0,9.2,21.9,1.357,1.5,0.0,2.4,0.000
'260',16,08,1984,17350.0,10.9,23.0,1.390,2.1,0.0,3.0,0.000
'260',17,08,1984,20170.0,10.6,23.3,1.419,2.1,0.0,3.5,0.000
'260',18,08,1984,18200.0,8.9,24.9,1.383,1.5,0.0,3.1,0.000
'260',19,08,1984,18660.0,12.9,27.6,1.386,1.5,0.0,3.4,0.000
'260',20,08,1984,18650.0,13.1,28.8,1.511,1.5,0.0,3.4,0.000
'260',21,08,1984,18090.0,15.2,27.6,1.763,3.1,0.0,3.4,0.000
'260',22,08,1984,20190.0,15.4,30.0,1.517,2.6,0.0,3.8,0.000
'260',23,08,1984,17300.0,15.3,29.6,1.619,1.5,0.0,3.3,0.000
'260',24,08,1984,17740.0,16.0,28.8,1.411,2.6,0.0,3.4,0.000
'260',25,08,1984,16160.0,15.3,26.9,1.747,2.6,0.0,3.0,0.000
'260',26,08,1984,13800.0,10.4,23.4,1.408,2.1,0.0,2.4,0.000
'260',27,08,1984,15800.0,7.8,22.4,1.233,1.5,0.0,2.6,0.000
'260',28,08,1984,15760.0,11.1,23.9,1.447,1.5,0.0,2.7,0.000
'260',29,08,1984,6350.0,14.9,20.2,1.698,3.1,0.9,1.1,0.088
'260',30,08,1984,7600.0,15.7,22.6,1.752,4.6,0.0,1.4,0.000
'260',31,08,1984,5770.0,15.9,21.7,1.789,4.6,0.3,1.0,0.008
'260',01,09,1984,9080.0,14.7,22.7,1.669,3.6,0.0,1.6,0.000
'260',02,09,1984,17920.0,12.0,25.4,1.489,2.1,0.0,3.2,0.000
'260',03,09,1984,10560.0,17.0,23.7,1.644,5.7,0.4,1.9,0.017
'260',04,09,1984,6990.0,8.2,21.2,1.353,5.1,1.1,1.2,0.125
'260',05,09,1984,13050.0,7.1,16.8,0.986,2.6,0.4,2.0,0.017
'260',06,09,1984,10860.0,6.4,17.1,0.901,2.6,0.0,1.7,0.000
'260',07,09,1984,1850.0,9.9,12.5,1.111,2.1,18.3,0.3,0.717
'260',08,09,1984,8120.0,9.4,15.8,1.203,2.1,0.9,1.3,0.033
'260',09,09,1984,5300.0,10.2,17.0,1.230,4.1,18.5,0.9,0.350
'260',10,09,1984,5550.0,10.0,17.6,1.308,4.6,13.7,0.9,0.229
'260',11,09,1984,5060.0,11.1,17.1,1.314,3.6,3.1,0.8,0.125
'260',12,09,1984,8050.0,11.1,17.7,1.209,2.1,0.0,1.3,0.000
'260',13,09,1984,8800.0,10.2,19.7,1.500,1.5,0.0,1.5,0.000
'260',14,09,1984,4580.0,14.5,18.7,1.691,1.5,2.1,0.8,0.121
'260',15,09,1984,2330.0,14.5,16.6,1.686,2.1,6.1,0.4,0.217
'260',16,09,1984,5470.0,12.8,17.6,1.474,2.1,0.0,0.9,0.000
'260',17,09,1984,7650.0,8.5,17.7,1.375,2.1,8.9,1.2,0.175
'260',18,09,1984,8510.0,11.0,18.8,1.420,1.5,0.0,1.4,0.000
'260',19,09,1984,5090.0,11.3,16.2,1.214,3.1,0.0,0.8,0.000
'260',20,09,1984,4240.0,11.8,15.6,1.358,3.6,9.4,0.7,0.217
'260',21,09,1984,8630.0,8.2,15.6,1.086,3.6,8.9,1.3,0.333
'260',22,09,1984,6030.0,7.0,12.8,1.018,3.6,3.1,0.9,0.100
'260',23,09,1984,9370.0,7.5,15.1,1.114,2.1,6.4,1.4,0.133
'260',24,09,1984,5420.0,5.8,13.3,1.064,1.0,3.8,0.8,0.058
'260',25,09,1984,2670.0,7.5,11.6,1.106,2.6,17.9,0.4,0.454
'260',26,09,1984,8450.0,8.1,15.9,1.172,2.6,11.6,1.3,0.129
'260',27,09,1984,8880.0,8.2,17.0,1.164,1.5,0.0,1.4,0.000
'260',28,09,1984,9430.0,8.9,17.6,1.298,2.6,0.0,1.5,0.000
'260',29,09,1984,8240.0,9.3,19.2,1.420,1.5,7.6,1.3,0.125
'260',30,09,1984,3230.0,10.5,15.1,1.347,3.1,3.5,0.5,0.183
'260',01,10,1984,2270.0,9.8,14.7,1.325,2.6,9.3,0.4,0.238
'260',02,10,1984,8370.0,7.0,15.6,1.063,3.1,2.7,1.3,0.125
'260',03,10,1984,10160.0,6.9,15.6,1.103,2.1,0.0,1.5,0.000
'260',04,10,1984,11990.0,6.0,16.0,0.990,3.1,0.0,1.8,0.000
'260',05,10,1984,1200.0,9.1,10.8,1.149,3.6,11.9,0.2,0.433
'260',06,10,1984,6080.0,7.4,14.3,1.012,3.1,2.2,0.9,0.062
'260',07,10,1984,5800.0,5.5,13.9,0.954,3.1,2.2,0.9,0.083
'260',08,10,1984,1710.0,8.0,15.6,1.323,3.6,0.7,0.3,0.096
'260',09,10,1984,3040.0,10.2,15.5,1.344,2.6,5.6,0.5,0.179
'260',10,10,1984,2080.0,10.0,15.6,1.412,2.1,2.6,0.3,0.233
'260',11,10,1984,10270.0,6.8,16.2,1.074,2.6,0.7,1.6,0.029
'260',12,10,1984,6390.0,6.5,16.5,1.141,1.5,0.0,1.0,0.000
'260',13,10,1984,6080.0,7.4,15.9,1.174,2.6,0.0,1.0,0.000
'260',14,10,1984,4460.0,10.5,16.6,1.356,2.6,0.0,0.7,0.000
'260',15,10,1984,3300.0,10.8,17.2,1.521,1.5,0.0,0.5,0.000
'260',16,10,1984,2890.0,10.2,15.8,1.358,1.5,0.0,0.5,0.000
'260',17,10,1984,5750.0,8.1,15.2,1.234,3.1,0.0,0.9,0.000
'260',18,10,1984,1740.0,10.4,14.2,1.192,5.7,4.6,0.3,0.100
'260',19,10,1984,4450.0,9.5,14.2,1.175,5.1,14.5,0.7,0.400
'260',20,10,1984,5830.0,8.4,13.4,0.944,7.2,2.9,0.9,0.037
'260',21,10,1984,5440.0,7.0,13.1,0.893,4.1,0.0,0.8,0.000
'260',22,10,1984,760.0,7.3,14.7,1.182,6.2,12.8,0.1,0.421
'260',23,10,1984,3180.0,9.4,15.1,1.224,4.1,8.8,0.5,0.163
'260',24,10,1984,7490.0,9.1,14.3,1.074,3.6,5.5,1.1,0.012
'260',25,10,1984,6380.0,10.7,16.2,1.238,5.1,9.7,1.0,0.100
'260',26,10,1984,7890.0,6.2,13.9,0.936,3.1,0.0,1.2,0.000
'260',27,10,1984,8180.0,1.8,13.9,0.824,1.0,0.0,1.1,0.000
'260',28,10,1984,4780.0,1.9,11.6,0.873,3.6,0.0,0.7,0.000
'260',29,10,1984,1460.0,10.4,14.6,1.412,3.1,3.1,0.2,0.042
'260',30,10,1984,7600.0,9.4,18.3,1.373,2.1,0.0,1.2,0.000
'260',31,10,1984,7300.0,5.4,15.6,1.100,2.1,0.0,1.1,0.000
'260',01,11,1984,7090.0,8.0,17.3,1.281,2.6,0.0,1.1,0.000
'260',02,11,1984,7510.0,7.1,15.5,1.068,3.1,0.0,1.1,0.000
'260',03,11,1984,3480.0,6.1,12.3,0.927,3.6,0.0,0.5,0.000
'260',04,11,1984,5200.0,4.4,10.5,0.825,3.6,0.0,0.7,0.000
'260',05,11,1984,5760.0,3.0,12.0,0.810,1.5,0.3,0.8,0.025
'260',06,11,1984,1230.0,7.0,11.2,1.081,2.1,1.2,0.2,0.167
'260',07,11,1984,1300.0,5.2,11.0,1.033,2.1,2.4,0.2,0.100
'260',08,11,1984,2940.0,6.2,14.3,1.001,3.6,0.0,0.4,0.000
'260',09,11,1984,2860.0,9.6,14.8,0.927,4.1,0.0,0.4,0.000
'260',10,11,1984,4410.0,8.5,15.8,1.201,2.1,0.0,0.7,0.000
'260',11,11,1984,3980.0,8.1,13.1,1.092,2.1,0.0,0.6,0.000
'260',12,11,1984,5310.0,6.0,12.9,0.956,3.1,0.0,0.8,0.000
'260',13,11,1984,3120.0,3.4,11.0,0.895,2.1,0.0,0.4,0.000
'260',14,11,1984,3590.0,4.3,9.1,0.758,2.6,0.0,0.5,0.000
'260',15,11,1984,1590.0,2.2,5.6,0.688,2.1,3.1,0.2,0.167
'260',16,11,1984,1890.0,1.5,4.9,0.664,4.1,2.7,0.2,0.250
'260',17,11,1984,1220.0,1.4,3.7,0.665,4.1,4.0,0.1,0.358
'260',18,11,1984,1560.0,2.8,6.8,0.805,2.1,2.7,0.2,0.292
'260',19,11,1984,2810.0,5.0,7.4,0.843,3.1,0.0,0.4,0.000
'260',20,11,1984,3750.0,4.5,9.7,0.856,2.6,0.6,0.5,0.067
'260',21,11,1984,2940.0,6.6,11.5,0.951,5.1,10.8,0.4,0.246
'260',22,11,1984,950.0,7.8,14.6,1.236,6.7,17.9,0.1,0.629
'260',23,11,1984,1870.0,9.1,14.6,1.147,8.2,13.4,0.3,0.254
'260',24,11,1984,2890.0,9.0,13.4,1.039,7.2,1.2,0.4,0.067
'260',25,11,1984,2920.0,5.8,11.0,0.992,4.6,0.6,0.4,0.029
'260',26,11,1984,4480.0,3.0,10.1,0.799,2.6,0.0,0.6,0.000
'260',27,11,1984,2640.0,2.5,7.2,0.692,4.1,0.0,0.3,0.000
'260',28,11,1984,620.0,5.3,8.1,0.768,5.7,0.6,0.1,0.046
'260',29,11,1984,1970.0,7.2,10.5,0.993,4.6,0.0,0.3,0.000
'260',30,11,1984,3530.0,5.8,11.2,0.816,4.6,0.0,0.5,0.000
'260',01,12,1984,4110.0,2.0,12.2,0.648,4.1,0.0,0.6,0.000
'260',02,12,1984,2670.0,-0.1,8.3,0.776,2.1,0.0,0.3,0.000
'260',03,12,1984,4120.0,1.6,7.5,0.739,3.6,0.0,0.5,0.000
'260',04,12,1984,3240.0,1.2,7.6,0.758,3.1,0.0,0.4,0.000
'260',05,12,1984,2520.0,5.4,10.3,0.868,3.6,0.0,0.3,0.000
'260',06,12,1984,800.0,1.0,7.0,0.756,3.1,1.4,0.1,0.088
'260',07,12,1984,2270.0,-0.5,5.3,0.700,2.1,0.0,0.3,0.000
'260',08,12,1984,620.0,-0.5,6.1,0.732,3.1,0.0,0.1,0.000
'260',09,12,1984,3670.0,3.3,10.2,0.806,3.1,1.3,0.5,0.071
'260',10,12,1984,2470.0,4.7,10.4,0.921,3.1,0.0,0.3,0.000
'260',11,12,1984,850.0,3.9,7.7,0.856,1.5,0.0,0.1,0.000
'260',12,12,1984,1750.0,3.1,7.6,0.779,3.1,0.0,0.2,0.000
'260',13,12,1984,3490.0,1.8,6.7,0.710,3.6,0.0,0.4,0.000
'260',14,12,1984,1260.0,1.8,8.8,0.831,3.1,0.3,0.2,0.046
'260',15,12,1984,1360.0,1.7,5.2,0.735,3.1,0.7,0.2,0.050
'260',16,12,1984,1730.0,2.7,5.4,0.759,2.6,0.8,0.2,0.058
'260',17,12,1984,1090.0,3.2,7.6,0.835,3.6,4.2,0.1,0.317
'260',18,12,1984,1610.0,1.1,6.3,0.667,2.1,0.1,0.2,0.008
'260',19,12,1984,420.0,1.4,8.4,0.769,5.1,1.3,0.1,0.100
'260',20,12,1984,450.0,8.2,9.2,1.068,5.7,7.6,0.1,0.371
'260',21,12,1984,3210.0,2.8,9.6,0.776,4.6,1.7,0.4,0.037
'260',22,12,1984,2740.0,1.3,5.8,0.706,3.1,0.0,0.3,0.000
'260',23,12,1984,950.0,2.9,5.9,0.736,4.6,1.4,0.1,0.142
'260',24,12,1984,710.0,3.9,6.4,0.813,5.1,3.8,0.1,0.312
'260',25,12,1984,3030.0,1.8,7.1,0.704,3.1,1.1,0.4,0.042
'260',26,12,1984,1340.0,-0.2,6.4,0.729,3.6,2.2,0.2,0.158
'260',27,12,1984,1420.0,-0.7,4.7,0.620,2.1,0.0,0.2,0.000
'260',28,12,1984,1980.0,-1.5,2.7,0.554,1.0,0.0,0.2,0.000
'260',29,12,1984,3180.0,-1.1,3.8,0.604,1.0,0.0,0.3,0.000
'260',30,12,1984,1180.0,-2.0,1.5,0.544,2.1,0.0,0.1,0.000
'260',31,12,1984,350.0,-0.5,4.6,0.633,4.1,2.3,0.0,0.192
