* Source of data    : Royal Netherlands Meterological Institute (www.knmi.nl)
* File content      : Meteo from www.knmi.nl; input file for Swap 3.2 (www.swap.alterra.nl)
* File generated by : Alterra - Wageningen-UR (www.alterra.wur.nl)
* File generated at : 2017-02-27 11:38:43
Station,DD,MM,YYYY,Rad,Tmin,Tmax,Hum,Wind,Rain,ETref,Wet
'260',01,01,1992,430.0,4.0,8.5,0.880,5.7,0.0,0.1,0.000
'260',02,01,1992,670.0,6.4,8.0,0.867,7.2,0.0,0.1,0.000
'260',03,01,1992,1730.0,2.2,7.7,0.716,7.2,0.0,0.2,0.000
'260',04,01,1992,1720.0,4.0,9.1,0.865,5.1,4.4,0.2,0.175
'260',05,01,1992,490.0,3.6,10.4,0.963,4.6,16.2,0.1,0.571
'260',06,01,1992,2460.0,4.2,10.6,0.958,5.1,4.5,0.3,0.196
'260',07,01,1992,600.0,1.3,4.5,0.694,4.1,0.0,0.1,0.000
'260',08,01,1992,1790.0,1.8,10.4,0.778,4.6,0.6,0.2,0.050
'260',09,01,1992,420.0,3.5,10.0,0.904,4.1,7.1,0.1,0.350
'260',10,01,1992,4000.0,-1.8,5.3,0.550,4.1,0.0,0.5,0.000
'260',11,01,1992,1580.0,-3.7,-1.6,0.504,1.5,0.0,0.2,0.000
'260',12,01,1992,1180.0,-2.0,3.6,0.655,1.5,0.3,0.1,0.104
'260',13,01,1992,1900.0,1.8,6.4,0.662,1.0,0.0,0.2,0.000
'260',14,01,1992,1380.0,5.1,8.3,0.848,2.6,0.0,0.2,0.000
'260',15,01,1992,560.0,5.9,7.6,0.814,1.5,0.0,0.1,0.000
'260',16,01,1992,410.0,3.7,6.7,0.729,2.6,0.0,0.1,0.000
'260',17,01,1992,1820.0,4.1,7.2,0.657,2.1,0.0,0.2,0.000
'260',18,01,1992,3010.0,4.1,8.0,0.802,2.1,0.1,0.4,0.021
'260',19,01,1992,660.0,4.1,7.8,0.845,4.1,4.9,0.1,0.258
'260',20,01,1992,1170.0,-4.0,4.7,0.538,5.7,0.2,0.1,0.017
'260',21,01,1992,4960.0,-5.6,0.3,0.340,3.1,0.0,0.5,0.000
'260',22,01,1992,4530.0,-7.7,-0.9,0.352,2.6,0.0,0.4,0.000
'260',23,01,1992,4480.0,-7.5,-1.1,0.396,1.5,0.0,0.4,0.000
'260',24,01,1992,3010.0,-8.7,-0.6,0.424,0.5,0.0,0.3,0.000
'260',25,01,1992,1450.0,-7.7,-1.3,0.440,0.5,0.0,0.1,0.000
'260',26,01,1992,4660.0,-1.7,6.8,0.645,2.1,0.0,0.5,0.000
'260',27,01,1992,2390.0,-2.0,4.9,0.623,1.5,0.1,0.3,0.004
'260',28,01,1992,5520.0,-3.8,3.4,0.515,1.5,0.0,0.6,0.000
'260',29,01,1992,4600.0,0.0,4.6,0.632,3.1,0.0,0.5,0.000
'260',30,01,1992,1530.0,-0.1,1.7,0.649,2.1,0.0,0.2,0.000
'260',31,01,1992,1460.0,-1.4,0.2,0.586,1.5,0.0,0.2,0.000
'260',01,02,1992,1840.0,-2.4,-0.7,0.546,1.0,0.0,0.2,0.000
'260',02,02,1992,1070.0,-2.2,1.1,0.591,2.6,0.0,0.1,0.000
'260',03,02,1992,3810.0,0.6,7.2,0.664,6.2,1.3,0.5,0.075
'260',04,02,1992,1810.0,1.5,5.0,0.697,2.1,3.5,0.2,0.246
'260',05,02,1992,1830.0,2.9,8.6,0.846,3.6,1.1,0.2,0.229
'260',06,02,1992,3890.0,6.7,10.2,0.967,2.6,0.0,0.5,0.000
'260',07,02,1992,5950.0,0.9,9.1,0.754,2.6,0.0,0.7,0.000
'260',08,02,1992,6380.0,-1.4,9.0,0.660,2.1,0.0,0.8,0.000
'260',09,02,1992,2100.0,0.7,7.4,0.714,4.1,1.2,0.3,0.117
'260',10,02,1992,4960.0,5.1,8.1,0.817,5.1,5.4,0.7,0.188
'260',11,02,1992,1210.0,6.2,8.0,0.951,2.6,1.5,0.2,0.208
'260',12,02,1992,1940.0,7.2,12.3,1.137,3.1,1.4,0.3,0.154
'260',13,02,1992,4650.0,4.5,11.9,0.893,4.1,0.7,0.6,0.058
'260',14,02,1992,4730.0,3.8,8.7,0.821,5.1,1.2,0.6,0.121
'260',15,02,1992,3220.0,4.8,10.3,0.808,6.2,2.4,0.4,0.133
'260',16,02,1992,2800.0,0.7,5.8,0.613,5.7,4.7,0.3,0.246
'260',17,02,1992,7470.0,-3.2,2.8,0.430,3.1,0.5,0.8,0.071
'260',18,02,1992,7620.0,-6.6,3.3,0.374,0.5,0.0,0.8,0.000
'260',19,02,1992,2340.0,-1.9,3.8,0.526,2.1,0.2,0.3,0.079
'260',20,02,1992,6010.0,-1.6,6.3,0.596,1.5,0.1,0.7,0.008
'260',21,02,1992,4130.0,0.5,7.6,0.671,2.6,0.0,0.5,0.000
'260',22,02,1992,4170.0,0.9,6.2,0.672,5.1,0.0,0.5,0.000
'260',23,02,1992,5540.0,-0.2,11.2,0.700,4.1,4.0,0.7,0.121
'260',24,02,1992,1880.0,0.8,8.9,0.820,2.6,0.1,0.2,0.042
'260',25,02,1992,6540.0,0.2,9.9,0.743,2.1,0.0,0.9,0.000
'260',26,02,1992,4250.0,5.5,8.7,0.831,3.1,0.0,0.6,0.000
'260',27,02,1992,7760.0,4.5,12.7,0.848,2.6,0.0,1.1,0.000
'260',28,02,1992,9040.0,2.1,12.7,0.855,2.1,0.0,1.2,0.000
'260',29,02,1992,10020.0,2.8,15.7,0.882,2.6,0.0,1.4,0.000
'260',01,03,1992,10280.0,3.2,15.8,0.800,3.6,0.0,1.5,0.000
'260',02,03,1992,6030.0,5.1,9.8,0.814,5.7,1.9,0.8,0.112
'260',03,03,1992,1550.0,5.3,9.1,0.937,5.1,0.0,0.2,0.000
'260',04,03,1992,4020.0,5.7,12.9,1.068,2.6,0.0,0.6,0.000
'260',05,03,1992,10350.0,4.5,15.0,0.941,4.1,2.7,1.5,0.083
'260',06,03,1992,8800.0,2.8,11.1,0.772,3.6,3.4,1.2,0.088
'260',07,03,1992,11010.0,1.9,13.9,0.736,2.6,0.0,1.5,0.000
'260',08,03,1992,6670.0,4.1,12.3,0.892,2.1,0.0,0.9,0.000
'260',09,03,1992,7370.0,2.0,10.5,0.737,2.1,0.0,1.0,0.000
'260',10,03,1992,10090.0,3.7,12.4,0.756,5.7,3.0,1.4,0.175
'260',11,03,1992,5950.0,3.8,8.0,0.685,6.2,0.0,0.8,0.000
'260',12,03,1992,1430.0,5.8,9.7,0.917,9.3,18.7,0.2,0.671
'260',13,03,1992,2320.0,3.4,9.2,0.752,7.7,10.2,0.3,0.375
'260',14,03,1992,8280.0,0.3,6.7,0.613,4.6,8.0,1.0,0.342
'260',15,03,1992,6940.0,2.7,6.8,0.571,4.1,0.5,0.9,0.054
'260',16,03,1992,12070.0,0.0,9.1,0.604,2.6,0.0,1.6,0.000
'260',17,03,1992,3210.0,7.7,10.6,1.082,2.6,0.0,0.5,0.000
'260',18,03,1992,3760.0,4.0,11.3,0.895,2.6,0.3,0.5,0.042
'260',19,03,1992,10030.0,5.5,11.2,0.839,3.1,0.0,1.4,0.000
'260',20,03,1992,2290.0,8.2,10.2,1.063,5.1,2.6,0.3,0.129
'260',21,03,1992,6670.0,5.2,10.3,0.783,7.2,4.3,0.9,0.071
'260',22,03,1992,3230.0,3.4,8.0,0.777,3.6,8.8,0.4,0.317
'260',23,03,1992,9900.0,2.0,8.5,0.721,2.6,2.1,1.3,0.029
'260',24,03,1992,7360.0,2.0,8.0,0.677,5.7,0.3,0.9,0.033
'260',25,03,1992,6610.0,3.9,7.5,0.666,4.1,1.0,0.8,0.104
'260',26,03,1992,2980.0,2.7,5.9,0.784,3.6,5.6,0.4,0.375
'260',27,03,1992,7030.0,1.7,9.5,0.767,3.6,0.8,0.9,0.046
'260',28,03,1992,10600.0,0.8,6.7,0.605,4.6,0.4,1.3,0.033
'260',29,03,1992,7430.0,-1.8,6.4,0.570,3.1,0.2,0.9,0.029
'260',30,03,1992,11970.0,4.5,11.4,0.789,4.6,2.9,1.7,0.104
'260',31,03,1992,6450.0,4.9,12.0,0.848,4.1,3.7,0.9,0.267
'260',01,04,1992,9990.0,1.8,10.5,0.732,2.1,0.2,1.3,0.067
'260',02,04,1992,9290.0,0.9,9.6,0.723,2.6,1.2,1.2,0.092
'260',03,04,1992,8470.0,4.6,9.0,0.804,2.6,3.7,1.1,0.304
'260',04,04,1992,13890.0,0.7,9.8,0.660,3.1,0.0,1.8,0.000
'260',05,04,1992,11600.0,-1.0,9.5,0.587,2.6,0.0,1.5,0.000
'260',06,04,1992,8930.0,5.3,9.8,0.763,3.6,0.0,1.2,0.000
'260',07,04,1992,11870.0,6.4,14.1,0.798,3.1,0.0,1.7,0.000
'260',08,04,1992,17780.0,3.7,16.4,0.753,3.6,0.0,2.6,0.000
'260',09,04,1992,19270.0,2.0,15.7,0.769,2.6,0.0,2.8,0.000
'260',10,04,1992,18170.0,2.2,17.0,0.715,1.5,0.0,2.7,0.000
'260',11,04,1992,17040.0,1.4,17.6,0.751,1.5,0.0,2.5,0.000
'260',12,04,1992,10900.0,2.3,15.1,0.927,3.6,1.4,1.6,0.112
'260',13,04,1992,9510.0,3.6,10.3,0.786,5.7,1.5,1.3,0.062
'260',14,04,1992,9850.0,7.9,12.8,0.843,5.1,1.9,1.4,0.108
'260',15,04,1992,3920.0,3.7,9.1,0.773,6.2,4.1,0.5,0.325
'260',16,04,1992,11580.0,1.4,7.6,0.577,5.7,6.6,1.4,0.221
'260',17,04,1992,3550.0,0.9,7.5,0.736,3.1,9.4,0.5,0.667
'260',18,04,1992,5540.0,7.5,14.8,1.175,3.6,2.1,0.8,0.188
'260',19,04,1992,19770.0,2.4,13.2,0.724,4.1,0.4,2.8,0.046
'260',20,04,1992,18350.0,0.1,12.7,0.631,2.1,0.0,2.5,0.000
'260',21,04,1992,18380.0,2.4,16.2,0.653,2.6,0.0,2.7,0.000
'260',22,04,1992,12820.0,6.9,14.1,0.907,2.6,0.0,1.9,0.000
'260',23,04,1992,7500.0,5.5,13.4,0.938,3.1,0.9,1.1,0.062
'260',24,04,1992,9900.0,6.6,15.8,0.986,3.6,0.0,1.5,0.000
'260',25,04,1992,14920.0,9.1,15.5,1.036,4.1,2.5,2.3,0.183
'260',26,04,1992,5520.0,8.2,14.0,1.151,4.6,6.1,0.9,0.417
'260',27,04,1992,16570.0,8.5,14.4,0.992,6.2,0.0,2.5,0.000
'260',28,04,1992,7610.0,7.6,12.5,1.010,3.1,8.1,1.1,0.383
'260',29,04,1992,18710.0,4.4,13.0,0.863,3.1,0.0,2.7,0.000
'260',30,04,1992,13400.0,4.5,13.5,0.857,4.1,1.9,1.9,0.108
'260',01,05,1992,8150.0,6.2,11.6,0.900,4.6,15.4,1.2,0.358
'260',02,05,1992,15010.0,5.3,12.3,0.857,3.1,0.2,2.1,0.021
'260',03,05,1992,22980.0,2.7,13.0,0.775,2.6,0.1,3.2,0.012
'260',04,05,1992,23650.0,0.1,16.3,0.743,1.0,0.0,3.4,0.000
'260',05,05,1992,22660.0,2.1,17.5,0.765,2.1,0.0,3.4,0.000
'260',06,05,1992,22110.0,7.6,16.6,0.972,3.1,0.0,3.4,0.000
'260',07,05,1992,10020.0,11.3,18.1,1.319,4.1,0.0,1.6,0.000
'260',08,05,1992,12030.0,7.3,12.6,0.845,5.1,5.0,1.8,0.117
'260',09,05,1992,4870.0,6.8,12.1,0.990,4.6,15.2,0.7,0.408
'260',10,05,1992,16310.0,6.0,13.7,0.900,3.1,4.3,2.4,0.208
'260',11,05,1992,17830.0,8.2,14.2,0.973,3.6,0.5,2.7,0.046
'260',12,05,1992,5500.0,7.4,14.0,0.997,5.7,0.0,0.8,0.000
'260',13,05,1992,21200.0,11.4,21.2,1.319,2.6,0.0,3.6,0.000
'260',14,05,1992,26030.0,13.1,29.4,1.414,4.1,0.0,4.9,0.000
'260',15,05,1992,24550.0,12.7,28.9,1.566,3.1,0.0,4.4,0.000
'260',16,05,1992,27300.0,8.8,18.5,0.899,4.6,0.0,4.4,0.000
'260',17,05,1992,27260.0,8.7,17.0,1.078,4.1,0.0,4.2,0.000
'260',18,05,1992,26610.0,7.7,23.1,1.036,3.6,0.0,4.5,0.000
'260',19,05,1992,26960.0,10.9,24.4,0.993,4.1,0.0,4.8,0.000
'260',20,05,1992,26310.0,10.6,25.2,1.047,3.1,0.0,4.7,0.000
'260',21,05,1992,26080.0,11.6,25.2,1.219,2.6,0.0,4.6,0.000
'260',22,05,1992,25470.0,9.8,27.5,1.169,3.1,0.0,4.7,0.000
'260',23,05,1992,20870.0,11.3,28.1,1.237,3.6,0.0,3.9,0.000
'260',24,05,1992,23500.0,13.4,27.7,1.494,2.6,0.0,4.4,0.000
'260',25,05,1992,22230.0,14.7,28.7,1.544,2.1,0.0,4.2,0.000
'260',26,05,1992,27360.0,13.5,24.8,0.980,5.1,0.0,4.9,0.000
'260',27,05,1992,23150.0,14.4,24.8,1.103,5.7,0.0,4.2,0.000
'260',28,05,1992,26470.0,14.5,27.2,1.236,5.7,0.0,4.9,0.000
'260',29,05,1992,25760.0,14.0,25.5,1.233,4.6,0.5,4.6,0.062
'260',30,05,1992,19660.0,13.6,25.1,1.521,3.1,1.7,3.5,0.129
'260',31,05,1992,18650.0,13.8,25.3,1.532,2.6,0.1,3.4,0.008
'260',01,06,1992,15370.0,15.7,26.0,1.774,3.1,4.0,2.8,0.092
'260',02,06,1992,9240.0,14.3,21.9,1.511,2.1,15.9,1.6,0.137
'260',03,06,1992,10950.0,12.9,20.8,1.530,3.1,0.8,1.9,0.017
'260',04,06,1992,5850.0,12.6,15.3,1.470,3.1,8.9,0.9,0.238
'260',05,06,1992,14400.0,12.7,19.9,1.413,3.1,7.3,2.4,0.117
'260',06,06,1992,12320.0,13.8,20.9,1.720,2.1,0.0,2.1,0.000
'260',07,06,1992,6160.0,11.5,17.5,1.508,1.5,8.4,1.0,0.204
'260',08,06,1992,16750.0,11.0,22.8,1.392,2.6,9.9,2.9,0.108
'260',09,06,1992,16310.0,10.5,22.7,1.407,2.1,1.6,2.8,0.067
'260',10,06,1992,27220.0,12.6,23.5,1.453,3.6,0.0,4.8,0.000
'260',11,06,1992,23420.0,10.3,20.4,1.168,4.6,0.0,3.9,0.000
'260',12,06,1992,22440.0,13.3,21.0,1.304,3.6,0.0,3.9,0.000
'260',13,06,1992,22260.0,10.8,23.4,1.354,2.1,0.0,3.9,0.000
'260',14,06,1992,24780.0,11.9,24.9,1.367,1.5,0.0,4.4,0.000
'260',15,06,1992,26330.0,12.0,27.2,1.474,2.6,0.0,4.9,0.000
'260',16,06,1992,19920.0,12.4,20.4,1.307,6.2,0.0,3.4,0.000
'260',17,06,1992,26320.0,11.7,19.8,1.125,4.6,0.0,4.3,0.000
'260',18,06,1992,10880.0,9.1,17.2,1.128,3.1,2.9,1.7,0.146
'260',19,06,1992,19170.0,8.3,18.0,1.078,3.1,1.9,3.1,0.108
'260',20,06,1992,27680.0,13.5,24.8,1.291,6.7,0.0,4.9,0.000
'260',21,06,1992,21590.0,12.4,21.6,1.409,3.1,0.0,3.7,0.000
'260',22,06,1992,8610.0,12.3,18.2,1.236,2.1,0.0,1.4,0.000
'260',23,06,1992,25410.0,10.4,20.9,1.211,3.6,0.0,4.3,0.000
'260',24,06,1992,17690.0,10.7,19.9,1.206,3.6,0.0,2.9,0.000
'260',25,06,1992,25030.0,11.6,22.3,1.409,3.6,0.0,4.3,0.000
'260',26,06,1992,25090.0,11.1,22.9,1.401,2.6,0.0,4.4,0.000
'260',27,06,1992,26700.0,14.1,26.2,1.590,2.6,0.0,4.9,0.000
'260',28,06,1992,24620.0,14.4,28.7,1.337,2.1,0.0,4.6,0.000
'260',29,06,1992,27490.0,12.7,29.7,1.317,2.1,0.0,5.2,0.000
'260',30,06,1992,22530.0,14.4,30.9,1.520,2.6,1.0,4.2,0.037
'260',01,07,1992,14770.0,17.2,23.9,1.620,3.6,0.0,2.7,0.000
'260',02,07,1992,8450.0,14.8,20.4,1.642,2.6,0.6,1.5,0.029
'260',03,07,1992,16360.0,14.1,23.7,1.622,2.1,26.5,2.9,0.112
'260',04,07,1992,14140.0,13.5,20.8,1.586,2.1,7.4,2.4,0.171
'260',05,07,1992,19960.0,13.4,22.6,1.588,3.6,0.1,3.5,0.017
'260',06,07,1992,28280.0,14.4,22.8,1.289,6.2,0.0,5.0,0.000
'260',07,07,1992,27610.0,10.9,21.4,1.257,3.6,0.0,4.7,0.000
'260',08,07,1992,23440.0,9.6,23.9,1.375,2.1,0.0,4.1,0.000
'260',09,07,1992,20380.0,12.4,26.1,1.375,1.5,0.0,3.7,0.000
'260',10,07,1992,8210.0,12.3,21.2,1.651,2.6,0.4,1.4,0.037
'260',11,07,1992,13960.0,14.3,21.0,1.459,2.1,0.1,2.4,0.012
'260',12,07,1992,15010.0,14.5,19.4,1.455,3.6,2.2,2.6,0.129
'260',13,07,1992,6320.0,14.4,17.6,1.552,5.1,9.0,1.1,0.208
'260',14,07,1992,17370.0,10.0,19.9,1.275,4.1,9.0,2.9,0.321
'260',15,07,1992,25810.0,8.2,21.9,1.135,1.5,0.0,4.4,0.000
'260',16,07,1992,18570.0,15.4,26.3,1.841,2.6,0.0,3.4,0.000
'260',17,07,1992,4410.0,15.7,18.6,1.776,3.1,9.0,0.8,0.275
'260',18,07,1992,15330.0,14.0,21.5,1.421,3.6,0.0,2.7,0.000
'260',19,07,1992,24530.0,13.5,27.4,1.617,3.1,0.0,4.6,0.000
'260',20,07,1992,23270.0,18.9,28.9,2.027,2.1,0.0,4.5,0.000
'260',21,07,1992,14250.0,16.3,25.3,1.961,3.6,3.7,2.6,0.096
'260',22,07,1992,14000.0,11.0,22.5,1.318,2.1,0.0,2.4,0.000
'260',23,07,1992,24300.0,8.7,24.9,1.265,1.5,0.0,4.3,0.000
'260',24,07,1992,15810.0,14.7,27.5,1.589,2.6,0.3,2.9,0.033
'260',25,07,1992,20100.0,14.4,24.3,1.464,2.1,0.0,3.6,0.000
'260',26,07,1992,16510.0,12.1,22.6,1.438,3.1,0.0,2.9,0.000
'260',27,07,1992,12630.0,12.6,20.4,1.257,3.6,1.4,2.2,0.033
'260',28,07,1992,22310.0,11.2,21.0,1.259,2.6,0.0,3.8,0.000
'260',29,07,1992,24030.0,10.6,25.8,1.245,2.6,0.0,4.3,0.000
'260',30,07,1992,20950.0,11.2,26.3,1.593,2.6,0.0,3.8,0.000
'260',31,07,1992,20650.0,13.6,25.2,1.485,3.6,0.0,3.7,0.000
'260',01,08,1992,15760.0,14.1,28.7,1.653,2.6,0.0,2.9,0.000
'260',02,08,1992,12460.0,14.4,22.7,1.665,3.1,0.0,2.2,0.000
'260',03,08,1992,13040.0,14.8,23.5,1.491,4.6,0.3,2.3,0.012
'260',04,08,1992,22380.0,10.9,22.1,1.231,3.6,0.4,3.9,0.017
'260',05,08,1992,23760.0,11.0,26.7,1.274,3.6,0.0,4.3,0.000
'260',06,08,1992,13950.0,12.9,23.4,1.534,3.1,0.0,2.5,0.000
'260',07,08,1992,22160.0,11.1,26.6,1.444,3.1,0.0,4.0,0.000
'260',08,08,1992,20000.0,15.8,30.8,1.928,2.6,2.9,3.9,0.071
'260',09,08,1992,22690.0,18.4,30.8,2.081,4.1,6.5,4.5,0.037
'260',10,08,1992,6320.0,13.8,21.9,1.748,3.6,25.9,1.1,0.375
'260',11,08,1992,16690.0,13.7,21.3,1.378,4.1,0.0,2.9,0.000
'260',12,08,1992,9640.0,13.7,20.4,1.456,5.1,2.9,1.6,0.096
'260',13,08,1992,11300.0,13.4,19.6,1.403,4.6,23.4,1.9,0.362
'260',14,08,1992,14950.0,12.5,19.7,1.387,3.1,25.7,2.5,0.250
'260',15,08,1992,19040.0,12.2,20.5,1.226,2.1,0.0,3.2,0.000
'260',16,08,1992,8330.0,12.3,21.8,1.511,2.6,6.0,1.4,0.146
'260',17,08,1992,14070.0,12.4,20.6,1.385,3.6,0.0,2.4,0.000
'260',18,08,1992,7060.0,10.9,19.3,1.469,2.1,0.0,1.2,0.000
'260',19,08,1992,13950.0,14.6,24.2,1.803,1.5,5.8,2.5,0.067
'260',20,08,1992,3950.0,14.9,22.5,2.065,2.6,20.1,0.7,0.438
'260',21,08,1992,14390.0,13.1,22.5,1.667,2.6,0.1,2.5,0.017
'260',22,08,1992,14990.0,13.4,23.8,1.653,2.1,2.0,2.7,0.054
'260',23,08,1992,17950.0,12.0,19.2,1.179,3.6,0.7,3.0,0.012
'260',24,08,1992,12820.0,12.9,20.7,1.591,4.1,3.7,2.2,0.242
'260',25,08,1992,12280.0,16.8,22.8,1.812,5.7,6.9,2.2,0.229
'260',26,08,1992,13440.0,15.1,21.2,1.659,3.6,3.3,2.4,0.121
'260',27,08,1992,10430.0,16.3,23.9,1.783,4.6,0.0,1.9,0.000
'260',28,08,1992,4000.0,14.0,21.0,1.683,3.6,1.8,0.7,0.175
'260',29,08,1992,9330.0,10.6,19.5,1.324,2.6,7.5,1.5,0.350
'260',30,08,1992,7660.0,9.4,17.8,1.252,5.1,8.9,1.2,0.171
'260',31,08,1992,13900.0,10.8,18.8,1.221,3.1,6.5,2.2,0.250
'260',01,09,1992,9850.0,9.0,16.2,1.100,3.6,7.9,1.5,0.163
'260',02,09,1992,5160.0,10.9,16.3,1.300,5.7,3.4,0.8,0.300
'260',03,09,1992,8090.0,10.8,17.5,1.295,4.6,7.9,1.3,0.212
'260',04,09,1992,7680.0,9.6,15.3,1.093,3.6,16.7,1.2,0.404
'260',05,09,1992,7870.0,7.2,15.4,1.096,2.6,11.8,1.2,0.275
'260',06,09,1992,16950.0,4.2,18.2,0.935,2.6,0.0,2.7,0.000
'260',07,09,1992,9130.0,6.9,19.8,1.197,3.1,0.6,1.5,0.033
'260',08,09,1992,9940.0,9.5,16.1,1.067,3.6,0.4,1.6,0.021
'260',09,09,1992,13670.0,9.1,20.0,1.286,3.1,0.0,2.2,0.000
'260',10,09,1992,16660.0,11.4,20.0,1.203,2.1,0.0,2.8,0.000
'260',11,09,1992,10310.0,10.8,22.3,1.384,4.1,0.1,1.7,0.017
'260',12,09,1992,12420.0,8.5,17.8,1.073,2.1,0.0,1.9,0.000
'260',13,09,1992,8960.0,8.3,18.7,1.178,2.6,2.2,1.4,0.167
'260',14,09,1992,14870.0,10.9,17.4,1.129,3.1,0.0,2.4,0.000
'260',15,09,1992,14800.0,12.6,19.7,1.449,5.1,0.0,2.5,0.000
'260',16,09,1992,8500.0,8.1,18.0,1.153,2.6,0.0,1.4,0.000
'260',17,09,1992,15580.0,6.4,19.5,1.080,3.6,0.0,2.5,0.000
'260',18,09,1992,4630.0,10.7,19.5,1.532,2.1,0.2,0.8,0.012
'260',19,09,1992,6850.0,11.0,18.0,1.434,2.1,0.0,1.1,0.000
'260',20,09,1992,8580.0,13.2,19.5,1.461,1.5,4.0,1.4,0.021
'260',21,09,1992,10470.0,13.4,21.2,1.501,3.1,0.0,1.8,0.000
'260',22,09,1992,7510.0,14.5,21.8,1.705,2.6,0.7,1.3,0.050
'260',23,09,1992,6120.0,10.6,17.2,1.258,4.1,0.2,1.0,0.012
'260',24,09,1992,7950.0,9.3,17.5,1.186,3.6,0.0,1.3,0.000
'260',25,09,1992,10880.0,13.8,21.2,1.458,3.1,0.0,1.9,0.000
'260',26,09,1992,13460.0,12.3,23.6,1.532,2.6,0.0,2.3,0.000
'260',27,09,1992,12580.0,13.1,25.2,1.536,2.6,0.0,2.2,0.000
'260',28,09,1992,12820.0,12.5,24.4,1.489,2.1,0.0,2.2,0.000
'260',29,09,1992,5500.0,11.5,18.8,1.492,1.5,0.0,0.9,0.000
'260',30,09,1992,6960.0,12.9,19.9,1.557,1.5,0.7,1.2,0.033
'260',01,10,1992,3570.0,9.0,16.3,1.260,1.5,0.0,0.6,0.000
'260',02,10,1992,8790.0,7.5,16.9,1.058,1.0,0.0,1.3,0.000
'260',03,10,1992,6580.0,8.4,16.1,1.120,4.1,0.0,1.0,0.000
'260',04,10,1992,10830.0,9.0,16.0,1.046,7.2,0.0,1.7,0.000
'260',05,10,1992,1540.0,6.6,10.9,0.958,6.7,0.2,0.2,0.008
'260',06,10,1992,1270.0,9.5,11.5,1.195,6.7,9.4,0.2,0.688
'260',07,10,1992,4960.0,6.9,14.3,1.079,3.6,1.3,0.7,0.125
'260',08,10,1992,2680.0,8.9,13.4,1.154,1.5,0.0,0.4,0.000
'260',09,10,1992,4950.0,6.0,13.5,0.919,2.6,1.3,0.7,0.117
'260',10,10,1992,11990.0,3.5,13.4,0.792,3.6,0.0,1.7,0.000
'260',11,10,1992,5030.0,2.7,13.4,0.909,1.5,0.2,0.7,0.029
'260',12,10,1992,11410.0,2.1,12.1,0.609,4.1,0.0,1.6,0.000
'260',13,10,1992,11160.0,-1.2,11.2,0.532,1.5,0.0,1.4,0.000
'260',14,10,1992,3560.0,-1.8,11.7,0.742,3.6,11.9,0.5,0.375
'260',15,10,1992,9600.0,3.8,10.0,0.708,5.1,12.7,1.3,0.267
'260',16,10,1992,7920.0,3.1,9.8,0.715,4.1,8.8,1.0,0.233
'260',17,10,1992,6760.0,1.6,9.9,0.779,3.1,2.0,0.9,0.129
'260',18,10,1992,7470.0,2.6,10.3,0.777,3.6,0.3,1.0,0.058
'260',19,10,1992,5720.0,6.1,12.4,0.913,3.6,1.4,0.8,0.075
'260',20,10,1992,7040.0,2.4,12.6,0.903,2.1,5.5,0.9,0.075
'260',21,10,1992,5010.0,2.7,9.7,0.846,2.1,1.7,0.7,0.096
'260',22,10,1992,5000.0,3.2,11.1,0.803,3.1,0.1,0.7,0.021
'260',23,10,1992,2770.0,4.9,10.5,0.867,3.6,13.0,0.4,0.317
'260',24,10,1992,5240.0,3.7,8.8,0.802,3.6,10.4,0.7,0.250
'260',25,10,1992,1500.0,3.2,10.1,0.900,3.6,29.7,0.2,0.558
'260',26,10,1992,7400.0,3.7,12.2,0.835,2.1,0.0,1.0,0.000
'260',27,10,1992,3160.0,4.9,9.1,0.872,3.6,5.7,0.4,0.146
'260',28,10,1992,4910.0,4.4,9.4,0.872,4.6,0.0,0.6,0.000
'260',29,10,1992,4270.0,4.0,9.3,0.881,3.1,8.2,0.6,0.225
'260',30,10,1992,3780.0,2.1,9.2,0.815,1.0,0.0,0.5,0.000
'260',31,10,1992,2620.0,3.0,6.4,0.826,2.6,0.0,0.3,0.000
'260',01,11,1992,5800.0,2.6,9.5,0.766,4.1,0.0,0.8,0.000
'260',02,11,1992,940.0,6.2,10.6,0.896,7.2,12.0,0.1,0.254
'260',03,11,1992,4170.0,5.6,11.1,0.837,3.6,1.3,0.6,0.071
'260',04,11,1992,4320.0,6.0,11.6,0.943,4.1,0.0,0.6,0.000
'260',05,11,1992,1800.0,8.4,14.2,1.256,3.6,0.3,0.3,0.046
'260',06,11,1992,2830.0,9.6,12.9,1.230,4.1,0.0,0.4,0.000
'260',07,11,1992,1120.0,8.9,11.9,1.143,4.1,2.1,0.2,0.267
'260',08,11,1992,5370.0,1.8,12.7,0.774,1.0,0.1,0.7,0.012
'260',09,11,1992,2270.0,0.4,10.0,0.824,3.6,0.5,0.3,0.050
'260',10,11,1992,2600.0,6.1,11.2,0.951,4.6,8.1,0.4,0.150
'260',11,11,1992,720.0,5.9,12.6,0.939,6.7,15.5,0.1,0.325
'260',12,11,1992,3340.0,3.8,8.5,0.717,5.7,8.4,0.4,0.192
'260',13,11,1992,3210.0,1.3,8.2,0.705,3.6,3.9,0.4,0.142
'260',14,11,1992,3370.0,1.5,8.0,0.720,2.6,0.3,0.4,0.012
'260',15,11,1992,440.0,3.7,8.3,0.799,4.1,11.0,0.1,0.325
'260',16,11,1992,720.0,6.1,8.2,0.902,4.1,1.8,0.1,0.225
'260',17,11,1992,1030.0,5.4,7.7,0.849,4.6,19.6,0.1,0.575
'260',18,11,1992,3140.0,4.2,9.9,0.872,5.1,3.7,0.4,0.175
'260',19,11,1992,2270.0,5.0,9.9,0.704,5.7,1.3,0.3,0.067
'260',20,11,1992,3940.0,3.8,8.4,0.696,4.6,0.0,0.5,0.000
'260',21,11,1992,3110.0,3.8,9.4,0.786,3.1,4.9,0.4,0.221
'260',22,11,1992,1310.0,9.4,13.0,1.213,4.6,13.2,0.2,0.346
'260',23,11,1992,1520.0,8.4,12.6,1.052,5.1,0.1,0.2,0.004
'260',24,11,1992,2590.0,9.3,11.8,1.137,3.6,1.5,0.4,0.079
'260',25,11,1992,3190.0,8.8,12.8,1.033,7.2,12.7,0.5,0.250
'260',26,11,1992,2680.0,7.2,13.7,1.000,6.2,2.2,0.4,0.075
'260',27,11,1992,2840.0,3.6,8.7,0.768,4.6,5.4,0.4,0.167
'260',28,11,1992,2830.0,1.4,11.0,0.794,3.6,0.7,0.4,0.029
'260',29,11,1992,1340.0,1.3,11.5,0.905,3.6,0.5,0.2,0.071
'260',30,11,1992,3690.0,10.4,13.5,1.153,5.7,0.7,0.6,0.058
'260',01,12,1992,3610.0,5.9,11.0,0.845,5.7,0.8,0.5,0.046
'260',02,12,1992,630.0,5.6,12.6,0.986,7.2,8.5,0.1,0.271
'260',03,12,1992,3180.0,5.6,8.8,0.775,5.7,3.8,0.4,0.108
'260',04,12,1992,1020.0,3.2,5.8,0.726,4.6,7.5,0.1,0.163
'260',05,12,1992,2920.0,2.2,6.9,0.749,4.1,0.3,0.4,0.012
'260',06,12,1992,3290.0,2.5,5.2,0.701,4.1,0.0,0.4,0.000
'260',07,12,1992,480.0,2.7,7.9,0.824,4.6,13.5,0.1,0.533
'260',08,12,1992,1160.0,2.9,5.6,0.817,1.5,0.0,0.1,0.000
'260',09,12,1992,1300.0,-0.1,4.5,0.640,3.1,0.0,0.2,0.000
'260',10,12,1992,590.0,2.5,3.9,0.666,2.1,0.0,0.1,0.000
'260',11,12,1992,780.0,1.4,10.5,0.861,5.1,20.8,0.1,0.496
'260',12,12,1992,2590.0,4.0,10.4,0.863,3.6,1.8,0.3,0.100
'260',13,12,1992,1940.0,3.8,9.6,0.873,4.1,0.6,0.3,0.079
'260',14,12,1992,740.0,8.1,9.8,0.971,5.1,0.0,0.1,0.000
'260',15,12,1992,760.0,3.5,8.2,0.779,3.6,0.0,0.1,0.000
'260',16,12,1992,1370.0,4.1,8.1,0.845,3.1,0.1,0.2,0.008
'260',17,12,1992,1270.0,2.9,7.8,0.837,2.6,0.0,0.2,0.000
'260',18,12,1992,2270.0,3.7,9.9,0.803,6.2,3.9,0.3,0.229
'260',19,12,1992,690.0,4.8,10.5,0.934,2.6,3.1,0.1,0.200
'260',20,12,1992,770.0,2.1,4.8,0.703,4.6,2.6,0.1,0.217
'260',21,12,1992,490.0,2.2,3.1,0.642,3.1,0.0,0.1,0.000
'260',22,12,1992,400.0,2.4,3.5,0.702,2.6,0.0,0.0,0.000
'260',23,12,1992,540.0,2.2,3.4,0.724,2.1,0.3,0.1,0.021
'260',24,12,1992,510.0,3.2,5.3,0.763,2.1,0.0,0.1,0.000
'260',25,12,1992,420.0,-0.5,3.6,0.643,2.6,0.0,0.0,0.000
'260',26,12,1992,1050.0,-2.2,0.9,0.548,4.1,0.0,0.1,0.000
'260',27,12,1992,2630.0,-1.4,3.5,0.567,4.1,0.0,0.3,0.000
'260',28,12,1992,3340.0,-4.5,0.7,0.459,3.1,0.0,0.3,0.000
'260',29,12,1992,4410.0,-7.5,1.9,0.360,1.5,0.0,0.4,0.000
'260',30,12,1992,3690.0,-8.1,3.6,0.353,1.0,0.0,0.3,0.000
'260',31,12,1992,3420.0,-9.3,1.5,0.409,0.5,0.0,0.3,0.000
