* Source of data    : Royal Netherlands Meterological Institute (www.knmi.nl)
* File content      : Meteo from www.knmi.nl; input file for Swap 3.2 (www.swap.alterra.nl)
* File generated by : Alterra - Wageningen-UR (www.alterra.wur.nl)
* File generated at : 2017-02-27 11:38:43
Station,DD,MM,YYYY,Rad,Tmin,Tmax,Hum,Wind,Rain,ETref,Wet
'260',01,01,1995,1300.0,0.2,3.8,0.556,4.6,8.3,0.1,0.350
'260',02,01,1995,2260.0,-1.2,5.9,0.570,4.6,3.2,0.3,0.163
'260',03,01,1995,1410.0,-3.8,2.3,0.495,2.1,0.0,0.1,0.000
'260',04,01,1995,4200.0,-4.8,0.3,0.444,2.6,0.0,0.4,0.000
'260',05,01,1995,4580.0,-5.9,-1.8,0.327,5.7,0.0,0.4,0.000
'260',06,01,1995,1220.0,-4.5,-1.1,0.463,3.6,5.9,0.1,0.396
'260',07,01,1995,2850.0,-7.9,-0.8,0.381,1.5,0.0,0.3,0.000
'260',08,01,1995,640.0,-2.6,3.5,0.594,4.1,5.3,0.1,0.346
'260',09,01,1995,1740.0,-0.9,8.6,0.761,5.1,10.2,0.2,0.304
'260',10,01,1995,1360.0,2.1,7.8,0.706,5.1,7.3,0.2,0.354
'260',11,01,1995,2790.0,1.0,5.6,0.666,4.1,3.7,0.3,0.129
'260',12,01,1995,3220.0,-0.5,5.1,0.584,4.6,0.7,0.4,0.058
'260',13,01,1995,2270.0,-1.3,6.1,0.644,2.6,0.0,0.3,0.000
'260',14,01,1995,1020.0,4.3,7.5,0.897,4.1,1.3,0.1,0.117
'260',15,01,1995,590.0,6.7,8.2,1.018,4.6,1.8,0.1,0.137
'260',16,01,1995,4290.0,1.6,7.7,0.706,6.2,0.0,0.5,0.000
'260',17,01,1995,3780.0,1.0,7.3,0.641,7.2,0.0,0.5,0.000
'260',18,01,1995,1450.0,3.4,9.4,0.748,5.7,1.3,0.2,0.150
'260',19,01,1995,2830.0,2.3,8.4,0.758,7.2,2.1,0.4,0.154
'260',20,01,1995,3980.0,5.4,10.2,0.746,7.2,0.0,0.6,0.000
'260',21,01,1995,3680.0,4.3,8.6,0.790,7.7,4.6,0.5,0.150
'260',22,01,1995,930.0,3.9,12.1,0.894,7.2,18.2,0.1,0.392
'260',23,01,1995,2970.0,4.4,8.1,0.757,8.7,4.4,0.4,0.146
'260',24,01,1995,2520.0,5.1,7.9,0.763,7.2,1.0,0.3,0.100
'260',25,01,1995,1710.0,3.7,11.5,0.975,3.1,5.2,0.2,0.383
'260',26,01,1995,450.0,1.9,12.2,0.855,8.2,12.5,0.1,0.475
'260',27,01,1995,3670.0,0.3,4.7,0.581,5.7,9.5,0.4,0.275
'260',28,01,1995,2390.0,3.5,10.0,0.861,7.7,5.8,0.3,0.171
'260',29,01,1995,1100.0,5.8,9.3,0.928,4.6,13.7,0.2,0.396
'260',30,01,1995,4680.0,-1.3,6.4,0.565,3.1,0.2,0.6,0.021
'260',31,01,1995,1130.0,-1.5,8.0,0.609,6.2,0.5,0.1,0.058
'260',01,02,1995,600.0,7.2,12.9,1.113,7.2,7.4,0.1,0.292
'260',02,02,1995,5740.0,0.9,8.1,0.618,2.6,0.0,0.7,0.000
'260',03,02,1995,3980.0,2.5,8.9,0.706,5.7,0.0,0.5,0.000
'260',04,02,1995,1960.0,4.3,10.2,0.944,4.6,0.0,0.3,0.000
'260',05,02,1995,1180.0,3.9,8.4,0.916,4.1,0.0,0.2,0.000
'260',06,02,1995,1140.0,8.3,10.5,1.062,5.7,1.1,0.2,0.083
'260',07,02,1995,1390.0,7.8,9.6,0.964,6.2,0.0,0.2,0.000
'260',08,02,1995,1040.0,1.4,8.8,0.844,3.1,9.6,0.1,0.304
'260',09,02,1995,3510.0,-1.6,5.0,0.524,1.5,0.0,0.4,0.000
'260',10,02,1995,1240.0,-2.0,5.5,0.595,3.6,2.9,0.1,0.212
'260',11,02,1995,1630.0,5.5,12.1,1.033,6.2,4.7,0.2,0.283
'260',12,02,1995,7080.0,6.3,11.7,0.855,6.7,0.0,1.0,0.000
'260',13,02,1995,2850.0,6.0,10.9,0.958,5.1,1.0,0.4,0.050
'260',14,02,1995,5180.0,6.2,10.9,0.904,6.2,2.0,0.7,0.104
'260',15,02,1995,4000.0,7.8,11.9,1.005,8.2,15.5,0.6,0.250
'260',16,02,1995,4310.0,7.2,10.0,0.840,8.7,2.1,0.6,0.142
'260',17,02,1995,5400.0,4.4,10.0,0.745,7.2,1.2,0.7,0.067
'260',18,02,1995,4110.0,4.0,8.3,0.786,4.1,1.3,0.5,0.062
'260',19,02,1995,3970.0,6.3,11.6,1.012,6.7,12.5,0.6,0.442
'260',20,02,1995,4880.0,6.5,11.4,0.906,5.1,1.9,0.7,0.129
'260',21,02,1995,1760.0,3.4,10.9,0.858,5.7,4.4,0.2,0.142
'260',22,02,1995,9200.0,3.1,9.1,0.629,7.7,0.0,1.2,0.000
'260',23,02,1995,6840.0,3.2,7.8,0.736,6.7,1.4,0.9,0.167
'260',24,02,1995,2310.0,-0.5,6.6,0.696,2.1,3.1,0.3,0.258
'260',25,02,1995,4870.0,0.7,6.6,0.711,2.1,2.5,0.6,0.117
'260',26,02,1995,6730.0,-1.0,6.5,0.644,3.6,1.4,0.8,0.075
'260',27,02,1995,6240.0,-0.9,7.5,0.625,6.2,2.6,0.8,0.204
'260',28,02,1995,4110.0,6.7,11.9,1.015,8.2,0.0,0.6,0.000
'260',01,03,1995,3380.0,5.2,10.4,0.771,9.3,0.5,0.5,0.033
'260',02,03,1995,5910.0,1.0,5.7,0.621,6.2,6.0,0.7,0.188
'260',03,03,1995,5570.0,0.2,6.5,0.581,8.2,12.3,0.7,0.296
'260',04,03,1995,8070.0,0.2,5.1,0.622,3.6,2.0,0.9,0.092
'260',05,03,1995,1270.0,0.6,3.4,0.617,6.2,9.7,0.1,0.383
'260',06,03,1995,6010.0,1.4,6.8,0.626,5.1,5.3,0.7,0.212
'260',07,03,1995,10460.0,0.7,8.0,0.620,6.7,0.5,1.3,0.029
'260',08,03,1995,4590.0,2.2,7.6,0.660,6.7,1.5,0.6,0.154
'260',09,03,1995,10880.0,1.3,10.0,0.639,4.1,1.3,1.4,0.037
'260',10,03,1995,12960.0,1.9,11.2,0.594,7.2,0.0,1.7,0.000
'260',11,03,1995,12330.0,3.8,13.4,0.737,4.6,0.0,1.7,0.000
'260',12,03,1995,11180.0,0.8,15.0,0.839,2.1,0.0,1.5,0.000
'260',13,03,1995,13470.0,2.5,14.4,0.610,3.6,0.0,1.8,0.000
'260',14,03,1995,12570.0,-0.4,7.4,0.567,3.6,0.3,1.5,0.033
'260',15,03,1995,8400.0,0.5,8.3,0.584,4.1,5.6,1.1,0.238
'260',16,03,1995,12240.0,0.5,9.3,0.606,5.7,0.0,1.6,0.000
'260',17,03,1995,2720.0,4.2,12.5,0.867,9.3,9.4,0.4,0.367
'260',18,03,1995,11130.0,4.9,10.9,0.733,7.7,0.0,1.5,0.000
'260',19,03,1995,13240.0,3.0,9.4,0.669,4.6,2.4,1.7,0.071
'260',20,03,1995,10140.0,2.1,7.5,0.653,5.7,1.5,1.3,0.083
'260',21,03,1995,8870.0,-1.0,8.6,0.568,3.6,1.6,1.1,0.104
'260',22,03,1995,13630.0,-2.3,9.3,0.563,2.1,0.0,1.6,0.000
'260',23,03,1995,15760.0,-1.3,13.8,0.604,3.6,0.0,2.1,0.000
'260',24,03,1995,8810.0,5.9,11.7,0.862,4.6,0.0,1.3,0.000
'260',25,03,1995,12240.0,5.5,9.9,0.749,6.2,4.7,1.7,0.196
'260',26,03,1995,4880.0,5.3,11.6,0.926,6.2,2.8,0.7,0.137
'260',27,03,1995,11760.0,-0.8,8.6,0.480,7.2,5.6,1.4,0.258
'260',28,03,1995,4340.0,-1.6,4.5,0.522,4.1,6.1,0.5,0.371
'260',29,03,1995,15040.0,-0.6,7.7,0.533,5.7,1.0,1.8,0.071
'260',30,03,1995,12740.0,-1.6,8.9,0.508,2.6,0.2,1.6,0.021
'260',31,03,1995,1960.0,4.8,10.4,0.899,4.1,7.7,0.3,0.517
'260',01,04,1995,4380.0,8.6,14.9,1.217,3.6,0.0,0.7,0.000
'260',02,04,1995,17250.0,7.5,17.4,1.064,6.2,0.0,2.6,0.000
'260',03,04,1995,4240.0,7.9,10.2,1.004,4.6,0.0,0.6,0.000
'260',04,04,1995,14000.0,1.1,12.2,0.683,3.6,0.0,2.0,0.000
'260',05,04,1995,12590.0,-1.2,13.9,0.751,3.1,0.0,1.7,0.000
'260',06,04,1995,6100.0,7.8,13.2,1.110,3.6,0.0,0.9,0.000
'260',07,04,1995,8000.0,5.2,14.4,0.970,5.7,0.0,1.2,0.000
'260',08,04,1995,12760.0,3.5,10.1,0.662,5.7,0.0,1.7,0.000
'260',09,04,1995,8470.0,2.9,8.4,0.651,3.1,0.2,1.1,0.083
'260',10,04,1995,4710.0,5.8,11.0,0.995,3.1,2.6,0.7,0.317
'260',11,04,1995,15040.0,6.2,15.8,1.003,2.1,0.0,2.2,0.000
'260',12,04,1995,16170.0,6.1,13.1,0.847,4.6,0.0,2.3,0.000
'260',13,04,1995,11820.0,6.8,12.5,0.923,4.6,0.0,1.7,0.000
'260',14,04,1995,7640.0,4.0,12.4,0.862,2.6,0.0,1.1,0.000
'260',15,04,1995,3520.0,2.6,11.1,0.903,3.1,0.2,0.5,0.033
'260',16,04,1995,13270.0,4.7,10.8,0.816,4.1,1.0,1.8,0.062
'260',17,04,1995,3050.0,6.8,9.6,0.951,5.1,5.3,0.4,0.317
'260',18,04,1995,8740.0,0.5,10.1,0.712,4.6,5.5,1.2,0.208
'260',19,04,1995,14010.0,0.0,10.1,0.580,2.1,2.3,1.7,0.054
'260',20,04,1995,13400.0,-1.0,9.8,0.657,2.6,0.0,1.6,0.000
'260',21,04,1995,14570.0,-1.9,12.4,0.580,3.6,1.3,2.0,0.112
'260',22,04,1995,10860.0,7.0,15.8,1.094,3.1,0.7,1.6,0.075
'260',23,04,1995,16380.0,2.4,17.0,0.828,3.6,0.0,2.4,0.000
'260',24,04,1995,18340.0,7.9,25.8,1.137,5.1,0.0,3.2,0.000
'260',25,04,1995,17340.0,12.4,21.9,1.228,5.7,0.0,3.0,0.000
'260',26,04,1995,19470.0,9.8,20.8,1.209,4.6,0.0,3.2,0.000
'260',27,04,1995,6820.0,6.6,10.9,0.867,4.1,0.0,1.0,0.000
'260',28,04,1995,11960.0,4.4,11.0,0.669,2.6,0.0,1.6,0.000
'260',29,04,1995,18060.0,2.1,15.6,0.724,3.1,0.0,2.6,0.000
'260',30,04,1995,7970.0,5.7,14.1,0.935,2.1,0.1,1.2,0.042
'260',01,05,1995,20230.0,3.6,19.5,0.996,2.1,0.0,3.2,0.000
'260',02,05,1995,22980.0,8.0,21.5,0.944,3.1,0.0,3.8,0.000
'260',03,05,1995,23520.0,7.6,23.1,0.873,2.6,0.0,4.0,0.000
'260',04,05,1995,21920.0,7.1,24.9,0.962,1.5,0.0,3.8,0.000
'260',05,05,1995,20920.0,8.3,26.1,1.055,1.5,0.0,3.6,0.000
'260',06,05,1995,22290.0,7.0,23.9,1.064,2.1,0.0,3.8,0.000
'260',07,05,1995,23260.0,8.2,24.7,1.050,2.6,0.0,4.0,0.000
'260',08,05,1995,12590.0,9.7,14.8,1.085,4.1,1.6,2.0,0.029
'260',09,05,1995,9460.0,8.1,11.6,1.018,4.1,3.7,1.4,0.175
'260',10,05,1995,13430.0,6.3,13.5,0.914,3.1,0.8,2.0,0.012
'260',11,05,1995,8100.0,2.4,10.9,0.809,3.1,0.2,1.1,0.021
'260',12,05,1995,12920.0,5.2,12.6,0.784,5.7,0.0,1.8,0.000
'260',13,05,1995,16820.0,4.3,12.8,0.743,6.2,0.2,2.4,0.021
'260',14,05,1995,21030.0,1.7,12.6,0.609,3.6,0.0,2.9,0.000
'260',15,05,1995,16570.0,1.6,14.5,0.646,3.6,0.5,2.4,0.037
'260',16,05,1995,16250.0,2.5,15.4,0.742,3.6,0.0,2.4,0.000
'260',17,05,1995,5230.0,7.7,15.7,1.180,3.1,9.4,0.8,0.417
'260',18,05,1995,6040.0,1.7,10.3,0.790,3.1,3.7,0.8,0.242
'260',19,05,1995,16300.0,0.1,14.4,0.833,2.6,11.4,2.2,0.083
'260',20,05,1995,19580.0,1.6,16.3,0.871,3.1,0.2,2.8,0.012
'260',21,05,1995,22550.0,4.6,13.4,0.793,2.6,0.0,3.2,0.000
'260',22,05,1995,24580.0,3.3,17.7,0.803,2.1,0.0,3.7,0.000
'260',23,05,1995,20690.0,8.8,22.6,1.086,2.1,0.0,3.5,0.000
'260',24,05,1995,17410.0,9.4,25.2,1.359,2.6,8.4,3.0,0.212
'260',25,05,1995,15170.0,13.1,21.2,1.534,2.1,37.2,2.6,0.183
'260',26,05,1995,18350.0,12.7,20.9,1.328,2.1,2.3,3.1,0.121
'260',27,05,1995,17440.0,11.7,20.7,1.391,3.6,0.0,3.0,0.000
'260',28,05,1995,12000.0,13.0,23.2,1.559,3.6,18.5,2.1,0.271
'260',29,05,1995,20430.0,9.5,20.0,1.132,2.6,0.4,3.4,0.012
'260',30,05,1995,20580.0,9.0,19.8,1.128,2.1,0.0,3.4,0.000
'260',31,05,1995,22150.0,10.6,19.5,1.160,3.1,0.0,3.7,0.000
'260',01,06,1995,20890.0,7.8,16.5,1.167,3.1,0.0,3.3,0.000
'260',02,06,1995,13280.0,6.9,17.2,1.037,2.1,0.0,2.1,0.000
'260',03,06,1995,15920.0,7.2,19.6,1.067,2.6,0.6,2.6,0.117
'260',04,06,1995,11940.0,11.1,18.1,1.408,2.6,8.7,1.9,0.271
'260',05,06,1995,21160.0,10.8,18.1,1.312,3.1,0.1,3.4,0.017
'260',06,06,1995,8730.0,10.4,15.0,1.156,2.1,0.0,1.4,0.000
'260',07,06,1995,7220.0,7.2,14.5,1.081,4.1,6.1,1.1,0.283
'260',08,06,1995,17710.0,6.4,14.3,0.965,5.1,1.1,2.7,0.125
'260',09,06,1995,6660.0,9.2,11.7,1.147,4.6,13.0,1.0,0.575
'260',10,06,1995,12540.0,9.8,15.3,1.260,3.6,10.0,1.9,0.292
'260',11,06,1995,13370.0,9.5,16.9,1.152,2.6,11.4,2.1,0.204
'260',12,06,1995,10890.0,9.2,14.6,1.130,3.1,0.4,1.7,0.042
'260',13,06,1995,21550.0,7.9,18.6,1.165,3.1,0.0,3.4,0.000
'260',14,06,1995,6830.0,10.3,13.5,1.223,3.6,0.4,1.0,0.100
'260',15,06,1995,5790.0,8.2,12.9,1.169,3.6,6.9,0.9,0.475
'260',16,06,1995,6760.0,9.3,13.1,1.151,3.6,2.6,1.0,0.229
'260',17,06,1995,5670.0,11.3,15.4,1.387,5.1,6.2,0.9,0.479
'260',18,06,1995,21900.0,9.7,19.0,1.184,3.1,0.6,3.6,0.042
'260',19,06,1995,27250.0,9.7,22.1,1.314,3.1,0.0,4.7,0.000
'260',20,06,1995,20890.0,12.8,26.3,1.612,2.1,0.0,3.8,0.000
'260',21,06,1995,19720.0,10.8,20.9,1.389,3.6,0.0,3.3,0.000
'260',22,06,1995,20730.0,9.4,16.4,1.104,4.6,0.0,3.3,0.000
'260',23,06,1995,14610.0,11.0,18.4,1.293,4.1,0.0,2.4,0.000
'260',24,06,1995,19600.0,11.0,20.4,1.356,3.6,0.0,3.3,0.000
'260',25,06,1995,28380.0,13.4,24.5,1.530,3.6,0.0,5.0,0.000
'260',26,06,1995,25800.0,13.1,26.6,1.729,3.6,0.0,4.7,0.000
'260',27,06,1995,27980.0,14.3,28.8,1.602,4.1,0.0,5.3,0.000
'260',28,06,1995,27830.0,16.7,29.1,1.762,4.1,0.0,5.3,0.000
'260',29,06,1995,29150.0,12.5,25.7,1.336,3.6,0.0,5.3,0.000
'260',30,06,1995,28600.0,11.0,28.8,1.250,2.1,0.0,5.3,0.000
'260',01,07,1995,23880.0,12.8,22.4,1.393,4.6,0.0,4.1,0.000
'260',02,07,1995,22010.0,10.7,25.9,1.489,2.6,0.0,3.9,0.000
'260',03,07,1995,4540.0,10.6,16.6,1.414,2.6,11.0,0.7,0.179
'260',04,07,1995,17590.0,9.5,18.7,1.188,3.6,0.0,2.9,0.000
'260',05,07,1995,21550.0,11.3,21.5,1.362,2.1,0.0,3.7,0.000
'260',06,07,1995,19770.0,11.0,23.3,1.572,2.6,0.0,3.5,0.000
'260',07,07,1995,21700.0,10.1,24.7,1.552,2.6,0.0,3.8,0.000
'260',08,07,1995,24030.0,13.1,27.6,1.732,3.1,0.0,4.5,0.000
'260',09,07,1995,22880.0,16.9,27.8,2.175,4.1,0.5,4.4,0.012
'260',10,07,1995,24760.0,18.2,32.4,1.983,3.6,0.0,4.9,0.000
'260',11,07,1995,22000.0,18.6,31.8,2.125,3.6,0.0,4.3,0.000
'260',12,07,1995,15640.0,16.0,27.2,2.027,2.6,0.0,2.9,0.000
'260',13,07,1995,25530.0,14.9,29.2,1.681,2.6,0.0,4.9,0.000
'260',14,07,1995,20760.0,16.2,24.9,1.753,3.1,8.7,3.9,0.104
'260',15,07,1995,19150.0,15.8,23.9,1.808,4.1,0.2,3.5,0.029
'260',16,07,1995,18370.0,14.1,22.7,1.644,3.6,4.7,3.2,0.021
'260',17,07,1995,13770.0,14.2,21.8,1.626,3.6,0.4,2.4,0.008
'260',18,07,1995,4650.0,16.1,19.1,1.901,4.6,7.4,0.8,0.254
'260',19,07,1995,7780.0,16.0,23.1,2.040,2.6,0.0,1.4,0.000
'260',20,07,1995,20850.0,15.4,28.6,2.049,1.5,0.0,3.9,0.000
'260',21,07,1995,21230.0,15.9,32.0,2.068,2.6,5.9,4.1,0.079
'260',22,07,1995,23290.0,11.0,20.4,1.260,2.6,0.0,4.0,0.000
'260',23,07,1995,19670.0,8.3,22.6,1.178,1.0,0.0,3.3,0.000
'260',24,07,1995,23660.0,10.1,25.1,1.271,2.6,0.0,4.2,0.000
'260',25,07,1995,26700.0,12.4,25.8,1.368,4.1,0.0,4.8,0.000
'260',26,07,1995,23620.0,14.6,31.5,1.582,4.6,0.0,4.5,0.000
'260',27,07,1995,9070.0,16.8,24.2,2.074,2.6,7.4,1.6,0.158
'260',28,07,1995,16600.0,16.6,24.0,1.914,1.5,0.0,3.0,0.000
'260',29,07,1995,15560.0,14.8,27.7,1.770,1.5,0.0,2.9,0.000
'260',30,07,1995,23170.0,18.4,30.6,1.849,2.6,0.0,4.5,0.000
'260',31,07,1995,23610.0,17.8,32.3,1.567,3.6,0.0,4.7,0.000
'260',01,08,1995,24100.0,19.4,32.0,1.586,4.1,0.0,4.8,0.000
'260',02,08,1995,25330.0,17.8,29.9,1.469,5.7,0.0,4.9,0.000
'260',03,08,1995,21500.0,15.4,29.0,1.661,3.1,0.0,4.1,0.000
'260',04,08,1995,19180.0,15.0,23.9,1.630,3.1,0.0,3.4,0.000
'260',05,08,1995,25040.0,11.7,27.1,1.494,2.6,0.0,4.6,0.000
'260',06,08,1995,20900.0,16.5,26.6,2.036,3.6,0.0,3.9,0.000
'260',07,08,1995,9580.0,15.2,20.6,1.450,3.6,0.0,1.7,0.000
'260',08,08,1995,19550.0,14.2,23.0,1.473,4.6,0.0,3.5,0.000
'260',09,08,1995,23360.0,12.1,25.5,1.419,3.6,0.0,4.2,0.000
'260',10,08,1995,23780.0,11.6,29.1,1.267,3.1,0.0,4.4,0.000
'260',11,08,1995,23070.0,14.6,31.2,1.303,3.1,0.0,4.4,0.000
'260',12,08,1995,21780.0,15.0,31.2,1.526,2.6,0.0,4.2,0.000
'260',13,08,1995,12680.0,13.7,24.7,1.710,3.1,0.0,2.3,0.000
'260',14,08,1995,14480.0,11.4,22.3,1.414,2.6,0.0,2.5,0.000
'260',15,08,1995,18250.0,9.2,24.3,1.417,1.5,0.0,3.2,0.000
'260',16,08,1995,19380.0,11.8,25.7,1.336,3.1,0.0,3.5,0.000
'260',17,08,1995,19580.0,16.5,27.5,1.718,3.1,0.0,3.7,0.000
'260',18,08,1995,20440.0,15.0,29.6,1.558,3.1,0.0,3.9,0.000
'260',19,08,1995,18760.0,15.8,31.6,1.501,3.1,0.0,3.6,0.000
'260',20,08,1995,20080.0,16.8,28.1,1.736,3.6,0.0,3.8,0.000
'260',21,08,1995,20270.0,14.8,26.4,1.857,3.1,0.0,3.7,0.000
'260',22,08,1995,17340.0,16.6,30.7,1.872,2.6,0.0,3.3,0.000
'260',23,08,1995,18420.0,16.4,29.2,1.925,2.6,0.0,3.5,0.000
'260',24,08,1995,16530.0,15.4,23.7,1.584,3.1,0.0,3.0,0.000
'260',25,08,1995,8980.0,16.1,23.2,1.924,4.6,5.4,1.6,0.133
'260',26,08,1995,14250.0,14.0,21.0,1.421,3.6,2.2,2.5,0.171
'260',27,08,1995,9560.0,9.7,18.3,1.233,3.1,4.0,1.6,0.158
'260',28,08,1995,12770.0,10.0,18.9,1.263,4.1,4.7,2.1,0.183
'260',29,08,1995,10720.0,10.3,17.9,1.182,3.6,1.5,1.7,0.083
'260',30,08,1995,18130.0,10.1,19.0,1.127,3.1,1.4,3.0,0.050
'260',31,08,1995,14040.0,11.0,18.7,1.196,3.1,0.2,2.3,0.029
'260',01,09,1995,19470.0,9.8,20.5,1.233,4.1,0.0,3.3,0.000
'260',02,09,1995,6620.0,13.3,19.8,1.433,2.1,2.6,1.1,0.129
'260',03,09,1995,11400.0,10.8,19.2,1.282,2.6,0.0,1.9,0.000
'260',04,09,1995,11460.0,10.4,18.9,1.332,4.6,1.8,1.9,0.062
'260',05,09,1995,11500.0,11.4,19.7,1.425,3.6,0.4,1.9,0.017
'260',06,09,1995,11480.0,10.6,20.5,1.332,3.6,0.7,1.9,0.025
'260',07,09,1995,6730.0,13.0,20.1,1.531,4.6,4.0,1.1,0.183
'260',08,09,1995,2470.0,14.6,17.3,1.621,5.7,5.0,0.4,0.367
'260',09,09,1995,9020.0,14.1,19.8,1.445,5.7,0.0,1.5,0.000
'260',10,09,1995,11530.0,13.0,22.2,1.556,3.6,0.5,2.0,0.083
'260',11,09,1995,6820.0,12.5,21.4,1.571,4.6,5.4,1.2,0.221
'260',12,09,1995,11920.0,9.2,20.6,1.334,2.6,0.0,2.0,0.000
'260',13,09,1995,8300.0,9.3,19.8,1.313,1.5,0.0,1.3,0.000
'260',14,09,1995,11130.0,9.6,19.3,1.236,2.6,0.0,1.8,0.000
'260',15,09,1995,9650.0,10.5,19.4,1.423,2.6,0.2,1.6,0.021
'260',16,09,1995,13380.0,9.8,20.1,1.347,2.6,0.1,2.2,0.017
'260',17,09,1995,11090.0,12.0,20.5,1.423,2.6,0.0,1.8,0.000
'260',18,09,1995,11590.0,10.7,23.2,1.391,3.1,0.0,2.0,0.000
'260',19,09,1995,13820.0,12.5,21.3,1.425,4.6,0.0,2.3,0.000
'260',20,09,1995,9050.0,9.1,17.3,1.131,4.1,0.1,1.4,0.017
'260',21,09,1995,7550.0,8.5,17.6,1.360,2.1,1.3,1.2,0.025
'260',22,09,1995,5790.0,11.3,18.2,1.391,2.1,0.0,0.9,0.000
'260',23,09,1995,5340.0,10.7,17.2,1.360,1.5,0.8,0.9,0.054
'260',24,09,1995,8390.0,11.4,17.8,1.316,4.6,6.3,1.3,0.275
'260',25,09,1995,11860.0,10.3,17.9,1.262,3.6,0.0,1.9,0.000
'260',26,09,1995,1670.0,10.7,16.1,1.430,5.1,24.4,0.3,0.575
'260',27,09,1995,6900.0,8.0,15.6,1.139,3.6,20.1,1.1,0.537
'260',28,09,1995,7350.0,4.4,11.8,0.835,3.1,9.7,1.0,0.258
'260',29,09,1995,8480.0,6.4,14.1,0.955,3.6,6.1,1.2,0.154
'260',30,09,1995,5390.0,7.0,14.8,1.149,2.1,6.3,0.8,0.150
'260',01,10,1995,3180.0,8.0,17.7,1.407,3.6,4.6,0.5,0.217
'260',02,10,1995,10100.0,5.5,17.9,1.149,3.1,0.0,1.6,0.000
'260',03,10,1995,5650.0,9.9,19.9,1.574,3.1,1.9,0.9,0.079
'260',04,10,1995,9450.0,13.8,21.7,1.672,4.6,4.1,1.6,0.062
'260',05,10,1995,6550.0,9.7,18.3,1.285,3.6,0.5,1.1,0.054
'260',06,10,1995,10950.0,7.9,18.8,1.162,4.1,0.0,1.8,0.000
'260',07,10,1995,4260.0,14.0,17.8,1.586,3.6,2.2,0.7,0.058
'260',08,10,1995,11110.0,11.4,23.6,1.606,2.6,0.0,1.9,0.000
'260',09,10,1995,10030.0,11.6,22.9,1.646,2.1,0.0,1.7,0.000
'260',10,10,1995,7610.0,9.8,22.9,1.653,1.5,0.0,1.3,0.000
'260',11,10,1995,4610.0,14.2,19.8,1.791,2.1,0.0,0.8,0.000
'260',12,10,1995,6310.0,12.6,20.2,1.700,2.1,0.0,1.1,0.000
'260',13,10,1995,3540.0,10.1,18.4,1.518,1.5,0.0,0.6,0.000
'260',14,10,1995,9260.0,9.0,19.1,1.403,2.1,0.0,1.5,0.000
'260',15,10,1995,7620.0,11.0,20.0,1.615,2.1,0.0,1.3,0.000
'260',16,10,1995,4060.0,10.5,17.4,1.460,1.5,0.0,0.6,0.000
'260',17,10,1995,5460.0,10.7,16.5,1.469,4.1,0.4,0.9,0.062
'260',18,10,1995,5520.0,8.0,16.7,1.163,2.6,0.0,0.9,0.000
'260',19,10,1995,5880.0,10.6,15.2,1.227,4.1,0.0,0.9,0.000
'260',20,10,1995,2070.0,4.2,15.3,1.099,3.1,0.6,0.3,0.046
'260',21,10,1995,5960.0,2.8,13.3,0.794,1.5,0.0,0.8,0.000
'260',22,10,1995,9130.0,1.7,12.1,0.755,2.6,0.0,1.2,0.000
'260',23,10,1995,8240.0,1.8,15.5,0.955,3.1,0.0,1.2,0.000
'260',24,10,1995,8080.0,9.6,19.4,1.228,5.1,0.0,1.3,0.000
'260',25,10,1995,6650.0,7.6,16.7,1.102,5.1,1.2,1.1,0.025
'260',26,10,1995,3750.0,7.5,15.8,1.267,3.6,1.4,0.6,0.054
'260',27,10,1995,1250.0,10.3,17.6,1.502,3.6,1.4,0.2,0.154
'260',28,10,1995,6660.0,2.3,14.4,0.853,1.5,0.0,0.9,0.000
'260',29,10,1995,7550.0,0.6,12.4,0.816,2.1,0.0,1.0,0.000
'260',30,10,1995,7000.0,0.6,12.7,0.848,1.5,0.0,0.9,0.000
'260',31,10,1995,6150.0,0.4,13.6,0.906,2.1,1.9,0.8,0.046
'260',01,11,1995,1540.0,4.3,11.7,0.979,2.1,1.2,0.2,0.088
'260',02,11,1995,5620.0,2.5,12.2,0.856,2.6,0.2,0.8,0.054
'260',03,11,1995,4130.0,1.3,10.9,0.703,4.6,1.8,0.6,0.200
'260',04,11,1995,6200.0,-3.4,6.2,0.479,2.1,0.1,0.7,0.029
'260',05,11,1995,7180.0,-4.1,5.7,0.480,1.5,0.0,0.8,0.000
'260',06,11,1995,5240.0,-3.8,6.8,0.582,3.6,0.0,0.6,0.000
'260',07,11,1995,740.0,2.2,9.1,0.861,1.5,1.1,0.1,0.121
'260',08,11,1995,1950.0,5.7,13.6,1.128,2.1,0.4,0.3,0.029
'260',09,11,1995,1210.0,9.0,12.5,1.241,3.1,0.0,0.2,0.000
'260',10,11,1995,2830.0,6.5,9.7,1.014,3.1,0.1,0.4,0.021
'260',11,11,1995,4240.0,9.5,15.4,1.097,3.6,0.1,0.6,0.021
'260',12,11,1995,5690.0,6.7,15.9,0.876,4.6,0.0,0.9,0.000
'260',13,11,1995,4730.0,3.4,10.2,0.814,3.1,0.0,0.6,0.000
'260',14,11,1995,2160.0,8.2,12.9,1.176,3.6,0.5,0.3,0.092
'260',15,11,1995,1050.0,6.7,11.0,1.068,4.1,2.5,0.2,0.196
'260',16,11,1995,1800.0,6.3,12.3,1.042,4.6,4.0,0.3,0.129
'260',17,11,1995,2290.0,-0.3,6.5,0.691,2.1,6.3,0.3,0.142
'260',18,11,1995,3430.0,-1.2,6.9,0.598,3.1,2.0,0.4,0.104
'260',19,11,1995,2380.0,3.4,8.9,0.804,3.6,16.4,0.3,0.362
'260',20,11,1995,5050.0,-0.7,9.4,0.644,2.1,0.0,0.6,0.000
'260',21,11,1995,4590.0,-0.2,4.9,0.518,4.6,0.0,0.5,0.000
'260',22,11,1995,1210.0,1.3,9.5,0.769,3.1,0.5,0.2,0.088
'260',23,11,1995,3300.0,8.1,11.1,1.075,4.1,0.0,0.5,0.000
'260',24,11,1995,1690.0,7.1,11.3,0.948,5.1,0.0,0.2,0.000
'260',25,11,1995,3900.0,6.8,12.8,1.006,4.6,0.0,0.6,0.000
'260',26,11,1995,2980.0,5.4,12.0,0.885,4.1,0.0,0.4,0.000
'260',27,11,1995,2000.0,4.8,9.3,0.914,3.1,0.0,0.3,0.000
'260',28,11,1995,3510.0,1.4,10.3,0.833,1.5,0.0,0.5,0.000
'260',29,11,1995,990.0,3.0,6.2,0.829,2.6,0.0,0.1,0.000
'260',30,11,1995,1120.0,1.4,4.9,0.710,4.1,0.0,0.1,0.000
'260',01,12,1995,570.0,0.3,3.8,0.644,4.1,0.0,0.1,0.000
'260',02,12,1995,650.0,0.4,4.2,0.710,3.1,0.0,0.1,0.000
'260',03,12,1995,720.0,-1.1,3.3,0.622,3.6,0.0,0.1,0.000
'260',04,12,1995,2010.0,-2.2,1.5,0.506,5.1,0.0,0.2,0.000
'260',05,12,1995,3370.0,-3.8,-2.1,0.344,6.2,0.0,0.3,0.000
'260',06,12,1995,2360.0,-5.2,-2.9,0.332,5.1,0.0,0.2,0.000
'260',07,12,1995,2210.0,-4.5,-0.2,0.430,3.1,0.0,0.2,0.000
'260',08,12,1995,3430.0,-5.9,1.2,0.478,2.6,0.0,0.3,0.000
'260',09,12,1995,940.0,-2.3,0.8,0.546,2.6,0.0,0.1,0.000
'260',10,12,1995,1030.0,-3.7,-1.1,0.514,1.0,0.0,0.1,0.000
'260',11,12,1995,870.0,-4.6,3.5,0.606,1.0,0.2,0.1,0.046
'260',12,12,1995,2650.0,1.3,4.4,0.691,3.1,0.0,0.3,0.000
'260',13,12,1995,980.0,-2.5,2.2,0.565,2.1,0.2,0.1,0.004
'260',14,12,1995,1890.0,-2.5,1.3,0.497,6.2,0.0,0.2,0.000
'260',15,12,1995,1160.0,-3.5,0.6,0.440,6.2,0.0,0.1,0.000
'260',16,12,1995,2930.0,-3.8,0.8,0.479,5.1,0.0,0.3,0.000
'260',17,12,1995,1640.0,-3.5,0.1,0.516,3.1,0.0,0.2,0.000
'260',18,12,1995,720.0,-1.6,1.6,0.614,1.5,1.4,0.1,0.188
'260',19,12,1995,630.0,-0.2,2.5,0.667,1.0,0.0,0.1,0.000
'260',20,12,1995,1040.0,-4.0,3.2,0.588,2.1,10.5,0.1,0.333
'260',21,12,1995,990.0,-3.9,0.1,0.496,3.1,0.4,0.1,0.125
'260',22,12,1995,250.0,0.1,11.5,0.932,5.1,14.9,0.0,0.388
'260',23,12,1995,480.0,1.2,10.4,0.926,3.6,2.9,0.1,0.188
'260',24,12,1995,3110.0,-5.6,1.7,0.464,2.1,0.0,0.3,0.000
'260',25,12,1995,970.0,-6.5,3.1,0.501,3.6,0.3,0.1,0.046
'260',26,12,1995,1480.0,-5.3,2.5,0.506,2.6,0.5,0.2,0.054
'260',27,12,1995,5010.0,-9.8,-0.6,0.364,1.0,0.0,0.4,0.000
'260',28,12,1995,4200.0,-11.5,-2.1,0.292,1.5,0.0,0.3,0.000
'260',29,12,1995,3880.0,-12.5,-0.8,0.243,3.1,0.0,0.3,0.000
'260',30,12,1995,2640.0,-8.7,-3.1,0.259,5.1,0.0,0.2,0.000
'260',31,12,1995,760.0,-3.2,-1.1,0.450,4.1,0.3,0.1,0.054
