* Source of data    : Royal Netherlands Meterological Institute (www.knmi.nl)
* File content      : Meteo from www.knmi.nl; input file for Swap 3.2 (www.swap.alterra.nl)
* File generated by : Alterra - Wageningen-UR (www.alterra.wur.nl)
* File generated at : 2017-02-27 11:38:43
Station,DD,MM,YYYY,Rad,Tmin,Tmax,Hum,Wind,Rain,ETref,Wet
'260',01,01,2015,2130.0,1.0,4.7,0.592,5.4,0.0,0.3,0.000
'260',02,01,2015,3270.0,4.4,10.1,0.752,6.1,4.3,0.4,0.192
'260',03,01,2015,670.0,2.6,5.9,0.690,3.3,1.5,0.1,0.163
'260',04,01,2015,3720.0,-0.3,8.0,0.640,2.4,0.0,0.5,0.000
'260',05,01,2015,1270.0,0.9,3.8,0.641,3.0,0.0,0.1,0.000
'260',06,01,2015,2700.0,0.6,5.8,0.637,3.2,1.8,0.3,0.112
'260',07,01,2015,3450.0,2.4,7.2,0.712,4.2,1.2,0.4,0.050
'260',08,01,2015,320.0,3.6,8.2,0.838,5.3,17.6,0.0,0.404
'260',09,01,2015,940.0,5.8,13.7,0.963,8.1,8.5,0.1,0.242
'260',10,01,2015,820.0,5.4,13.3,0.804,8.4,3.4,0.1,0.067
'260',11,01,2015,2090.0,4.9,8.2,0.689,6.4,1.4,0.3,0.092
'260',12,01,2015,670.0,6.4,10.2,0.889,8.1,1.9,0.1,0.217
'260',13,01,2015,820.0,4.1,11.0,0.873,6.4,14.0,0.1,0.496
'260',14,01,2015,1920.0,3.1,6.0,0.657,5.8,1.9,0.2,0.117
'260',15,01,2015,420.0,5.8,10.3,0.861,7.9,8.0,0.1,0.467
'260',16,01,2015,3950.0,2.7,8.3,0.701,4.6,1.7,0.5,0.071
'260',17,01,2015,4980.0,-0.9,5.9,0.557,3.8,0.0,0.6,0.000
'260',18,01,2015,830.0,1.0,3.3,0.633,2.9,4.7,0.1,0.542
'260',19,01,2015,1420.0,0.5,1.6,0.629,1.2,0.0,0.2,0.000
'260',20,01,2015,2810.0,-2.2,3.7,0.565,1.8,0.0,0.3,0.000
'260',21,01,2015,2640.0,-1.9,1.5,0.499,3.0,0.0,0.3,0.000
'260',22,01,2015,1310.0,-2.9,0.4,0.455,3.3,0.0,0.1,0.000
'260',23,01,2015,1360.0,-5.7,-1.3,0.432,2.4,0.0,0.1,0.000
'260',24,01,2015,4830.0,-1.7,6.8,0.603,3.3,8.6,0.6,0.200
'260',25,01,2015,1600.0,-2.1,5.6,0.648,2.6,0.3,0.2,0.058
'260',26,01,2015,1140.0,4.1,8.3,0.812,3.5,3.1,0.1,0.254
'260',27,01,2015,3160.0,3.0,7.7,0.756,2.8,0.1,0.4,0.012
'260',28,01,2015,520.0,3.0,7.2,0.657,6.2,8.2,0.1,0.188
'260',29,01,2015,1900.0,0.2,4.5,0.579,4.5,15.0,0.2,0.404
'260',30,01,2015,5840.0,-0.3,4.4,0.614,3.0,8.3,0.7,0.271
'260',31,01,2015,3770.0,-2.5,4.4,0.592,2.3,0.2,0.4,0.021
'260',01,02,2015,2970.0,-1.5,5.7,0.630,2.4,2.1,0.3,0.071
'260',02,02,2015,4490.0,0.6,5.5,0.607,2.7,5.5,0.5,0.142
'260',03,02,2015,6630.0,-1.6,6.3,0.548,2.0,0.1,0.7,0.008
'260',04,02,2015,5040.0,-4.0,5.3,0.552,2.1,0.0,0.5,0.000
'260',05,02,2015,5080.0,-3.8,2.0,0.466,3.1,0.9,0.5,0.021
'260',06,02,2015,7670.0,-2.0,3.1,0.438,4.9,0.0,0.8,0.000
'260',07,02,2015,3190.0,-5.1,5.5,0.573,2.4,0.0,0.4,0.000
'260',08,02,2015,5130.0,3.4,6.7,0.634,4.5,0.0,0.6,0.000
'260',09,02,2015,1630.0,4.4,7.2,0.808,3.0,0.3,0.2,0.021
'260',10,02,2015,2280.0,4.6,7.2,0.802,2.3,0.2,0.3,0.033
'260',11,02,2015,1620.0,3.1,5.4,0.686,2.5,0.0,0.2,0.000
'260',12,02,2015,2850.0,-0.3,4.5,0.630,1.9,0.0,0.3,0.000
'260',13,02,2015,7600.0,-0.3,9.9,0.671,4.3,0.0,0.9,0.000
'260',14,02,2015,3740.0,4.7,10.2,0.784,4.2,0.0,0.5,0.000
'260',15,02,2015,8580.0,-3.5,6.7,0.553,2.9,0.0,1.0,0.000
'260',16,02,2015,8390.0,-4.9,7.7,0.588,2.0,0.0,0.9,0.000
'260',17,02,2015,4090.0,-3.0,9.0,0.615,2.2,0.1,0.5,0.017
'260',18,02,2015,9830.0,-3.4,8.1,0.524,3.2,0.0,1.1,0.000
'260',19,02,2015,7010.0,-0.3,7.4,0.637,5.2,0.0,0.8,0.000
'260',20,02,2015,970.0,3.4,6.5,0.772,5.0,20.0,0.1,0.954
'260',21,02,2015,3700.0,0.4,6.3,0.668,2.5,9.4,0.4,0.212
'260',22,02,2015,8630.0,-1.8,6.8,0.563,4.8,2.2,1.0,0.121
'260',23,02,2015,7120.0,2.7,9.8,0.648,6.5,2.8,0.9,0.142
'260',24,02,2015,5130.0,3.5,8.9,0.712,5.4,7.3,0.7,0.171
'260',25,02,2015,6110.0,1.6,8.7,0.726,3.2,2.8,0.8,0.146
'260',26,02,2015,2640.0,3.7,8.3,0.870,4.5,7.0,0.3,0.321
'260',27,02,2015,8990.0,-0.3,8.2,0.585,3.2,0.0,1.1,0.000
'260',28,02,2015,9270.0,-0.5,9.1,0.583,5.4,0.0,1.2,0.000
'260',01,03,2015,9390.0,6.0,10.7,0.798,6.7,5.1,1.3,0.163
'260',02,03,2015,7950.0,1.6,8.4,0.614,5.7,2.4,1.0,0.033
'260',03,03,2015,3860.0,3.0,7.5,0.709,4.9,2.0,0.5,0.108
'260',04,03,2015,5580.0,2.8,7.6,0.684,4.4,0.3,0.7,0.012
'260',05,03,2015,8870.0,1.1,10.3,0.678,2.8,0.0,1.1,0.000
'260',06,03,2015,4410.0,4.6,9.0,0.709,3.2,0.0,0.6,0.000
'260',07,03,2015,10410.0,4.0,13.9,0.695,4.6,0.0,1.5,0.000
'260',08,03,2015,13660.0,4.0,15.7,0.805,3.4,0.0,2.0,0.000
'260',09,03,2015,6260.0,6.7,11.3,0.962,2.8,0.0,0.9,0.000
'260',10,03,2015,11830.0,-0.7,11.3,0.666,2.6,0.2,1.6,0.029
'260',11,03,2015,14010.0,-2.0,9.5,0.531,1.8,0.0,1.6,0.000
'260',12,03,2015,14900.0,-2.9,12.7,0.560,3.1,0.0,1.9,0.000
'260',13,03,2015,14210.0,0.7,9.2,0.603,4.0,0.0,1.8,0.000
'260',14,03,2015,3530.0,0.7,5.3,0.602,3.8,0.2,0.4,0.025
'260',15,03,2015,3120.0,4.5,6.8,0.721,4.5,0.1,0.4,0.037
'260',16,03,2015,11530.0,0.6,12.8,0.683,2.6,0.0,1.5,0.000
'260',17,03,2015,13750.0,-1.7,17.8,0.651,1.6,0.0,1.9,0.000
'260',18,03,2015,5450.0,0.6,8.8,0.797,2.9,0.0,0.7,0.000
'260',19,03,2015,9090.0,0.7,12.6,0.782,2.0,0.0,1.2,0.000
'260',20,03,2015,8940.0,0.6,9.3,0.696,2.3,0.0,1.1,0.000
'260',21,03,2015,6930.0,3.9,9.3,0.784,4.8,2.2,0.9,0.125
'260',22,03,2015,14370.0,-1.5,8.6,0.556,3.5,0.0,1.8,0.000
'260',23,03,2015,14380.0,-2.9,9.3,0.593,2.1,0.0,1.7,0.000
'260',24,03,2015,12170.0,-2.1,11.5,0.620,2.0,0.3,1.6,0.062
'260',25,03,2015,2610.0,5.0,6.9,0.802,2.3,7.2,0.3,0.479
'260',26,03,2015,6050.0,0.3,7.3,0.650,4.3,4.1,0.8,0.254
'260',27,03,2015,6190.0,-0.4,8.9,0.684,4.2,1.7,0.8,0.033
'260',28,03,2015,4210.0,-0.6,11.7,0.781,4.9,3.3,0.6,0.271
'260',29,03,2015,2520.0,7.5,11.3,0.954,7.2,16.2,0.4,0.308
'260',30,03,2015,14130.0,5.3,9.1,0.689,6.3,5.4,1.9,0.121
'260',31,03,2015,12160.0,5.8,11.1,0.766,9.4,9.0,1.7,0.175
'260',01,04,2015,10040.0,3.4,9.1,0.651,6.7,4.0,1.3,0.171
'260',02,04,2015,14760.0,4.1,8.6,0.645,5.1,4.7,1.9,0.200
'260',03,04,2015,11680.0,4.5,9.5,0.644,2.3,0.0,1.6,0.000
'260',04,04,2015,10720.0,1.8,9.4,0.623,3.8,1.9,1.4,0.183
'260',05,04,2015,18050.0,-2.2,11.3,0.482,2.4,0.0,2.3,0.000
'260',06,04,2015,6510.0,1.6,11.7,0.769,1.2,0.0,0.9,0.000
'260',07,04,2015,15720.0,0.6,13.2,0.730,2.3,0.0,2.1,0.000
'260',08,04,2015,13180.0,3.9,14.2,0.910,1.5,0.0,1.9,0.000
'260',09,04,2015,19160.0,1.9,18.1,0.790,1.4,0.0,2.8,0.000
'260',10,04,2015,19260.0,2.7,19.6,0.812,1.3,0.0,2.9,0.000
'260',11,04,2015,6430.0,2.6,13.6,0.836,4.1,4.1,0.9,0.096
'260',12,04,2015,19310.0,2.1,15.5,0.695,5.2,0.1,2.8,0.025
'260',13,04,2015,18710.0,4.1,12.8,0.698,2.5,0.0,2.6,0.000
'260',14,04,2015,21220.0,3.2,20.0,0.790,3.4,0.0,3.3,0.000
'260',15,04,2015,21920.0,5.4,23.0,0.903,3.4,0.0,3.5,0.000
'260',16,04,2015,19720.0,6.4,13.4,0.804,3.7,0.0,2.9,0.000
'260',17,04,2015,16010.0,5.2,12.9,0.736,4.0,0.0,2.2,0.000
'260',18,04,2015,22230.0,4.1,14.4,0.664,3.9,0.0,3.2,0.000
'260',19,04,2015,18960.0,-0.6,15.2,0.641,1.6,0.0,2.6,0.000
'260',20,04,2015,23230.0,4.3,17.1,0.785,3.0,0.0,3.5,0.000
'260',21,04,2015,23600.0,2.2,17.4,0.689,3.2,0.0,3.5,0.000
'260',22,04,2015,11540.0,3.4,12.1,0.809,3.4,0.0,1.6,0.000
'260',23,04,2015,20480.0,3.7,15.5,0.834,1.7,0.0,2.9,0.000
'260',24,04,2015,21470.0,1.5,20.4,0.768,3.0,0.0,3.3,0.000
'260',25,04,2015,7330.0,8.6,15.0,1.134,3.4,3.7,1.1,0.233
'260',26,04,2015,5420.0,7.9,13.9,1.149,3.0,0.7,0.8,0.050
'260',27,04,2015,21460.0,-0.3,12.6,0.589,3.8,0.0,3.0,0.000
'260',28,04,2015,20000.0,-2.2,11.8,0.522,3.4,0.1,2.6,0.008
'260',29,04,2015,14070.0,1.4,14.7,0.630,3.9,1.6,2.0,0.071
'260',30,04,2015,19970.0,5.8,14.2,0.732,4.1,0.0,2.9,0.000
'260',01,05,2015,19940.0,3.1,13.3,0.660,2.6,0.0,2.8,0.000
'260',02,05,2015,21410.0,0.4,15.8,0.616,1.6,0.0,3.1,0.000
'260',03,05,2015,8450.0,6.9,17.0,1.049,4.8,1.6,1.3,0.129
'260',04,05,2015,14170.0,11.7,19.4,1.255,4.1,3.8,2.4,0.146
'260',05,05,2015,16400.0,8.6,22.2,1.074,6.3,9.2,2.7,0.108
'260',06,05,2015,15690.0,8.5,15.5,0.914,6.3,5.0,2.4,0.033
'260',07,05,2015,16470.0,7.5,16.2,0.972,3.6,1.1,2.5,0.058
'260',08,05,2015,19790.0,7.8,19.4,0.958,1.8,0.1,3.2,0.017
'260',09,05,2015,10250.0,9.1,16.1,1.053,5.8,3.9,1.6,0.092
'260',10,05,2015,25020.0,4.2,19.1,0.953,2.0,0.0,3.9,0.000
'260',11,05,2015,23160.0,9.1,25.6,1.151,3.3,0.0,4.0,0.000
'260',12,05,2015,18660.0,11.2,17.5,1.045,3.6,0.0,3.1,0.000
'260',13,05,2015,20630.0,7.6,18.1,0.958,3.0,0.0,3.2,0.000
'260',14,05,2015,24380.0,5.9,16.7,0.827,3.0,0.0,3.7,0.000
'260',15,05,2015,22090.0,3.9,14.4,0.822,3.2,0.0,3.2,0.000
'260',16,05,2015,9440.0,4.1,14.9,0.821,3.3,1.7,1.4,0.142
'260',17,05,2015,20570.0,6.8,16.2,0.826,2.9,0.0,3.2,0.000
'260',18,05,2015,8210.0,7.7,14.0,0.987,4.5,2.1,1.2,0.137
'260',19,05,2015,16870.0,7.4,13.7,0.903,5.3,2.2,2.5,0.079
'260',20,05,2015,22700.0,6.7,14.7,0.856,3.6,0.2,3.4,0.008
'260',21,05,2015,23530.0,2.5,17.4,0.819,2.4,0.0,3.6,0.000
'260',22,05,2015,18370.0,8.6,19.9,1.090,2.7,0.0,3.0,0.000
'260',23,05,2015,16860.0,6.0,15.7,0.948,3.1,2.0,2.6,0.042
'260',24,05,2015,28830.0,2.5,19.9,0.750,1.9,0.8,4.5,0.042
'260',25,05,2015,14810.0,9.7,15.3,1.062,2.8,0.5,2.3,0.042
'260',26,05,2015,19050.0,7.5,15.8,0.849,3.0,0.0,2.9,0.000
'260',27,05,2015,18380.0,5.4,18.9,0.898,2.7,0.0,2.9,0.000
'260',28,05,2015,15840.0,5.7,16.5,0.904,3.9,0.7,2.5,0.029
'260',29,05,2015,10870.0,5.6,15.8,0.863,4.5,3.1,1.6,0.104
'260',30,05,2015,25530.0,6.6,15.4,0.864,3.8,0.0,3.9,0.000
'260',31,05,2015,6880.0,7.9,16.5,1.140,4.3,8.3,1.1,0.321
'260',01,06,2015,19500.0,6.1,16.1,0.864,3.5,0.0,3.1,0.000
'260',02,06,2015,4200.0,11.1,17.7,1.229,7.5,2.8,0.7,0.175
'260',03,06,2015,14810.0,6.3,17.7,1.009,3.4,0.0,2.4,0.000
'260',04,06,2015,29530.0,4.6,22.0,0.944,2.5,0.0,4.9,0.000
'260',05,06,2015,25520.0,9.5,31.8,1.416,3.0,8.0,4.8,0.062
'260',06,06,2015,29860.0,8.5,18.9,0.893,3.7,0.0,5.0,0.000
'260',07,06,2015,28260.0,7.1,18.9,0.909,2.8,0.0,4.6,0.000
'260',08,06,2015,25840.0,7.9,17.2,0.991,4.0,0.0,4.0,0.000
'260',09,06,2015,18350.0,7.5,15.0,0.891,4.2,0.0,2.8,0.000
'260',10,06,2015,25680.0,8.9,20.8,1.004,4.4,0.0,4.3,0.000
'260',11,06,2015,29530.0,9.3,24.0,0.976,4.2,0.0,5.2,0.000
'260',12,06,2015,27830.0,12.8,27.4,1.289,3.3,0.0,5.2,0.000
'260',13,06,2015,15890.0,14.1,21.3,1.432,5.1,0.4,2.8,0.029
'260',14,06,2015,9540.0,12.3,19.5,1.396,2.5,0.0,1.6,0.000
'260',15,06,2015,30620.0,7.6,17.5,0.868,4.3,0.0,4.9,0.000
'260',16,06,2015,15870.0,4.5,17.7,0.844,1.9,0.0,2.4,0.000
'260',17,06,2015,22990.0,5.3,22.7,1.011,3.8,2.6,3.9,0.083
'260',18,06,2015,16010.0,11.5,16.6,1.237,3.7,0.2,2.6,0.021
'260',19,06,2015,9810.0,10.3,15.3,1.160,2.8,4.0,1.5,0.196
'260',20,06,2015,10340.0,9.7,16.3,1.084,1.6,0.0,1.6,0.000
'260',21,06,2015,9940.0,12.1,18.5,1.423,2.7,10.1,1.6,0.104
'260',22,06,2015,10560.0,7.6,15.3,1.059,2.9,4.2,1.7,0.163
'260',23,06,2015,10130.0,9.4,15.1,1.199,3.3,0.5,1.6,0.054
'260',24,06,2015,21080.0,11.7,21.5,1.270,2.9,0.0,3.5,0.000
'260',25,06,2015,26890.0,11.4,24.0,1.333,2.0,0.0,4.7,0.000
'260',26,06,2015,18230.0,13.4,25.0,1.435,2.0,0.0,3.3,0.000
'260',27,06,2015,22360.0,10.3,21.8,1.345,3.2,0.0,3.9,0.000
'260',28,06,2015,16160.0,8.8,23.2,1.272,2.3,0.0,2.8,0.000
'260',29,06,2015,21840.0,11.2,24.2,1.362,2.1,0.0,3.8,0.000
'260',30,06,2015,29140.0,9.7,27.3,1.279,2.5,0.0,5.4,0.000
'260',01,07,2015,29350.0,15.8,33.1,1.414,4.0,0.0,5.9,0.000
'260',02,07,2015,23660.0,19.0,33.1,2.316,3.2,6.9,4.7,0.054
'260',03,07,2015,27190.0,16.9,29.1,2.041,2.4,0.0,5.3,0.000
'260',04,07,2015,24920.0,17.9,32.7,1.916,3.4,0.0,5.0,0.000
'260',05,07,2015,17080.0,15.7,28.2,1.908,2.8,0.0,3.1,0.000
'260',06,07,2015,22770.0,13.9,23.8,1.447,3.4,0.0,4.1,0.000
'260',07,07,2015,15940.0,12.5,25.8,1.517,4.3,0.0,2.9,0.000
'260',08,07,2015,13130.0,12.7,19.6,1.409,4.4,11.3,2.2,0.212
'260',09,07,2015,21530.0,7.2,17.6,1.016,3.5,1.8,3.4,0.100
'260',10,07,2015,27910.0,6.8,22.6,1.033,2.3,0.0,4.8,0.000
'260',11,07,2015,26050.0,13.9,28.7,1.325,2.8,0.0,4.8,0.000
'260',12,07,2015,9210.0,15.6,20.4,1.627,4.6,1.4,1.6,0.092
'260',13,07,2015,6400.0,16.3,19.6,1.809,3.8,4.4,1.1,0.404
'260',14,07,2015,10610.0,14.0,21.3,1.657,3.0,2.9,1.9,0.179
'260',15,07,2015,9320.0,14.4,21.1,1.817,2.6,2.3,1.6,0.067
'260',16,07,2015,27160.0,12.0,25.1,1.404,1.8,0.0,4.9,0.000
'260',17,07,2015,20820.0,17.5,25.6,1.843,5.2,4.1,3.9,0.037
'260',18,07,2015,22840.0,14.5,22.1,1.481,3.0,0.0,4.0,0.000
'260',19,07,2015,11420.0,11.9,20.5,1.363,2.8,9.7,1.9,0.271
'260',20,07,2015,13540.0,9.6,21.4,1.484,2.6,0.5,2.4,0.017
'260',21,07,2015,26550.0,17.5,25.4,1.681,4.3,0.0,4.9,0.000
'260',22,07,2015,19940.0,16.3,23.1,1.433,3.5,0.0,3.6,0.000
'260',23,07,2015,20930.0,13.6,21.7,1.288,2.3,0.0,3.7,0.000
'260',24,07,2015,13040.0,13.4,23.3,1.437,2.0,0.5,2.3,0.012
'260',25,07,2015,5510.0,11.2,18.3,1.435,5.5,14.8,0.9,0.275
'260',26,07,2015,17750.0,8.6,20.9,1.160,3.5,3.5,2.9,0.250
'260',27,07,2015,11100.0,14.2,19.7,1.592,6.2,12.3,1.9,0.204
'260',28,07,2015,11710.0,12.5,18.9,1.311,5.1,10.0,1.9,0.354
'260',29,07,2015,18820.0,10.9,17.6,1.179,4.8,4.1,3.0,0.075
'260',30,07,2015,17460.0,7.6,18.1,1.067,2.8,1.1,2.8,0.029
'260',31,07,2015,20610.0,5.1,19.4,0.892,1.8,0.0,3.3,0.000
'260',01,08,2015,24340.0,6.1,22.0,0.977,1.4,0.0,4.0,0.000
'260',02,08,2015,23870.0,7.7,24.2,1.170,2.0,0.0,4.2,0.000
'260',03,08,2015,24890.0,12.4,30.0,1.589,2.9,0.0,4.7,0.000
'260',04,08,2015,11260.0,13.8,21.5,1.370,3.2,1.9,2.0,0.154
'260',05,08,2015,23100.0,10.3,25.0,1.283,2.9,0.0,4.1,0.000
'260',06,08,2015,23520.0,13.3,28.4,1.677,2.5,0.0,4.3,0.000
'260',07,08,2015,22910.0,12.6,27.0,1.660,2.2,0.0,4.2,0.000
'260',08,08,2015,23360.0,13.0,23.0,1.371,2.9,0.0,4.2,0.000
'260',09,08,2015,18910.0,10.3,24.3,1.489,1.2,0.0,3.4,0.000
'260',10,08,2015,16240.0,14.7,25.2,1.742,1.5,0.0,2.9,0.000
'260',11,08,2015,16170.0,13.7,25.4,1.668,2.1,0.0,2.9,0.000
'260',12,08,2015,15200.0,16.3,23.0,1.770,3.9,0.0,2.7,0.000
'260',13,08,2015,22120.0,14.6,28.4,1.920,4.1,11.1,4.1,0.042
'260',14,08,2015,13870.0,16.9,25.4,1.991,2.7,5.3,2.6,0.092
'260',15,08,2015,11000.0,15.8,22.1,1.851,2.7,8.5,1.9,0.250
'260',16,08,2015,6090.0,12.9,16.6,1.411,2.7,11.0,1.0,0.646
'260',17,08,2015,3340.0,12.9,15.2,1.542,3.2,13.6,0.5,0.825
'260',18,08,2015,5230.0,13.4,16.8,1.490,3.7,1.2,0.9,0.188
'260',19,08,2015,15820.0,11.6,22.5,1.364,2.4,0.0,2.7,0.000
'260',20,08,2015,20470.0,10.4,24.9,1.364,2.3,0.0,3.6,0.000
'260',21,08,2015,17680.0,13.7,25.3,1.687,1.8,0.0,3.2,0.000
'260',22,08,2015,21840.0,14.1,26.5,1.483,3.5,0.0,4.0,0.000
'260',23,08,2015,19410.0,14.9,25.9,1.465,4.8,8.5,3.5,0.163
'260',24,08,2015,13140.0,13.3,23.1,1.583,3.6,2.4,2.3,0.067
'260',25,08,2015,12440.0,14.0,19.9,1.345,5.3,11.6,2.1,0.296
'260',26,08,2015,14810.0,16.5,25.2,1.904,4.7,12.9,2.7,0.079
'260',27,08,2015,4360.0,13.5,18.5,1.589,3.9,5.0,0.7,0.263
'260',28,08,2015,15960.0,9.8,20.9,1.255,2.8,0.1,2.7,0.008
'260',29,08,2015,21110.0,8.1,23.6,1.176,2.0,3.8,3.6,0.021
'260',30,08,2015,15850.0,14.5,25.3,2.035,2.4,10.1,2.9,0.196
'260',31,08,2015,12400.0,17.5,26.5,2.234,2.9,7.3,2.3,0.129
'260',01,09,2015,12210.0,12.0,19.5,1.330,3.3,0.0,2.1,0.000
'260',02,09,2015,12530.0,7.9,18.8,1.097,2.3,0.3,2.0,0.054
'260',03,09,2015,12020.0,6.6,17.1,1.082,2.5,0.3,1.9,0.008
'260',04,09,2015,7910.0,11.6,16.6,1.371,4.3,41.1,1.3,0.496
'260',05,09,2015,10940.0,9.3,16.9,1.136,3.2,3.5,1.7,0.104
'260',06,09,2015,11100.0,9.1,17.0,1.150,3.0,1.0,1.8,0.121
'260',07,09,2015,8860.0,12.3,16.9,1.413,2.8,1.0,1.4,0.096
'260',08,09,2015,7980.0,8.2,16.9,1.193,1.8,0.0,1.3,0.000
'260',09,09,2015,18300.0,7.1,18.5,1.154,2.8,0.0,2.9,0.000
'260',10,09,2015,18580.0,9.1,19.6,1.136,4.0,0.0,3.0,0.000
'260',11,09,2015,19070.0,9.3,20.1,1.156,3.1,0.0,3.1,0.000
'260',12,09,2015,7390.0,11.3,20.2,1.426,2.8,1.5,1.2,0.137
'260',13,09,2015,13600.0,12.5,19.4,1.323,3.5,0.0,2.3,0.000
'260',14,09,2015,8000.0,11.3,19.8,1.488,3.8,12.5,1.3,0.179
'260',15,09,2015,8070.0,9.8,15.9,1.030,5.1,1.0,1.3,0.050
'260',16,09,2015,3730.0,11.0,19.2,1.493,4.5,5.8,0.6,0.183
'260',17,09,2015,3840.0,12.5,16.4,1.486,4.3,9.1,0.6,0.275
'260',18,09,2015,11020.0,9.9,18.4,1.290,3.2,0.0,1.8,0.000
'260',19,09,2015,8070.0,8.5,17.5,1.214,1.8,1.0,1.3,0.025
'260',20,09,2015,8960.0,7.1,18.1,1.185,2.5,0.0,1.4,0.000
'260',21,09,2015,11430.0,11.0,18.6,1.301,3.6,1.5,1.9,0.100
'260',22,09,2015,9250.0,9.1,17.4,1.238,2.8,1.3,1.5,0.129
'260',23,09,2015,7740.0,10.4,17.3,1.339,2.4,5.5,1.2,0.121
'260',24,09,2015,3030.0,10.8,15.7,1.366,3.5,2.1,0.5,0.146
'260',25,09,2015,7970.0,5.2,16.8,1.031,1.7,0.0,1.2,0.000
'260',26,09,2015,10370.0,3.4,16.8,0.979,1.7,0.0,1.5,0.000
'260',27,09,2015,11440.0,4.6,17.5,1.036,2.3,0.0,1.7,0.000
'260',28,09,2015,7630.0,4.4,16.0,1.005,2.0,0.0,1.1,0.000
'260',29,09,2015,14600.0,5.8,17.4,0.969,3.8,0.0,2.2,0.000
'260',30,09,2015,14520.0,8.1,17.5,1.011,4.1,0.0,2.3,0.000
'260',01,10,2015,14470.0,4.9,16.9,0.915,3.2,0.0,2.2,0.000
'260',02,10,2015,14520.0,3.3,18.3,0.853,2.4,0.0,2.1,0.000
'260',03,10,2015,11070.0,4.4,18.8,1.080,1.4,0.0,1.6,0.000
'260',04,10,2015,11250.0,4.6,17.9,1.080,1.5,0.0,1.7,0.000
'260',05,10,2015,7590.0,5.7,16.9,1.161,3.0,0.6,1.2,0.083
'260',06,10,2015,4620.0,13.1,17.6,1.604,2.5,6.3,0.8,0.275
'260',07,10,2015,4110.0,13.7,17.6,1.573,3.4,2.7,0.7,0.088
'260',08,10,2015,6050.0,5.8,15.9,1.057,2.1,0.2,0.9,0.025
'260',09,10,2015,11310.0,4.0,16.3,1.000,1.3,0.0,1.7,0.000
'260',10,10,2015,9990.0,5.9,14.3,0.985,3.3,0.0,1.5,0.000
'260',11,10,2015,12250.0,2.3,11.5,0.705,4.1,0.0,1.6,0.000
'260',12,10,2015,9540.0,0.9,10.2,0.673,2.7,0.0,1.2,0.000
'260',13,10,2015,4930.0,1.2,5.9,0.647,3.4,0.0,0.6,0.000
'260',14,10,2015,2520.0,2.0,8.0,0.823,2.3,2.8,0.3,0.300
'260',15,10,2015,1310.0,2.8,8.0,0.865,1.7,7.4,0.2,0.479
'260',16,10,2015,1610.0,6.7,8.4,0.977,1.7,5.9,0.2,0.483
'260',17,10,2015,1510.0,7.3,9.0,1.034,1.5,1.4,0.2,0.200
'260',18,10,2015,2690.0,3.7,10.9,0.946,1.2,0.0,0.4,0.000
'260',19,10,2015,1760.0,5.2,12.5,1.061,1.6,0.0,0.3,0.000
'260',20,10,2015,3600.0,5.1,12.6,1.026,1.7,0.7,0.5,0.037
'260',21,10,2015,3620.0,4.7,12.5,1.000,3.3,1.8,0.5,0.308
'260',22,10,2015,2730.0,7.2,14.8,1.126,3.1,2.2,0.4,0.337
'260',23,10,2015,4290.0,6.8,14.1,0.959,2.1,0.0,0.7,0.000
'260',24,10,2015,3730.0,10.1,13.8,1.131,2.4,0.5,0.6,0.021
'260',25,10,2015,7430.0,3.0,14.3,0.820,1.5,0.2,1.1,0.042
'260',26,10,2015,8990.0,3.0,15.8,1.005,3.2,0.0,1.3,0.000
'260',27,10,2015,8450.0,5.9,17.3,1.136,2.6,0.0,1.3,0.000
'260',28,10,2015,3510.0,7.2,13.3,1.137,2.7,0.0,0.5,0.000
'260',29,10,2015,5840.0,4.9,15.6,1.027,2.1,0.0,0.9,0.000
'260',30,10,2015,6290.0,6.5,15.0,1.097,2.8,0.0,0.9,0.000
'260',31,10,2015,7750.0,6.5,14.3,1.061,3.1,0.0,1.1,0.000
'260',01,11,2015,7510.0,3.0,16.0,1.024,1.5,0.0,1.0,0.000
'260',02,11,2015,7660.0,0.9,15.9,0.877,1.7,0.0,1.0,0.000
'260',03,11,2015,6740.0,1.3,15.7,0.906,2.0,0.0,1.0,0.000
'260',04,11,2015,2290.0,7.7,15.4,1.119,3.1,0.0,0.4,0.000
'260',05,11,2015,2190.0,11.2,15.4,1.413,3.3,5.6,0.3,0.275
'260',06,11,2015,2010.0,13.9,17.1,1.578,4.7,3.2,0.3,0.321
'260',07,11,2015,2180.0,14.1,18.5,1.640,4.9,1.5,0.4,0.058
'260',08,11,2015,3780.0,7.6,17.3,1.326,3.6,0.4,0.6,0.021
'260',09,11,2015,2770.0,12.0,16.0,1.268,5.8,5.4,0.4,0.271
'260',10,11,2015,780.0,13.3,15.6,1.486,6.2,4.4,0.1,0.117
'260',11,11,2015,1800.0,11.6,13.8,1.280,4.9,1.9,0.3,0.088
'260',12,11,2015,3750.0,11.7,15.3,1.295,3.7,0.0,0.6,0.000
'260',13,11,2015,4620.0,7.7,13.6,0.912,5.4,3.5,0.7,0.067
'260',14,11,2015,2660.0,7.7,11.9,0.942,5.1,7.2,0.4,0.362
'260',15,11,2015,770.0,11.9,15.0,1.307,7.5,13.3,0.1,0.258
'260',16,11,2015,870.0,11.3,13.7,1.230,5.9,3.3,0.1,0.112
'260',17,11,2015,1210.0,10.9,15.6,1.286,6.6,16.3,0.2,0.492
'260',18,11,2015,3180.0,11.0,14.5,1.076,8.0,0.6,0.5,0.050
'260',19,11,2015,1480.0,8.2,13.8,1.048,5.8,6.6,0.2,0.171
'260',20,11,2015,1840.0,4.8,9.7,0.779,3.4,4.6,0.3,0.075
'260',21,11,2015,2000.0,0.8,6.3,0.672,3.2,10.2,0.2,0.300
'260',22,11,2015,3260.0,0.0,5.7,0.644,2.5,0.1,0.4,0.012
'260',23,11,2015,3970.0,-2.6,8.0,0.577,2.9,0.0,0.5,0.000
'260',24,11,2015,710.0,3.1,6.6,0.744,6.0,8.3,0.1,0.537
'260',25,11,2015,1780.0,2.2,7.9,0.809,2.3,7.9,0.2,0.171
'260',26,11,2015,4190.0,0.0,9.6,0.706,1.7,0.3,0.5,0.008
'260',27,11,2015,1280.0,0.8,6.5,0.729,4.3,0.7,0.2,0.079
'260',28,11,2015,3590.0,4.5,8.7,0.769,6.0,8.3,0.5,0.383
'260',29,11,2015,830.0,7.4,12.5,0.957,7.3,12.6,0.1,0.292
'260',30,11,2015,740.0,6.5,12.6,0.900,6.1,22.0,0.1,0.529
'260',01,12,2015,1040.0,6.8,12.4,1.031,3.3,0.8,0.2,0.129
'260',02,12,2015,1200.0,9.4,11.9,0.995,4.8,0.0,0.2,0.000
'260',03,12,2015,2450.0,8.4,12.7,0.977,4.6,0.0,0.4,0.000
'260',04,12,2015,3770.0,8.2,11.2,0.977,5.5,6.0,0.5,0.183
'260',05,12,2015,2010.0,7.2,9.1,0.798,7.3,0.0,0.3,0.000
'260',06,12,2015,1510.0,7.4,12.4,1.025,6.5,0.7,0.2,0.117
'260',07,12,2015,1620.0,8.8,12.4,1.167,3.1,0.6,0.2,0.112
'260',08,12,2015,2810.0,7.3,12.0,1.043,4.4,3.1,0.4,0.150
'260',09,12,2015,3560.0,5.4,9.9,0.846,3.9,0.0,0.5,0.000
'260',10,12,2015,1570.0,4.9,7.7,0.797,5.5,0.1,0.2,0.017
'260',11,12,2015,740.0,5.4,8.8,0.861,5.0,10.7,0.1,0.392
'260',12,12,2015,1700.0,3.3,11.7,0.918,5.4,2.4,0.2,0.175
'260',13,12,2015,2090.0,3.9,11.7,0.969,2.4,2.4,0.3,0.117
'260',14,12,2015,1910.0,6.4,10.0,0.972,2.6,0.0,0.3,0.000
'260',15,12,2015,2710.0,4.8,9.1,0.901,2.4,0.0,0.4,0.000
'260',16,12,2015,590.0,8.9,12.9,1.228,4.2,4.5,0.1,0.429
'260',17,12,2015,2680.0,12.4,15.3,1.352,4.4,0.1,0.4,0.017
'260',18,12,2015,1210.0,10.6,13.0,1.176,4.3,0.2,0.2,0.017
'260',19,12,2015,970.0,10.6,14.1,1.297,4.3,0.1,0.2,0.004
'260',20,12,2015,1910.0,9.7,13.7,1.128,4.6,0.2,0.3,0.050
'260',21,12,2015,1790.0,8.4,11.8,1.032,6.8,4.3,0.3,0.208
'260',22,12,2015,340.0,10.3,14.4,1.184,7.8,1.3,0.1,0.083
'260',23,12,2015,2280.0,7.3,13.3,0.924,5.8,0.4,0.3,0.017
'260',24,12,2015,2050.0,6.4,13.4,0.987,5.5,1.3,0.3,0.042
'260',25,12,2015,1420.0,6.5,14.0,1.098,5.1,1.0,0.2,0.092
'260',26,12,2015,2480.0,11.1,14.4,1.172,6.7,0.0,0.4,0.000
'260',27,12,2015,840.0,10.2,13.1,1.111,5.7,0.0,0.1,0.000
'260',28,12,2015,3200.0,6.5,12.1,0.951,3.7,0.0,0.5,0.000
'260',29,12,2015,1910.0,5.4,10.3,0.924,3.3,0.0,0.3,0.000
'260',30,12,2015,2970.0,4.9,9.1,0.881,5.5,0.0,0.4,0.000
'260',31,12,2015,3060.0,5.5,10.5,0.826,5.3,1.7,0.4,0.071
