* Source of data    : Royal Netherlands Meterological Institute (www.knmi.nl)
* File content      : Meteo from www.knmi.nl; input file for Swap 3.2 (www.swap.alterra.nl)
* File generated by : Alterra - Wageningen-UR (www.alterra.wur.nl)
* File generated at : 2017-02-27 11:38:43
Station,DD,MM,YYYY,Rad,Tmin,Tmax,Hum,Wind,Rain,ETref,Wet
'260',01,01,2011,1870.0,-0.3,5.9,0.644,2.6,0.6,0.2,0.062
'260',02,01,2011,3570.0,-0.7,5.3,0.612,2.2,0.0,0.4,0.000
'260',03,01,2011,2570.0,-3.6,3.6,0.552,2.0,0.1,0.3,0.017
'260',04,01,2011,2960.0,-0.1,2.4,0.556,4.4,0.0,0.3,0.000
'260',05,01,2011,3390.0,-1.5,3.5,0.527,5.3,0.5,0.4,0.058
'260',06,01,2011,520.0,3.3,5.2,0.794,3.0,15.5,0.1,0.700
'260',07,01,2011,560.0,-0.5,9.2,0.833,3.2,0.5,0.1,0.067
'260',08,01,2011,1480.0,4.9,12.0,0.941,5.6,4.8,0.2,0.192
'260',09,01,2011,3630.0,1.0,6.7,0.629,3.9,0.0,0.4,0.000
'260',10,01,2011,4150.0,-2.5,4.9,0.620,3.2,0.0,0.5,0.000
'260',11,01,2011,540.0,-0.3,6.2,0.670,5.2,2.1,0.1,0.179
'260',12,01,2011,600.0,2.9,8.5,0.833,3.8,10.5,0.1,0.567
'260',13,01,2011,500.0,8.3,10.6,1.149,4.3,12.5,0.1,0.513
'260',14,01,2011,410.0,7.5,11.6,1.121,5.9,19.3,0.1,0.725
'260',15,01,2011,760.0,7.0,10.0,0.950,6.1,0.0,0.1,0.000
'260',16,01,2011,2680.0,8.0,12.5,1.012,5.0,0.0,0.4,0.000
'260',17,01,2011,990.0,5.0,9.6,0.931,3.8,0.5,0.1,0.058
'260',18,01,2011,1320.0,1.9,6.1,0.742,1.9,10.8,0.2,0.263
'260',19,01,2011,2530.0,1.4,6.6,0.739,2.3,1.6,0.3,0.054
'260',20,01,2011,4910.0,-2.8,5.0,0.553,2.9,0.0,0.6,0.000
'260',21,01,2011,2220.0,-3.8,3.7,0.603,1.5,0.0,0.2,0.000
'260',22,01,2011,1560.0,2.2,6.1,0.726,3.2,0.3,0.2,0.037
'260',23,01,2011,890.0,2.3,6.6,0.791,3.3,0.3,0.1,0.042
'260',24,01,2011,1730.0,4.5,6.8,0.807,3.1,1.4,0.2,0.137
'260',25,01,2011,4050.0,0.7,6.9,0.641,4.1,5.4,0.5,0.192
'260',26,01,2011,2280.0,-0.4,4.0,0.599,2.5,0.0,0.3,0.000
'260',27,01,2011,5380.0,-3.1,1.4,0.434,4.5,0.0,0.6,0.000
'260',28,01,2011,6120.0,-4.9,1.1,0.406,3.3,0.0,0.6,0.000
'260',29,01,2011,7050.0,-5.6,0.6,0.452,2.8,0.0,0.7,0.000
'260',30,01,2011,1910.0,-5.3,1.4,0.494,2.9,0.0,0.2,0.000
'260',31,01,2011,1630.0,-2.9,-0.1,0.480,1.8,0.0,0.2,0.000
'260',01,02,2011,1420.0,-3.3,2.4,0.553,3.7,0.9,0.1,0.046
'260',02,02,2011,1090.0,2.2,4.5,0.738,5.0,1.2,0.1,0.042
'260',03,02,2011,4610.0,3.9,8.0,0.797,5.0,2.0,0.6,0.096
'260',04,02,2011,870.0,6.5,10.4,0.921,9.9,0.6,0.1,0.125
'260',05,02,2011,2300.0,10.3,11.6,1.045,10.6,0.0,0.3,0.000
'260',06,02,2011,1820.0,8.4,11.3,0.925,8.7,0.0,0.3,0.000
'260',07,02,2011,4110.0,7.1,10.4,0.849,6.8,0.0,0.6,0.000
'260',08,02,2011,7170.0,-2.8,9.2,0.566,2.2,0.0,0.9,0.000
'260',09,02,2011,6580.0,-3.7,9.4,0.619,2.6,0.0,0.8,0.000
'260',10,02,2011,2600.0,3.6,10.4,0.908,3.7,9.1,0.4,0.329
'260',11,02,2011,1090.0,4.7,9.5,0.963,3.0,2.1,0.2,0.225
'260',12,02,2011,1400.0,3.1,8.5,0.894,4.1,12.4,0.2,0.404
'260',13,02,2011,4010.0,3.4,8.1,0.813,3.9,0.0,0.5,0.000
'260',14,02,2011,1940.0,4.4,8.2,0.882,3.0,1.1,0.3,0.133
'260',15,02,2011,5810.0,3.5,7.9,0.804,3.7,0.6,0.8,0.021
'260',16,02,2011,7800.0,2.0,10.4,0.784,2.9,0.2,1.0,0.025
'260',17,02,2011,8660.0,0.6,10.1,0.674,3.5,0.0,1.1,0.000
'260',18,02,2011,980.0,0.4,1.5,0.546,3.5,0.0,0.1,0.000
'260',19,02,2011,4680.0,0.6,5.0,0.595,5.3,0.0,0.5,0.000
'260',20,02,2011,5240.0,-2.4,2.7,0.443,5.6,0.0,0.6,0.000
'260',21,02,2011,9660.0,-4.6,2.1,0.353,4.5,0.0,0.9,0.000
'260',22,02,2011,9710.0,-6.4,2.5,0.345,3.3,0.0,0.9,0.000
'260',23,02,2011,3900.0,-2.3,3.7,0.490,4.4,3.8,0.4,0.317
'260',24,02,2011,2010.0,0.9,6.8,0.807,2.4,1.3,0.2,0.163
'260',25,02,2011,1610.0,5.1,8.1,0.959,3.0,0.1,0.2,0.012
'260',26,02,2011,2000.0,6.0,9.5,0.962,4.0,6.8,0.3,0.375
'260',27,02,2011,1280.0,1.3,6.2,0.749,5.0,19.6,0.2,0.775
'260',28,02,2011,920.0,1.0,3.4,0.695,2.7,1.4,0.1,0.154
'260',01,03,2011,3050.0,1.2,4.1,0.656,4.4,0.0,0.4,0.000
'260',02,03,2011,11440.0,-1.4,6.4,0.552,4.4,0.0,1.3,0.000
'260',03,03,2011,11460.0,-2.5,6.0,0.520,4.1,0.0,1.2,0.000
'260',04,03,2011,12030.0,-3.7,4.7,0.488,2.8,0.0,1.3,0.000
'260',05,03,2011,3740.0,-0.7,6.1,0.636,2.0,0.0,0.4,0.000
'260',06,03,2011,11800.0,-2.8,6.7,0.513,3.2,0.0,1.3,0.000
'260',07,03,2011,13240.0,-2.9,7.9,0.383,3.4,0.0,1.5,0.000
'260',08,03,2011,13270.0,-1.3,11.0,0.460,3.7,0.0,1.7,0.000
'260',09,03,2011,5450.0,4.3,10.1,0.784,5.2,1.2,0.7,0.054
'260',10,03,2011,2800.0,4.3,10.3,0.839,6.9,0.1,0.4,0.004
'260',11,03,2011,10130.0,1.0,10.6,0.628,3.8,0.0,1.4,0.000
'260',12,03,2011,9890.0,0.7,12.7,0.720,3.2,0.0,1.4,0.000
'260',13,03,2011,4700.0,9.1,13.1,1.107,3.0,1.3,0.7,0.125
'260',14,03,2011,6350.0,8.3,13.8,1.149,1.7,2.9,0.9,0.125
'260',15,03,2011,11000.0,7.9,16.4,1.134,5.3,0.0,1.7,0.000
'260',16,03,2011,10860.0,4.7,11.9,0.864,5.3,0.0,1.5,0.000
'260',17,03,2011,4170.0,4.5,8.4,0.858,3.0,0.0,0.5,0.000
'260',18,03,2011,4900.0,4.5,9.5,0.848,2.5,11.3,0.6,0.325
'260',19,03,2011,15280.0,-1.7,10.2,0.491,2.1,0.0,1.9,0.000
'260',20,03,2011,14450.0,-2.8,11.8,0.516,1.3,0.0,1.8,0.000
'260',21,03,2011,15590.0,-2.9,14.3,0.578,1.7,0.0,2.0,0.000
'260',22,03,2011,14690.0,-1.2,16.2,0.737,1.8,0.0,2.0,0.000
'260',23,03,2011,14130.0,2.5,15.0,0.839,2.0,0.0,2.0,0.000
'260',24,03,2011,15830.0,0.0,16.6,0.850,1.7,0.0,2.3,0.000
'260',25,03,2011,12390.0,3.6,14.8,0.846,2.1,0.0,1.8,0.000
'260',26,03,2011,6050.0,0.7,8.0,0.677,2.3,0.0,0.8,0.000
'260',27,03,2011,17740.0,-0.6,12.9,0.559,2.5,0.0,2.3,0.000
'260',28,03,2011,10010.0,-1.9,10.2,0.618,1.7,0.0,1.3,0.000
'260',29,03,2011,17580.0,-2.5,14.6,0.634,1.5,0.0,2.3,0.000
'260',30,03,2011,7770.0,0.3,15.4,0.904,2.9,1.8,1.1,0.046
'260',31,03,2011,3150.0,9.2,14.0,1.242,5.8,5.5,0.5,0.208
'260',01,04,2011,5510.0,9.9,16.1,1.281,4.8,0.0,0.9,0.000
'260',02,04,2011,15640.0,9.0,23.2,1.202,3.9,0.1,2.6,0.004
'260',03,04,2011,8320.0,9.2,15.3,1.193,2.4,1.5,1.3,0.029
'260',04,04,2011,12670.0,8.2,14.1,0.937,4.3,0.0,1.9,0.000
'260',05,04,2011,4130.0,7.0,11.9,0.889,5.6,0.0,0.6,0.000
'260',06,04,2011,11740.0,10.3,20.8,1.320,3.8,0.0,1.9,0.000
'260',07,04,2011,12490.0,6.0,16.4,1.032,3.2,0.0,1.9,0.000
'260',08,04,2011,18570.0,3.5,16.3,0.852,2.5,0.0,2.7,0.000
'260',09,04,2011,19050.0,5.6,16.2,0.791,2.9,0.0,2.8,0.000
'260',10,04,2011,19000.0,4.4,18.7,0.835,2.5,0.0,2.9,0.000
'260',11,04,2011,18630.0,4.5,22.0,0.946,2.6,4.9,2.9,0.092
'260',12,04,2011,15050.0,5.6,11.2,0.800,4.7,0.7,2.1,0.029
'260',13,04,2011,16780.0,1.2,13.2,0.679,2.8,0.0,2.3,0.000
'260',14,04,2011,7600.0,1.4,12.6,0.794,1.3,0.0,1.1,0.000
'260',15,04,2011,18690.0,2.2,16.3,0.706,1.3,0.0,2.8,0.000
'260',16,04,2011,12700.0,2.4,16.9,0.696,1.4,0.0,1.9,0.000
'260',17,04,2011,13530.0,7.6,17.9,0.978,2.0,0.0,2.1,0.000
'260',18,04,2011,21370.0,3.0,18.8,0.722,3.0,0.0,3.3,0.000
'260',19,04,2011,21130.0,7.5,23.8,0.985,2.5,0.0,3.5,0.000
'260',20,04,2011,21320.0,5.6,24.6,0.868,1.9,0.0,3.6,0.000
'260',21,04,2011,20380.0,6.3,25.0,0.916,1.9,0.0,3.5,0.000
'260',22,04,2011,18970.0,9.2,26.3,1.055,2.5,0.0,3.3,0.000
'260',23,04,2011,21370.0,9.9,26.3,0.973,2.9,0.0,3.8,0.000
'260',24,04,2011,19430.0,8.9,26.0,1.035,1.9,0.0,3.4,0.000
'260',25,04,2011,23110.0,7.8,23.9,0.948,3.1,0.0,4.0,0.000
'260',26,04,2011,20850.0,7.1,21.2,0.973,3.8,0.0,3.4,0.000
'260',27,04,2011,15810.0,9.4,15.7,1.119,4.6,0.0,2.5,0.000
'260',28,04,2011,15170.0,10.9,19.0,1.244,3.4,1.0,2.5,0.042
'260',29,04,2011,19110.0,10.1,22.9,1.152,4.8,0.0,3.3,0.000
'260',30,04,2011,22740.0,9.8,21.4,0.804,6.3,0.0,3.8,0.000
'260',01,05,2011,25550.0,6.9,18.5,0.567,6.3,0.0,4.0,0.000
'260',02,05,2011,24760.0,5.3,14.8,0.539,6.0,0.0,3.6,0.000
'260',03,05,2011,26220.0,2.2,14.1,0.568,4.3,0.0,3.7,0.000
'260',04,05,2011,20510.0,0.3,14.1,0.703,2.5,0.0,2.8,0.000
'260',05,05,2011,23330.0,0.0,18.4,0.649,2.0,0.0,3.5,0.000
'260',06,05,2011,21160.0,5.1,22.3,0.795,2.8,0.0,3.5,0.000
'260',07,05,2011,22610.0,10.9,27.8,0.991,4.3,0.0,4.1,0.000
'260',08,05,2011,20120.0,15.8,26.9,1.419,4.0,0.0,3.7,0.000
'260',09,05,2011,11500.0,11.0,20.4,1.501,1.8,0.4,2.0,0.025
'260',10,05,2011,14510.0,10.1,23.2,1.323,2.2,4.9,2.5,0.104
'260',11,05,2011,24380.0,9.0,20.9,1.026,2.2,0.0,4.0,0.000
'260',12,05,2011,17770.0,8.3,17.4,1.009,3.3,0.0,2.8,0.000
'260',13,05,2011,18390.0,8.0,18.7,1.059,2.5,0.0,2.9,0.000
'260',14,05,2011,21180.0,7.4,15.5,0.941,3.6,0.0,3.3,0.000
'260',15,05,2011,18020.0,8.4,15.4,1.014,3.5,2.2,2.8,0.017
'260',16,05,2011,5990.0,11.0,15.0,1.285,4.4,5.0,0.9,0.279
'260',17,05,2011,9870.0,10.7,16.8,1.265,3.2,0.5,1.6,0.050
'260',18,05,2011,8770.0,11.5,16.9,1.338,3.3,0.0,1.4,0.000
'260',19,05,2011,10550.0,6.0,16.0,1.017,2.0,1.3,1.6,0.208
'260',20,05,2011,23880.0,4.0,21.2,1.007,2.1,0.0,3.8,0.000
'260',21,05,2011,27180.0,4.8,22.1,0.945,1.8,0.0,4.4,0.000
'260',22,05,2011,13970.0,10.7,18.6,1.183,4.3,7.3,2.3,0.108
'260',23,05,2011,25900.0,10.3,21.4,1.073,4.7,0.0,4.4,0.000
'260',24,05,2011,26820.0,9.9,16.2,0.835,4.5,0.0,4.3,0.000
'260',25,05,2011,27370.0,5.9,21.5,0.844,2.5,0.0,4.5,0.000
'260',26,05,2011,11390.0,11.6,17.9,1.104,6.0,2.8,1.9,0.071
'260',27,05,2011,15790.0,9.5,15.2,1.080,3.8,1.8,2.5,0.042
'260',28,05,2011,13140.0,9.5,16.5,1.100,5.2,0.8,2.1,0.071
'260',29,05,2011,13810.0,12.5,21.7,1.281,5.3,0.0,2.3,0.000
'260',30,05,2011,26180.0,9.1,28.1,1.142,3.0,0.1,4.7,0.012
'260',31,05,2011,11060.0,9.5,16.7,1.080,3.4,3.4,1.8,0.137
'260',01,06,2011,29770.0,4.9,20.0,0.873,2.4,0.0,4.8,0.000
'260',02,06,2011,28740.0,5.2,22.2,0.946,3.5,0.0,4.8,0.000
'260',03,06,2011,27680.0,12.2,25.1,1.463,4.8,0.0,4.9,0.000
'260',04,06,2011,26190.0,13.8,27.7,1.535,5.3,0.0,4.9,0.000
'260',05,06,2011,13480.0,13.2,21.5,1.677,3.2,2.0,2.3,0.092
'260',06,06,2011,9770.0,11.6,21.3,1.670,2.0,7.4,1.6,0.204
'260',07,06,2011,17260.0,11.4,19.5,1.338,2.3,3.3,2.9,0.083
'260',08,06,2011,19010.0,11.1,18.4,1.114,3.6,2.1,3.1,0.179
'260',09,06,2011,20480.0,7.2,18.6,0.986,3.4,0.1,3.3,0.017
'260',10,06,2011,17180.0,5.7,19.8,0.961,2.0,4.5,2.7,0.142
'260',11,06,2011,18960.0,5.9,16.3,0.886,2.9,5.3,2.9,0.071
'260',12,06,2011,23730.0,4.7,18.3,0.869,2.5,0.0,3.8,0.000
'260',13,06,2011,9170.0,13.7,19.6,1.386,3.9,1.7,1.6,0.054
'260',14,06,2011,24830.0,10.3,20.8,1.124,2.3,0.0,4.2,0.000
'260',15,06,2011,14440.0,9.8,23.3,1.403,2.1,0.1,2.5,0.008
'260',16,06,2011,6980.0,12.6,17.7,1.500,3.1,24.9,1.2,0.371
'260',17,06,2011,15630.0,11.2,17.5,1.152,3.9,3.3,2.5,0.104
'260',18,06,2011,13720.0,10.7,17.2,1.181,6.4,13.0,2.2,0.329
'260',19,06,2011,10460.0,11.8,16.6,1.300,4.7,6.4,1.7,0.267
'260',20,06,2011,21540.0,11.1,19.1,1.291,2.9,0.0,3.6,0.000
'260',21,06,2011,13230.0,14.4,21.1,1.463,4.3,1.0,2.3,0.058
'260',22,06,2011,9370.0,14.6,17.6,1.275,4.4,0.2,1.6,0.012
'260',23,06,2011,17790.0,12.3,19.0,1.245,4.9,2.5,3.0,0.050
'260',24,06,2011,18670.0,10.5,18.2,1.151,3.0,0.4,3.0,0.017
'260',25,06,2011,4420.0,11.7,16.7,1.465,3.5,5.1,0.7,0.475
'260',26,06,2011,21440.0,16.2,23.7,1.822,2.3,0.1,3.9,0.017
'260',27,06,2011,29090.0,15.8,30.2,1.831,3.5,0.0,5.6,0.000
'260',28,06,2011,18710.0,19.2,32.2,2.198,3.1,28.8,3.7,0.158
'260',29,06,2011,15480.0,11.4,19.6,1.368,3.2,2.2,2.7,0.042
'260',30,06,2011,25180.0,8.8,19.7,1.071,2.9,0.0,4.2,0.000
'260',01,07,2011,19970.0,9.5,18.4,1.151,3.1,1.5,3.3,0.050
'260',02,07,2011,15470.0,8.6,17.6,1.095,2.9,0.0,2.5,0.000
'260',03,07,2011,26390.0,9.0,19.0,1.122,3.1,0.0,4.3,0.000
'260',04,07,2011,26420.0,9.8,20.5,1.275,2.5,0.0,4.4,0.000
'260',05,07,2011,27060.0,9.2,24.3,1.202,1.9,0.0,4.8,0.000
'260',06,07,2011,16520.0,11.1,21.2,1.245,3.6,0.9,2.9,0.029
'260',07,07,2011,18960.0,11.8,22.1,1.243,3.2,0.0,3.3,0.000
'260',08,07,2011,18320.0,13.3,21.5,1.264,4.0,0.0,3.2,0.000
'260',09,07,2011,14530.0,12.2,20.8,1.296,3.6,4.9,2.5,0.142
'260',10,07,2011,24140.0,9.7,22.5,1.162,2.5,0.0,4.1,0.000
'260',11,07,2011,21350.0,9.3,23.7,1.245,1.8,0.0,3.7,0.000
'260',12,07,2011,17080.0,13.5,23.8,1.547,4.8,58.9,3.0,0.271
'260',13,07,2011,4170.0,12.7,14.1,1.452,5.0,4.3,0.7,0.579
'260',14,07,2011,2990.0,12.5,16.3,1.556,6.9,47.5,0.5,0.854
'260',15,07,2011,25430.0,12.8,22.2,1.387,3.1,2.2,4.4,0.092
'260',16,07,2011,9490.0,12.9,21.1,1.480,3.7,15.0,1.6,0.438
'260',17,07,2011,16990.0,13.4,19.2,1.412,5.1,3.0,2.9,0.100
'260',18,07,2011,6010.0,13.9,17.3,1.451,5.5,2.9,1.0,0.254
'260',19,07,2011,21930.0,11.6,20.8,1.279,2.4,0.0,3.7,0.000
'260',20,07,2011,15910.0,14.5,22.6,1.462,1.6,3.2,2.7,0.042
'260',21,07,2011,12420.0,12.5,20.2,1.392,2.5,0.0,2.1,0.000
'260',22,07,2011,18450.0,12.6,18.6,1.232,3.4,0.0,3.1,0.000
'260',23,07,2011,14960.0,11.3,17.0,1.198,4.7,8.8,2.4,0.250
'260',24,07,2011,4350.0,11.0,13.3,1.325,4.6,25.0,0.7,0.737
'260',25,07,2011,15010.0,7.1,19.7,1.153,1.8,0.0,2.5,0.000
'260',26,07,2011,8910.0,13.3,18.6,1.485,2.0,1.2,1.5,0.142
'260',27,07,2011,13650.0,12.5,21.7,1.587,1.7,0.0,2.3,0.000
'260',28,07,2011,16420.0,15.0,24.3,1.810,2.6,0.0,2.9,0.000
'260',29,07,2011,11830.0,12.7,18.9,1.429,2.7,0.0,2.0,0.000
'260',30,07,2011,6750.0,13.1,16.8,1.308,2.4,0.0,1.1,0.000
'260',31,07,2011,9730.0,8.0,18.1,1.139,1.3,0.0,1.6,0.000
'260',01,08,2011,25770.0,6.1,21.7,1.198,1.7,0.0,4.3,0.000
'260',02,08,2011,22720.0,11.5,26.7,1.537,2.1,0.0,4.2,0.000
'260',03,08,2011,7630.0,14.1,23.4,1.775,2.0,0.1,1.4,0.021
'260',04,08,2011,18320.0,12.7,25.3,1.686,3.0,2.9,3.3,0.217
'260',05,08,2011,16460.0,15.4,22.9,1.641,3.3,0.0,2.9,0.000
'260',06,08,2011,11890.0,14.3,24.6,1.842,2.9,8.5,2.1,0.188
'260',07,08,2011,18370.0,13.7,20.5,1.424,4.7,0.1,3.1,0.008
'260',08,08,2011,14920.0,13.0,19.1,1.331,4.1,8.4,2.5,0.263
'260',09,08,2011,16350.0,11.8,17.3,1.229,4.0,0.6,2.7,0.008
'260',10,08,2011,14120.0,9.3,20.1,1.174,4.0,0.4,2.4,0.029
'260',11,08,2011,10310.0,15.4,21.1,1.657,5.4,3.0,1.8,0.067
'260',12,08,2011,11150.0,13.4,21.1,1.687,2.9,0.3,1.9,0.033
'260',13,08,2011,5810.0,13.4,20.0,1.673,2.7,3.4,1.0,0.125
'260',14,08,2011,10470.0,13.8,21.2,1.587,2.3,14.9,1.8,0.312
'260',15,08,2011,22380.0,11.6,21.1,1.232,2.3,0.0,3.8,0.000
'260',16,08,2011,14940.0,12.4,21.8,1.341,2.7,0.0,2.6,0.000
'260',17,08,2011,15240.0,13.4,22.2,1.551,2.6,0.0,2.7,0.000
'260',18,08,2011,8340.0,13.6,19.4,1.638,2.7,7.9,1.4,0.137
'260',19,08,2011,17520.0,9.3,19.7,1.257,2.8,0.4,2.9,0.058
'260',20,08,2011,18690.0,9.3,23.1,1.224,2.1,0.0,3.2,0.000
'260',21,08,2011,13300.0,12.1,27.4,1.903,3.1,0.0,2.4,0.000
'260',22,08,2011,12100.0,12.2,23.4,1.660,1.8,2.2,2.1,0.092
'260',23,08,2011,8630.0,15.1,24.2,1.937,2.8,7.6,1.5,0.292
'260',24,08,2011,5890.0,14.7,20.9,1.800,2.4,0.4,1.0,0.033
'260',25,08,2011,14570.0,10.3,24.2,1.517,2.1,4.5,2.5,0.025
'260',26,08,2011,5960.0,14.7,21.2,1.768,3.9,2.4,1.0,0.129
'260',27,08,2011,11350.0,11.6,18.3,1.357,3.6,8.2,1.9,0.188
'260',28,08,2011,7560.0,11.4,16.6,1.384,3.8,17.3,1.2,0.333
'260',29,08,2011,10740.0,9.2,16.5,1.062,3.5,0.3,1.7,0.021
'260',30,08,2011,8190.0,8.2,18.1,1.213,1.6,1.7,1.3,0.021
'260',31,08,2011,9970.0,8.6,17.9,1.214,1.9,0.1,1.6,0.004
'260',01,09,2011,17540.0,6.1,19.1,1.074,1.3,0.0,2.7,0.000
'260',02,09,2011,17070.0,7.4,25.1,1.466,2.0,0.0,2.9,0.000
'260',03,09,2011,17200.0,11.9,27.9,1.711,2.3,0.1,3.2,0.004
'260',04,09,2011,8110.0,14.7,22.1,1.799,2.4,13.6,1.4,0.154
'260',05,09,2011,13480.0,12.2,19.0,1.349,5.5,3.7,2.2,0.042
'260',06,09,2011,5150.0,13.7,16.6,1.452,6.9,27.0,0.9,0.542
'260',07,09,2011,7580.0,12.8,17.7,1.388,5.0,7.9,1.2,0.192
'260',08,09,2011,3980.0,12.5,16.6,1.451,3.6,9.9,0.7,0.312
'260',09,09,2011,4440.0,15.6,20.0,1.848,2.8,0.0,0.8,0.000
'260',10,09,2011,11210.0,15.1,25.4,2.058,3.2,11.8,2.1,0.083
'260',11,09,2011,8390.0,14.8,20.1,1.647,3.9,5.2,1.5,0.058
'260',12,09,2011,5290.0,14.3,21.0,1.628,6.5,0.7,0.9,0.037
'260',13,09,2011,14000.0,11.6,18.7,1.231,5.6,5.3,2.3,0.083
'260',14,09,2011,10900.0,11.3,17.9,1.211,4.0,0.0,1.8,0.000
'260',15,09,2011,12540.0,9.0,18.7,1.166,2.3,0.0,2.0,0.000
'260',16,09,2011,13290.0,7.3,19.2,1.142,3.5,0.2,2.2,0.008
'260',17,09,2011,4920.0,12.0,17.3,1.359,4.2,0.9,0.8,0.054
'260',18,09,2011,11980.0,7.6,16.6,1.144,3.0,1.1,1.9,0.042
'260',19,09,2011,11540.0,6.7,17.9,1.116,2.6,0.0,1.8,0.000
'260',20,09,2011,7360.0,11.4,18.7,1.388,4.1,0.0,1.2,0.000
'260',21,09,2011,5290.0,14.1,18.6,1.426,4.3,0.0,0.9,0.000
'260',22,09,2011,11650.0,9.2,17.8,1.110,3.5,0.1,1.9,0.004
'260',23,09,2011,10180.0,7.8,18.5,1.221,1.9,0.0,1.6,0.000
'260',24,09,2011,13780.0,6.3,20.9,1.157,1.3,0.0,2.2,0.000
'260',25,09,2011,13650.0,7.1,22.7,1.277,2.0,0.0,2.3,0.000
'260',26,09,2011,10430.0,11.5,23.1,1.456,2.3,1.6,1.8,0.075
'260',27,09,2011,8660.0,10.3,20.6,1.451,1.3,0.0,1.5,0.000
'260',28,09,2011,14170.0,8.9,23.8,1.440,1.9,0.0,2.4,0.000
'260',29,09,2011,13760.0,12.3,25.2,1.574,2.3,0.0,2.4,0.000
'260',30,09,2011,13740.0,10.5,24.1,1.388,1.6,0.0,2.3,0.000
'260',01,10,2011,12460.0,8.8,26.0,1.390,0.7,0.0,2.1,0.000
'260',02,10,2011,12820.0,7.7,25.6,1.231,0.9,0.0,2.1,0.000
'260',03,10,2011,10520.0,9.9,24.3,1.430,3.1,0.0,1.9,0.000
'260',04,10,2011,6270.0,15.4,20.0,1.562,3.9,0.0,1.1,0.000
'260',05,10,2011,3500.0,15.7,18.3,1.579,5.3,0.0,0.6,0.000
'260',06,10,2011,6690.0,8.3,17.6,1.059,6.2,8.7,1.1,0.192
'260',07,10,2011,7990.0,8.2,14.2,1.067,3.4,13.1,1.2,0.400
'260',08,10,2011,7850.0,7.2,13.5,1.032,2.3,4.5,1.1,0.083
'260',09,10,2011,3560.0,6.0,17.0,1.281,3.6,4.9,0.5,0.321
'260',10,10,2011,3780.0,16.3,17.9,1.689,6.1,0.3,0.6,0.042
'260',11,10,2011,1430.0,13.3,17.3,1.531,5.5,2.5,0.2,0.200
'260',12,10,2011,1860.0,9.8,13.6,1.302,1.5,15.5,0.3,0.688
'260',13,10,2011,8510.0,3.3,14.6,0.919,1.6,0.0,1.2,0.000
'260',14,10,2011,10920.0,1.9,14.6,0.729,2.3,0.0,1.5,0.000
'260',15,10,2011,11180.0,0.4,13.9,0.753,2.8,0.0,1.5,0.000
'260',16,10,2011,10820.0,2.9,14.4,0.836,2.1,0.0,1.5,0.000
'260',17,10,2011,5590.0,4.6,16.1,1.101,3.7,0.0,0.8,0.000
'260',18,10,2011,4810.0,8.0,13.8,0.920,5.0,8.3,0.7,0.188
'260',19,10,2011,6920.0,4.5,13.7,0.875,3.0,3.9,1.0,0.171
'260',20,10,2011,6950.0,2.5,10.8,0.825,2.3,2.5,0.9,0.104
'260',21,10,2011,9080.0,1.6,12.0,0.778,2.4,0.0,1.2,0.000
'260',22,10,2011,9340.0,2.1,10.1,0.730,3.2,0.0,1.2,0.000
'260',23,10,2011,9040.0,3.4,13.7,0.872,4.4,0.0,1.3,0.000
'260',24,10,2011,8940.0,5.1,13.1,0.799,6.7,0.0,1.3,0.000
'260',25,10,2011,2520.0,8.5,12.7,0.929,5.8,3.3,0.4,0.212
'260',26,10,2011,5500.0,7.6,13.7,1.003,3.9,0.2,0.8,0.025
'260',27,10,2011,6770.0,7.1,15.2,1.036,4.0,0.0,1.0,0.000
'260',28,10,2011,4870.0,8.7,17.1,1.333,1.6,0.0,0.7,0.000
'260',29,10,2011,3300.0,7.3,17.0,1.257,1.9,0.4,0.5,0.017
'260',30,10,2011,2080.0,11.9,14.3,1.378,3.1,0.0,0.3,0.000
'260',31,10,2011,6260.0,10.8,16.6,1.261,2.9,0.0,1.0,0.000
'260',01,11,2011,6480.0,9.1,17.0,1.303,2.8,5.8,1.0,0.200
'260',02,11,2011,4560.0,9.7,14.2,1.258,3.3,0.2,0.7,0.021
'260',03,11,2011,2700.0,11.4,16.7,1.317,4.2,0.0,0.4,0.000
'260',04,11,2011,6190.0,12.4,18.3,1.278,4.5,0.0,1.0,0.000
'260',05,11,2011,4630.0,7.2,17.0,1.157,1.8,0.0,0.7,0.000
'260',06,11,2011,1560.0,7.7,12.4,1.091,3.7,0.0,0.2,0.000
'260',07,11,2011,800.0,9.0,10.6,1.059,4.5,0.0,0.1,0.000
'260',08,11,2011,5090.0,4.8,11.6,0.968,3.4,0.0,0.7,0.000
'260',09,11,2011,4260.0,5.2,13.1,1.060,2.0,0.0,0.6,0.000
'260',10,11,2011,3010.0,2.7,7.4,0.850,3.2,0.0,0.4,0.000
'260',11,11,2011,2360.0,4.8,10.1,0.888,5.2,0.0,0.3,0.000
'260',12,11,2011,5050.0,3.3,10.8,0.872,2.8,0.0,0.7,0.000
'260',13,11,2011,4740.0,0.6,7.8,0.758,2.3,0.0,0.6,0.000
'260',14,11,2011,5580.0,-1.1,8.8,0.690,2.0,0.0,0.7,0.000
'260',15,11,2011,4220.0,-1.2,5.1,0.635,3.1,0.0,0.5,0.000
'260',16,11,2011,5410.0,-1.5,7.7,0.604,2.8,0.0,0.6,0.000
'260',17,11,2011,1390.0,-0.9,8.0,0.796,2.2,0.0,0.2,0.000
'260',18,11,2011,3200.0,2.4,10.0,0.916,2.0,0.0,0.4,0.000
'260',19,11,2011,4540.0,-0.4,10.4,0.814,1.4,0.0,0.6,0.000
'260',20,11,2011,2060.0,-0.5,4.6,0.714,0.8,0.0,0.2,0.000
'260',21,11,2011,1730.0,-0.2,3.2,0.681,1.1,0.0,0.2,0.000
'260',22,11,2011,4090.0,-0.9,9.1,0.795,1.1,0.0,0.5,0.000
'260',23,11,2011,1410.0,4.8,11.6,1.038,1.7,0.1,0.2,0.004
'260',24,11,2011,3230.0,6.7,10.6,1.013,3.5,0.0,0.4,0.000
'260',25,11,2011,750.0,7.5,10.1,0.942,4.7,1.0,0.1,0.071
'260',26,11,2011,3110.0,4.7,11.1,0.891,5.5,0.0,0.4,0.000
'260',27,11,2011,1370.0,6.6,13.7,0.981,6.4,1.8,0.2,0.037
'260',28,11,2011,4090.0,0.7,9.1,0.725,2.7,0.0,0.5,0.000
'260',29,11,2011,2480.0,4.9,10.0,0.903,5.5,1.9,0.3,0.146
'260',30,11,2011,3900.0,5.0,10.9,0.849,4.0,0.0,0.5,0.000
'260',01,12,2011,1180.0,4.9,12.3,1.032,4.6,23.5,0.2,0.375
'260',02,12,2011,2660.0,4.7,9.8,0.812,3.4,11.8,0.4,0.179
'260',03,12,2011,1120.0,5.3,10.6,0.858,5.6,8.4,0.2,0.308
'260',04,12,2011,1600.0,5.1,9.0,0.787,4.0,0.9,0.2,0.033
'260',05,12,2011,2480.0,3.5,7.6,0.669,4.8,3.0,0.3,0.096
'260',06,12,2011,2900.0,3.4,7.7,0.679,4.6,0.9,0.4,0.037
'260',07,12,2011,2010.0,3.9,8.5,0.701,7.1,8.2,0.3,0.142
'260',08,12,2011,980.0,4.1,10.7,0.793,7.1,7.0,0.1,0.175
'260',09,12,2011,3150.0,2.5,8.6,0.648,5.5,3.4,0.4,0.104
'260',10,12,2011,2690.0,1.0,6.8,0.622,3.5,0.2,0.3,0.012
'260',11,12,2011,2020.0,1.5,6.2,0.655,4.1,0.0,0.2,0.000
'260',12,12,2011,3030.0,4.9,9.0,0.782,4.8,2.4,0.4,0.150
'260',13,12,2011,1330.0,5.2,10.8,0.819,8.4,10.5,0.2,0.288
'260',14,12,2011,1480.0,3.5,6.6,0.735,6.2,6.2,0.2,0.150
'260',15,12,2011,830.0,3.5,6.6,0.732,6.4,6.8,0.1,0.308
'260',16,12,2011,930.0,1.6,5.1,0.702,4.5,10.2,0.1,0.458
'260',17,12,2011,3140.0,1.1,7.7,0.664,2.9,5.0,0.4,0.183
'260',18,12,2011,1950.0,0.5,5.6,0.626,2.4,3.7,0.2,0.100
'260',19,12,2011,2840.0,-0.1,5.1,0.599,4.4,3.8,0.3,0.258
'260',20,12,2011,2880.0,0.8,8.3,0.673,3.9,2.5,0.4,0.163
'260',21,12,2011,640.0,4.7,6.4,0.798,2.6,0.5,0.1,0.096
'260',22,12,2011,780.0,6.2,10.2,1.031,3.5,3.5,0.1,0.279
'260',23,12,2011,530.0,6.1,10.4,0.939,5.2,3.3,0.1,0.188
'260',24,12,2011,2880.0,5.3,8.2,0.771,4.9,2.7,0.4,0.158
'260',25,12,2011,1290.0,6.9,10.6,1.007,5.6,0.1,0.2,0.029
'260',26,12,2011,1420.0,10.2,12.0,1.193,4.8,0.1,0.2,0.017
'260',27,12,2011,1050.0,7.7,10.2,0.918,3.9,0.0,0.1,0.000
'260',28,12,2011,540.0,5.7,7.8,0.802,6.0,0.0,0.1,0.000
'260',29,12,2011,1150.0,4.7,7.8,0.766,6.1,4.5,0.2,0.204
'260',30,12,2011,2720.0,3.8,8.0,0.740,4.2,1.4,0.3,0.092
'260',31,12,2011,670.0,3.7,10.7,0.982,3.6,4.5,0.1,0.467
