* Source of data    : Royal Netherlands Meterological Institute (www.knmi.nl)
* File content      : Meteo from www.knmi.nl; input file for Swap 3.2 (www.swap.alterra.nl)
* File generated by : Alterra - Wageningen-UR (www.alterra.wur.nl)
* File generated at : 2017-02-27 11:38:43
Station,DD,MM,YYYY,Rad,Tmin,Tmax,Hum,Wind,Rain,ETref,Wet
'260',01,01,2014,2350.0,4.8,9.9,0.864,5.9,1.3,0.3,0.150
'260',02,01,2014,1340.0,5.5,10.3,0.918,5.1,0.8,0.2,0.054
'260',03,01,2014,1830.0,5.6,12.2,0.932,6.8,8.0,0.3,0.183
'260',04,01,2014,1740.0,5.9,9.3,0.883,5.0,0.7,0.2,0.046
'260',05,01,2014,3500.0,4.1,8.4,0.807,4.6,0.0,0.5,0.000
'260',06,01,2014,1830.0,7.0,14.5,1.060,6.7,2.3,0.3,0.121
'260',07,01,2014,1660.0,9.4,12.3,1.002,6.4,0.0,0.2,0.000
'260',08,01,2014,1950.0,6.2,10.0,0.942,4.8,6.6,0.3,0.129
'260',09,01,2014,910.0,6.8,12.1,0.940,6.5,2.4,0.1,0.096
'260',10,01,2014,3810.0,4.6,8.8,0.811,4.7,0.0,0.5,0.000
'260',11,01,2014,1710.0,3.3,7.8,0.745,4.1,0.4,0.2,0.025
'260',12,01,2014,4120.0,-2.0,6.2,0.643,2.8,0.0,0.5,0.000
'260',13,01,2014,3280.0,2.2,9.9,0.819,4.3,0.1,0.4,0.017
'260',14,01,2014,1210.0,2.2,7.1,0.774,3.1,0.9,0.2,0.125
'260',15,01,2014,770.0,2.4,6.4,0.756,4.1,3.6,0.1,0.279
'260',16,01,2014,870.0,5.9,8.9,0.946,4.2,2.6,0.1,0.167
'260',17,01,2014,1800.0,6.1,9.0,0.877,4.7,4.3,0.2,0.246
'260',18,01,2014,3510.0,5.5,8.6,0.824,4.0,0.0,0.5,0.000
'260',19,01,2014,2530.0,4.6,7.1,0.787,3.4,0.0,0.3,0.000
'260',20,01,2014,560.0,1.4,6.0,0.736,2.0,0.4,0.1,0.029
'260',21,01,2014,830.0,1.7,5.4,0.730,1.4,0.0,0.1,0.000
'260',22,01,2014,3170.0,2.0,4.3,0.641,3.7,0.0,0.4,0.000
'260',23,01,2014,730.0,1.6,5.2,0.721,2.8,8.9,0.1,0.312
'260',24,01,2014,1780.0,2.3,6.7,0.762,2.0,0.7,0.2,0.058
'260',25,01,2014,2440.0,2.4,6.3,0.723,4.6,7.3,0.3,0.179
'260',26,01,2014,2480.0,3.7,6.8,0.762,5.0,9.5,0.3,0.267
'260',27,01,2014,2410.0,2.5,6.2,0.687,5.0,0.7,0.3,0.083
'260',28,01,2014,3630.0,2.3,6.8,0.640,5.9,0.0,0.5,0.000
'260',29,01,2014,3950.0,-2.1,2.5,0.522,5.7,0.0,0.4,0.000
'260',30,01,2014,3810.0,-2.4,5.0,0.546,3.0,0.0,0.4,0.000
'260',31,01,2014,5540.0,-3.0,7.4,0.595,3.3,0.8,0.7,0.062
'260',01,02,2014,1950.0,4.3,8.4,0.761,6.0,7.0,0.3,0.400
'260',02,02,2014,5120.0,2.6,8.0,0.732,4.6,0.0,0.6,0.000
'260',03,02,2014,6780.0,0.5,8.2,0.647,3.7,0.0,0.8,0.000
'260',04,02,2014,4540.0,2.3,9.4,0.710,4.7,0.0,0.6,0.000
'260',05,02,2014,5170.0,4.0,10.4,0.751,7.0,2.1,0.7,0.179
'260',06,02,2014,3910.0,5.7,9.6,0.865,6.7,5.5,0.5,0.250
'260',07,02,2014,840.0,4.4,10.3,0.884,5.6,14.3,0.1,0.462
'260',08,02,2014,1460.0,4.2,9.0,0.783,6.4,5.0,0.2,0.304
'260',09,02,2014,1950.0,4.4,7.6,0.691,8.5,1.4,0.3,0.083
'260',10,02,2014,3500.0,2.3,9.0,0.688,2.5,0.1,0.4,0.017
'260',11,02,2014,4850.0,3.9,8.3,0.697,5.2,2.0,0.6,0.125
'260',12,02,2014,6260.0,3.1,9.1,0.694,6.5,2.1,0.8,0.100
'260',13,02,2014,2550.0,3.1,6.9,0.725,5.1,1.9,0.3,0.071
'260',14,02,2014,3670.0,2.1,8.8,0.764,5.7,7.2,0.5,0.208
'260',15,02,2014,4480.0,7.5,13.4,0.840,9.9,0.0,0.7,0.000
'260',16,02,2014,8730.0,-0.1,9.4,0.615,5.0,0.0,1.1,0.000
'260',17,02,2014,4410.0,0.3,10.4,0.757,3.0,0.0,0.6,0.000
'260',18,02,2014,3580.0,3.5,8.0,0.746,3.0,0.0,0.5,0.000
'260',19,02,2014,4410.0,6.1,11.0,0.920,3.7,0.9,0.6,0.058
'260',20,02,2014,1530.0,5.4,10.0,0.942,5.0,3.7,0.2,0.267
'260',21,02,2014,6710.0,4.6,10.3,0.781,5.1,5.3,0.9,0.150
'260',22,02,2014,5220.0,4.2,10.3,0.770,4.9,0.5,0.7,0.021
'260',23,02,2014,7680.0,3.7,11.8,0.829,5.0,0.0,1.0,0.000
'260',24,02,2014,9060.0,3.8,12.6,0.758,4.3,0.0,1.2,0.000
'260',25,02,2014,4230.0,5.4,12.6,0.872,4.6,2.6,0.6,0.075
'260',26,02,2014,7180.0,3.7,11.1,0.809,3.1,0.1,1.0,0.004
'260',27,02,2014,3340.0,2.0,7.8,0.713,4.7,3.2,0.4,0.175
'260',28,02,2014,5640.0,1.9,8.5,0.715,3.5,1.5,0.7,0.146
'260',01,03,2014,5390.0,4.3,8.2,0.805,2.7,2.3,0.7,0.167
'260',02,03,2014,11070.0,2.6,9.8,0.673,4.5,0.1,1.5,0.008
'260',03,03,2014,3330.0,0.6,9.9,0.706,4.2,0.2,0.4,0.029
'260',04,03,2014,9450.0,-0.1,10.7,0.709,2.0,0.0,1.2,0.000
'260',05,03,2014,10280.0,-0.5,12.6,0.652,1.5,0.0,1.3,0.000
'260',06,03,2014,7470.0,-0.7,13.7,0.708,2.8,0.0,1.0,0.000
'260',07,03,2014,7120.0,2.7,12.8,0.755,3.4,0.0,1.0,0.000
'260',08,03,2014,12780.0,-1.5,16.0,0.819,3.6,0.0,1.8,0.000
'260',09,03,2014,13650.0,4.1,19.5,0.830,3.6,0.0,2.1,0.000
'260',10,03,2014,13220.0,1.5,18.0,0.788,3.3,0.0,1.9,0.000
'260',11,03,2014,10940.0,6.1,14.4,0.914,4.2,0.0,1.6,0.000
'260',12,03,2014,13810.0,1.8,16.8,0.781,1.9,0.0,1.9,0.000
'260',13,03,2014,13400.0,-0.7,16.8,0.740,1.5,0.0,1.9,0.000
'260',14,03,2014,10300.0,-0.1,12.0,0.780,2.6,0.0,1.4,0.000
'260',15,03,2014,8240.0,8.6,11.8,0.900,5.2,0.0,1.2,0.000
'260',16,03,2014,7000.0,9.4,12.2,0.955,4.2,0.0,1.0,0.000
'260',17,03,2014,5550.0,7.5,12.0,0.903,3.7,0.0,0.8,0.000
'260',18,03,2014,2160.0,7.5,10.5,0.898,5.0,3.3,0.3,0.075
'260',19,03,2014,12840.0,8.8,15.9,0.864,5.8,0.0,1.9,0.000
'260',20,03,2014,16240.0,4.8,21.2,0.799,4.9,0.0,2.6,0.000
'260',21,03,2014,6420.0,4.2,11.0,0.757,3.7,18.6,0.9,0.388
'260',22,03,2014,9210.0,3.6,10.5,0.718,4.5,0.5,1.2,0.029
'260',23,03,2014,10750.0,1.0,9.5,0.642,3.2,0.7,1.4,0.029
'260',24,03,2014,15690.0,-0.7,10.9,0.584,1.9,0.0,2.0,0.000
'260',25,03,2014,12580.0,-2.3,10.8,0.535,2.8,0.0,1.6,0.000
'260',26,03,2014,10070.0,0.3,9.6,0.623,2.0,0.0,1.3,0.000
'260',27,03,2014,15280.0,1.4,13.7,0.687,4.6,0.0,2.2,0.000
'260',28,03,2014,16910.0,5.0,17.3,0.802,4.4,0.0,2.5,0.000
'260',29,03,2014,16260.0,3.7,19.2,0.803,3.3,0.0,2.5,0.000
'260',30,03,2014,12920.0,3.5,20.2,0.862,2.1,0.0,2.0,0.000
'260',31,03,2014,13140.0,9.4,20.4,0.921,2.8,0.0,2.2,0.000
'260',01,04,2014,14420.0,6.4,20.4,1.058,2.0,0.0,2.3,0.000
'260',02,04,2014,14060.0,4.5,21.5,0.938,2.1,0.0,2.3,0.000
'260',03,04,2014,16190.0,7.8,22.7,1.027,2.3,0.0,2.7,0.000
'260',04,04,2014,4460.0,11.2,15.2,1.251,1.7,0.0,0.7,0.000
'260',05,04,2014,12680.0,6.0,17.7,0.909,2.0,0.0,1.9,0.000
'260',06,04,2014,6330.0,5.5,17.7,1.164,3.3,1.5,1.0,0.104
'260',07,04,2014,12060.0,11.9,21.2,1.356,3.6,8.2,2.0,0.079
'260',08,04,2014,11540.0,6.3,13.8,0.903,5.1,6.7,1.6,0.125
'260',09,04,2014,19300.0,6.0,14.8,0.866,3.8,0.0,2.9,0.000
'260',10,04,2014,8440.0,10.2,15.4,1.119,2.2,0.0,1.3,0.000
'260',11,04,2014,13560.0,5.9,15.3,0.881,2.5,0.0,2.1,0.000
'260',12,04,2014,16140.0,2.0,15.8,0.735,2.6,0.0,2.4,0.000
'260',13,04,2014,16690.0,8.2,13.1,0.862,3.8,0.0,2.5,0.000
'260',14,04,2014,16340.0,5.5,11.7,0.756,5.4,2.7,2.3,0.062
'260',15,04,2014,13530.0,3.2,10.7,0.661,3.6,0.0,1.8,0.000
'260',16,04,2014,22320.0,-0.9,14.3,0.612,2.3,0.0,3.0,0.000
'260',17,04,2014,16660.0,2.4,17.6,0.676,4.1,1.2,2.5,0.058
'260',18,04,2014,15990.0,5.8,12.1,0.775,3.7,0.6,2.3,0.025
'260',19,04,2014,19880.0,6.2,16.6,0.838,4.4,0.0,3.0,0.000
'260',20,04,2014,17740.0,10.0,20.7,1.071,5.6,0.0,3.0,0.000
'260',21,04,2014,8810.0,9.0,15.8,1.103,3.0,0.2,1.4,0.042
'260',22,04,2014,15820.0,6.7,19.0,0.986,2.3,0.0,2.5,0.000
'260',23,04,2014,19610.0,5.1,21.1,0.968,1.7,0.0,3.1,0.000
'260',24,04,2014,14600.0,6.9,20.5,1.209,2.7,33.6,2.3,0.179
'260',25,04,2014,20600.0,10.7,23.7,1.246,3.8,0.1,3.6,0.008
'260',26,04,2014,16040.0,10.4,17.6,1.126,2.8,0.0,2.6,0.000
'260',27,04,2014,9420.0,8.6,15.3,1.156,1.9,3.0,1.4,0.283
'260',28,04,2014,12410.0,8.2,16.9,1.111,2.0,0.0,2.0,0.000
'260',29,04,2014,8710.0,11.8,17.5,1.375,1.5,0.6,1.4,0.071
'260',30,04,2014,12730.0,10.6,17.9,1.338,2.2,0.0,2.0,0.000
'260',01,05,2014,15750.0,10.1,18.3,1.080,2.3,0.0,2.5,0.000
'260',02,05,2014,9750.0,6.4,12.2,0.845,4.5,0.0,1.4,0.000
'260',03,05,2014,23110.0,1.7,13.7,0.707,2.9,0.0,3.2,0.000
'260',04,05,2014,17160.0,0.0,13.7,0.679,1.3,0.0,2.4,0.000
'260',05,05,2014,22940.0,3.1,18.4,0.808,2.8,0.0,3.6,0.000
'260',06,05,2014,10890.0,11.5,17.8,1.219,3.8,0.1,1.8,0.017
'260',07,05,2014,12250.0,10.6,16.2,1.150,4.7,12.0,1.9,0.112
'260',08,05,2014,5370.0,11.3,13.4,1.195,5.0,15.5,0.8,0.421
'260',09,05,2014,13030.0,9.1,16.1,1.092,5.4,5.4,2.0,0.092
'260',10,05,2014,5530.0,9.8,15.6,1.143,5.9,5.7,0.8,0.221
'260',11,05,2014,6720.0,9.0,11.7,1.062,6.0,14.6,1.0,0.633
'260',12,05,2014,13120.0,6.0,14.6,0.970,3.3,2.3,2.0,0.117
'260',13,05,2014,18250.0,5.5,15.0,0.865,2.5,0.8,2.7,0.025
'260',14,05,2014,17690.0,3.7,13.9,0.799,2.8,3.0,2.6,0.025
'260',15,05,2014,21180.0,4.4,15.0,0.823,2.6,0.0,3.1,0.000
'260',16,05,2014,27700.0,3.4,18.3,0.750,2.2,0.0,4.3,0.000
'260',17,05,2014,26980.0,5.1,20.7,0.972,1.8,0.0,4.4,0.000
'260',18,05,2014,24610.0,7.4,23.1,1.146,1.6,0.0,4.1,0.000
'260',19,05,2014,26720.0,9.2,24.3,1.239,2.6,0.0,4.7,0.000
'260',20,05,2014,22850.0,13.6,27.1,1.452,3.7,7.9,4.2,0.050
'260',21,05,2014,14420.0,12.6,21.5,1.517,2.9,0.9,2.5,0.037
'260',22,05,2014,22660.0,14.9,23.0,1.344,4.0,3.8,4.0,0.042
'260',23,05,2014,19450.0,12.6,20.7,1.206,2.8,0.0,3.3,0.000
'260',24,05,2014,19250.0,10.7,19.6,1.079,3.5,0.0,3.2,0.000
'260',25,05,2014,23930.0,9.7,21.3,1.068,2.5,0.0,4.0,0.000
'260',26,05,2014,9210.0,12.2,22.3,1.322,2.9,12.8,1.5,0.146
'260',27,05,2014,5730.0,13.5,17.4,1.621,1.4,7.6,1.0,0.421
'260',28,05,2014,2780.0,11.7,14.6,1.438,2.2,9.0,0.4,0.646
'260',29,05,2014,4570.0,7.5,11.8,1.084,3.5,0.6,0.7,0.125
'260',30,05,2014,20020.0,4.3,16.9,0.927,2.6,0.0,3.1,0.000
'260',31,05,2014,23410.0,5.4,19.4,0.955,1.7,0.0,3.7,0.000
'260',01,06,2014,27260.0,6.9,18.7,1.053,2.3,0.0,4.4,0.000
'260',02,06,2014,20050.0,5.6,20.6,1.016,1.5,0.0,3.2,0.000
'260',03,06,2014,16500.0,6.4,21.0,1.118,1.6,0.5,2.7,0.021
'260',04,06,2014,12410.0,10.6,17.8,1.393,2.9,10.2,2.0,0.317
'260',05,06,2014,17390.0,8.8,17.8,1.041,4.9,2.0,2.7,0.092
'260',06,06,2014,29460.0,6.2,22.9,0.962,2.4,0.0,5.0,0.000
'260',07,06,2014,21180.0,11.7,27.6,1.505,2.5,0.0,3.9,0.000
'260',08,06,2014,20410.0,15.2,24.8,1.547,2.3,0.3,3.7,0.037
'260',09,06,2014,17670.0,16.0,27.1,1.859,2.3,2.7,3.3,0.117
'260',10,06,2014,19750.0,16.2,25.8,1.798,2.7,6.9,3.6,0.137
'260',11,06,2014,28790.0,10.4,21.9,1.124,2.8,0.0,5.0,0.000
'260',12,06,2014,26420.0,8.8,22.9,1.127,2.0,0.0,4.6,0.000
'260',13,06,2014,26370.0,11.3,22.2,1.272,3.0,0.0,4.6,0.000
'260',14,06,2014,17200.0,13.7,18.9,1.232,3.8,0.0,2.9,0.000
'260',15,06,2014,23880.0,10.8,20.1,1.120,3.3,0.0,4.0,0.000
'260',16,06,2014,11720.0,9.9,17.8,1.217,3.3,0.3,1.9,0.025
'260',17,06,2014,15640.0,10.5,19.3,1.317,3.9,0.0,2.6,0.000
'260',18,06,2014,15680.0,7.8,20.0,1.232,2.5,1.2,2.6,0.088
'260',19,06,2014,6300.0,10.4,16.1,1.255,2.5,0.5,1.0,0.037
'260',20,06,2014,15100.0,8.8,18.0,1.138,3.0,0.1,2.4,0.021
'260',21,06,2014,21880.0,9.1,20.9,1.203,2.6,0.0,3.7,0.000
'260',22,06,2014,27060.0,8.8,20.6,1.149,2.7,0.0,4.5,0.000
'260',23,06,2014,24870.0,7.0,21.3,1.150,2.0,0.0,4.1,0.000
'260',24,06,2014,19860.0,11.9,21.3,1.353,2.3,0.2,3.3,0.012
'260',25,06,2014,18630.0,10.6,19.2,1.163,2.3,0.0,3.1,0.000
'260',26,06,2014,24760.0,10.6,22.2,1.115,1.9,0.0,4.2,0.000
'260',27,06,2014,14410.0,12.7,21.5,1.335,2.7,0.2,2.5,0.021
'260',28,06,2014,15450.0,14.4,21.0,1.393,2.9,0.0,2.7,0.000
'260',29,06,2014,22950.0,12.4,19.2,1.244,2.6,4.8,3.9,0.025
'260',30,06,2014,17330.0,7.8,18.6,0.995,2.6,0.4,2.8,0.033
'260',01,07,2014,22660.0,6.9,19.3,1.036,2.1,0.0,3.7,0.000
'260',02,07,2014,25590.0,6.2,20.9,1.008,1.8,0.0,4.2,0.000
'260',03,07,2014,26190.0,9.0,26.2,1.169,2.9,0.0,4.6,0.000
'260',04,07,2014,20340.0,10.5,28.9,1.346,3.0,0.0,3.8,0.000
'260',05,07,2014,11070.0,17.4,22.8,1.834,4.0,2.6,2.0,0.129
'260',06,07,2014,11580.0,14.5,24.4,1.733,4.2,8.7,2.1,0.083
'260',07,07,2014,23960.0,12.4,23.5,1.270,2.8,0.0,4.2,0.000
'260',08,07,2014,4310.0,13.0,17.0,1.540,3.3,11.9,0.7,0.525
'260',09,07,2014,2350.0,13.0,17.8,1.621,4.4,9.0,0.4,0.325
'260',10,07,2014,23340.0,16.0,27.6,2.146,2.3,17.9,4.4,0.017
'260',11,07,2014,19780.0,16.8,23.8,2.028,2.1,13.4,3.6,0.129
'260',12,07,2014,18010.0,16.2,24.5,1.800,2.0,0.7,3.2,0.037
'260',13,07,2014,14430.0,15.5,23.1,1.716,2.2,3.1,2.6,0.008
'260',14,07,2014,18550.0,13.3,22.7,1.549,3.0,0.8,3.3,0.029
'260',15,07,2014,11240.0,13.9,22.4,1.686,2.7,0.0,1.9,0.000
'260',16,07,2014,24570.0,13.2,25.8,1.515,1.5,0.0,4.4,0.000
'260',17,07,2014,21770.0,14.6,28.3,1.831,1.8,0.0,4.1,0.000
'260',18,07,2014,25830.0,17.2,31.1,1.732,2.9,0.0,5.1,0.000
'260',19,07,2014,22160.0,18.2,32.9,1.779,3.0,0.0,4.5,0.000
'260',20,07,2014,14730.0,18.8,27.2,2.146,1.8,7.1,2.8,0.042
'260',21,07,2014,4940.0,18.0,21.2,2.119,2.5,16.4,0.9,0.196
'260',22,07,2014,26840.0,19.1,27.2,2.003,3.6,0.0,5.1,0.000
'260',23,07,2014,26850.0,19.1,28.4,1.664,4.3,0.0,5.2,0.000
'260',24,07,2014,24100.0,16.6,26.3,1.459,4.2,0.0,4.5,0.000
'260',25,07,2014,8550.0,16.6,22.1,1.794,2.6,0.2,1.5,0.033
'260',26,07,2014,16180.0,16.7,25.1,1.970,1.9,0.6,3.0,0.058
'260',27,07,2014,18370.0,18.4,26.2,1.917,2.2,0.1,3.4,0.012
'260',28,07,2014,12380.0,17.6,23.5,2.043,3.3,43.6,2.2,0.137
'260',29,07,2014,19470.0,17.3,25.9,2.070,3.9,1.0,3.6,0.037
'260',30,07,2014,20210.0,12.5,23.5,1.579,2.5,0.0,3.6,0.000
'260',31,07,2014,21950.0,11.3,24.4,1.495,2.2,0.0,3.9,0.000
'260',01,08,2014,21790.0,12.6,25.9,1.515,1.4,0.0,4.0,0.000
'260',02,08,2014,15490.0,15.5,27.6,1.878,2.4,28.0,2.8,0.100
'260',03,08,2014,19090.0,14.8,25.3,1.696,2.0,0.0,3.5,0.000
'260',04,08,2014,18240.0,12.3,23.3,1.452,2.3,0.0,3.2,0.000
'260',05,08,2014,21930.0,10.5,24.3,1.273,1.5,0.0,3.8,0.000
'260',06,08,2014,7780.0,13.0,21.3,1.481,3.0,3.6,1.4,0.188
'260',07,08,2014,13110.0,14.2,23.0,1.735,1.8,9.4,2.3,0.058
'260',08,08,2014,8980.0,13.9,22.3,1.801,2.8,9.8,1.6,0.188
'260',09,08,2014,18730.0,14.3,23.1,1.519,4.2,5.5,3.4,0.067
'260',10,08,2014,8330.0,13.8,22.5,1.774,4.4,10.2,1.5,0.192
'260',11,08,2014,18890.0,14.7,20.7,1.329,5.7,0.8,3.3,0.012
'260',12,08,2014,19660.0,14.1,20.2,1.363,5.3,2.1,3.3,0.025
'260',13,08,2014,19170.0,12.6,21.7,1.388,3.8,3.0,3.3,0.046
'260',14,08,2014,13130.0,13.2,20.3,1.411,2.8,9.8,2.2,0.079
'260',15,08,2014,18160.0,12.0,19.7,1.399,2.0,1.7,3.0,0.083
'260',16,08,2014,13510.0,11.7,18.7,1.314,3.5,1.3,2.3,0.012
'260',17,08,2014,5000.0,11.9,16.7,1.370,5.4,13.1,0.8,0.217
'260',18,08,2014,15430.0,9.7,17.3,1.285,4.1,5.6,2.5,0.112
'260',19,08,2014,13930.0,9.5,15.9,1.190,3.3,9.2,2.2,0.167
'260',20,08,2014,15460.0,8.4,17.8,1.075,2.2,0.1,2.4,0.008
'260',21,08,2014,15630.0,7.8,18.2,1.114,3.0,0.0,2.5,0.000
'260',22,08,2014,10290.0,10.6,17.1,1.289,4.1,4.9,1.6,0.075
'260',23,08,2014,16290.0,8.1,17.4,1.087,2.8,4.3,2.6,0.033
'260',24,08,2014,16260.0,7.3,17.7,0.992,2.4,0.6,2.5,0.029
'260',25,08,2014,7240.0,7.3,16.9,1.060,2.4,6.5,1.1,0.358
'260',26,08,2014,6260.0,10.4,16.5,1.350,3.5,12.5,1.0,0.325
'260',27,08,2014,20100.0,6.4,20.7,1.106,1.9,0.0,3.3,0.000
'260',28,08,2014,12480.0,11.4,21.4,1.578,3.1,1.7,2.2,0.021
'260',29,08,2014,16860.0,13.3,21.2,1.484,4.0,0.0,2.9,0.000
'260',30,08,2014,7470.0,14.2,18.6,1.450,3.8,3.9,1.3,0.129
'260',31,08,2014,13720.0,10.4,19.0,1.332,2.6,1.4,2.3,0.050
'260',01,09,2014,14890.0,8.7,21.2,1.217,1.4,0.0,2.5,0.000
'260',02,09,2014,15960.0,12.0,21.2,1.392,2.0,0.0,2.7,0.000
'260',03,09,2014,17690.0,10.6,21.2,1.331,3.3,0.0,3.0,0.000
'260',04,09,2014,17670.0,13.0,23.5,1.632,2.5,0.0,3.1,0.000
'260',05,09,2014,7680.0,12.1,22.8,1.636,1.0,0.0,1.3,0.000
'260',06,09,2014,4560.0,13.0,20.5,1.689,1.0,0.0,0.8,0.000
'260',07,09,2014,11290.0,10.6,21.6,1.439,1.7,0.0,1.9,0.000
'260',08,09,2014,18080.0,7.9,20.5,1.172,1.7,0.0,2.9,0.000
'260',09,09,2014,7190.0,9.9,17.8,1.240,1.7,0.0,1.2,0.000
'260',10,09,2014,11050.0,9.2,18.4,1.173,2.3,0.0,1.8,0.000
'260',11,09,2014,12600.0,9.4,20.4,1.261,3.0,0.0,2.1,0.000
'260',12,09,2014,15770.0,7.6,21.6,1.257,3.0,0.0,2.6,0.000
'260',13,09,2014,13420.0,14.0,21.1,1.559,3.5,0.0,2.3,0.000
'260',14,09,2014,10740.0,11.3,20.9,1.399,2.4,0.0,1.8,0.000
'260',15,09,2014,15710.0,10.6,22.8,1.375,2.1,0.0,2.7,0.000
'260',16,09,2014,12380.0,11.4,24.6,1.617,1.1,0.0,2.2,0.000
'260',17,09,2014,16750.0,11.3,25.2,1.503,2.3,0.0,2.9,0.000
'260',18,09,2014,15120.0,12.2,25.3,1.615,2.3,0.0,2.7,0.000
'260',19,09,2014,9590.0,13.4,24.4,1.869,1.0,0.0,1.7,0.000
'260',20,09,2014,9570.0,13.2,24.0,1.758,1.6,0.0,1.7,0.000
'260',21,09,2014,11940.0,12.6,19.2,1.297,3.5,0.9,2.0,0.050
'260',22,09,2014,11120.0,6.3,17.5,0.948,3.5,0.0,1.8,0.000
'260',23,09,2014,9730.0,4.4,17.7,1.006,1.8,0.0,1.5,0.000
'260',24,09,2014,4220.0,11.0,16.5,1.357,3.2,14.3,0.7,0.179
'260',25,09,2014,10620.0,10.1,17.8,1.150,3.5,0.0,1.7,0.000
'260',26,09,2014,3960.0,10.6,19.4,1.540,3.0,0.2,0.7,0.033
'260',27,09,2014,9820.0,7.9,20.2,1.278,1.5,0.0,1.6,0.000
'260',28,09,2014,11850.0,8.3,22.0,1.341,1.6,0.0,1.9,0.000
'260',29,09,2014,5370.0,11.9,19.3,1.581,2.2,4.5,0.9,0.242
'260',30,09,2014,9370.0,11.8,20.9,1.570,2.6,0.6,1.6,0.017
'260',01,10,2014,7730.0,10.1,20.7,1.460,1.7,0.0,1.3,0.000
'260',02,10,2014,4010.0,13.5,19.2,1.593,1.1,0.4,0.7,0.037
'260',03,10,2014,12550.0,9.9,22.2,1.346,1.5,0.0,2.1,0.000
'260',04,10,2014,11240.0,11.7,21.1,1.443,3.5,4.4,1.9,0.112
'260',05,10,2014,4980.0,11.7,15.2,1.237,2.1,0.0,0.8,0.000
'260',06,10,2014,3260.0,12.3,16.1,1.373,2.9,0.7,0.5,0.050
'260',07,10,2014,6680.0,9.3,15.6,1.132,5.3,7.2,1.0,0.238
'260',08,10,2014,3360.0,8.7,16.6,1.267,4.2,2.7,0.5,0.092
'260',09,10,2014,8200.0,12.7,18.0,1.351,4.5,0.0,1.4,0.000
'260',10,10,2014,9770.0,7.6,17.8,1.225,3.3,0.0,1.6,0.000
'260',11,10,2014,4120.0,6.6,15.7,1.237,1.5,7.4,0.6,0.154
'260',12,10,2014,7190.0,6.4,16.2,1.171,2.9,2.3,1.1,0.117
'260',13,10,2014,4660.0,12.0,18.5,1.422,3.4,1.2,0.8,0.050
'260',14,10,2014,1760.0,10.0,13.6,1.258,4.0,1.4,0.3,0.129
'260',15,10,2014,7590.0,11.5,18.4,1.332,2.9,1.6,1.2,0.125
'260',16,10,2014,5950.0,11.8,18.0,1.452,3.3,5.1,1.0,0.129
'260',17,10,2014,6320.0,11.8,18.8,1.525,2.9,0.3,1.0,0.012
'260',18,10,2014,8540.0,12.8,23.0,1.672,3.8,0.0,1.5,0.000
'260',19,10,2014,5480.0,14.8,21.5,1.714,4.7,0.0,0.9,0.000
'260',20,10,2014,6920.0,13.9,17.7,1.373,4.2,0.1,1.1,0.008
'260',21,10,2014,1990.0,7.6,14.0,1.093,5.6,23.9,0.3,0.475
'260',22,10,2014,5530.0,6.3,13.5,0.974,3.6,5.6,0.8,0.167
'260',23,10,2014,3880.0,9.4,15.1,1.204,3.7,0.0,0.6,0.000
'260',24,10,2014,1960.0,10.8,12.6,1.204,4.1,10.2,0.3,0.333
'260',25,10,2014,2650.0,9.6,15.3,1.229,2.6,0.1,0.4,0.012
'260',26,10,2014,4750.0,9.5,15.9,1.148,3.3,0.0,0.7,0.000
'260',27,10,2014,7940.0,9.8,17.0,1.223,3.0,0.0,1.2,0.000
'260',28,10,2014,6850.0,7.5,14.0,1.076,3.6,0.0,1.0,0.000
'260',29,10,2014,960.0,8.8,12.8,1.213,2.3,0.2,0.1,0.046
'260',30,10,2014,2360.0,11.5,15.6,1.489,2.8,0.1,0.4,0.012
'260',31,10,2014,3790.0,10.5,16.6,1.387,2.6,0.0,0.6,0.000
'260',01,11,2014,6790.0,10.2,18.5,1.332,2.6,0.0,1.1,0.000
'260',02,11,2014,6820.0,12.7,17.4,1.358,4.9,5.0,1.1,0.054
'260',03,11,2014,2270.0,9.4,15.3,1.149,5.8,6.9,0.4,0.321
'260',04,11,2014,3030.0,5.5,10.9,1.012,2.6,0.2,0.4,0.029
'260',05,11,2014,2010.0,3.5,9.5,0.951,1.3,0.0,0.3,0.000
'260',06,11,2014,1920.0,4.5,8.2,0.889,2.2,0.0,0.3,0.000
'260',07,11,2014,1840.0,4.5,9.8,0.848,5.5,3.6,0.3,0.062
'260',08,11,2014,6240.0,8.1,12.9,1.020,4.6,0.0,0.9,0.000
'260',09,11,2014,5120.0,7.2,12.8,1.040,3.5,0.3,0.7,0.042
'260',10,11,2014,5740.0,5.9,12.6,0.944,3.7,0.5,0.8,0.088
'260',11,11,2014,4860.0,5.7,12.9,0.981,4.1,0.0,0.7,0.000
'260',12,11,2014,2500.0,4.1,12.2,0.988,2.6,0.3,0.4,0.033
'260',13,11,2014,5600.0,3.6,13.3,0.972,2.6,0.0,0.8,0.000
'260',14,11,2014,2830.0,6.9,12.4,1.008,4.0,3.1,0.4,0.179
'260',15,11,2014,1220.0,7.5,11.0,1.094,2.5,8.0,0.2,0.317
'260',16,11,2014,750.0,7.1,9.2,1.041,1.8,12.1,0.1,0.729
'260',17,11,2014,3870.0,8.1,12.3,1.014,3.0,0.1,0.6,0.012
'260',18,11,2014,830.0,7.3,8.3,0.962,3.0,0.0,0.1,0.000
'260',19,11,2014,1060.0,7.3,9.1,0.954,1.7,0.0,0.1,0.000
'260',20,11,2014,1070.0,5.2,8.0,0.840,3.0,0.0,0.1,0.000
'260',21,11,2014,5260.0,1.6,9.0,0.718,3.5,0.0,0.7,0.000
'260',22,11,2014,3750.0,4.5,11.8,0.920,3.4,0.0,0.5,0.000
'260',23,11,2014,3940.0,8.0,13.5,1.132,2.9,1.8,0.6,0.125
'260',24,11,2014,4030.0,0.3,11.3,0.738,1.7,1.8,0.5,0.121
'260',25,11,2014,3660.0,-1.4,9.1,0.692,3.1,0.0,0.4,0.000
'260',26,11,2014,2080.0,2.4,6.4,0.715,4.6,0.1,0.3,0.021
'260',27,11,2014,1550.0,6.1,8.8,0.905,3.7,3.0,0.2,0.208
'260',28,11,2014,2410.0,2.6,9.5,0.813,5.0,0.0,0.3,0.000
'260',29,11,2014,3840.0,1.1,4.9,0.653,4.4,0.0,0.5,0.000
'260',30,11,2014,550.0,1.8,3.1,0.665,2.9,0.0,0.1,0.000
'260',01,12,2014,520.0,1.0,2.4,0.600,3.7,0.0,0.1,0.000
'260',02,12,2014,1030.0,-0.1,1.4,0.555,2.9,0.1,0.1,0.025
'260',03,12,2014,660.0,-3.0,1.0,0.468,3.8,0.0,0.1,0.000
'260',04,12,2014,770.0,-2.7,1.5,0.504,2.2,0.0,0.1,0.000
'260',05,12,2014,1650.0,1.4,5.3,0.697,2.4,0.6,0.2,0.075
'260',06,12,2014,3910.0,-1.8,9.1,0.684,1.6,0.0,0.5,0.000
'260',07,12,2014,710.0,-2.8,6.7,0.612,4.1,3.6,0.1,0.229
'260',08,12,2014,1990.0,1.5,4.9,0.666,3.6,1.8,0.2,0.092
'260',09,12,2014,2890.0,-2.1,4.9,0.588,3.2,0.0,0.3,0.000
'260',10,12,2014,3390.0,4.4,9.9,0.751,5.6,11.3,0.4,0.275
'260',11,12,2014,1200.0,4.5,7.7,0.690,6.1,8.8,0.2,0.288
'260',12,12,2014,480.0,4.5,9.4,0.815,6.4,14.2,0.1,0.533
'260',13,12,2014,1530.0,0.8,6.8,0.665,2.5,0.0,0.2,0.000
'260',14,12,2014,3900.0,-0.6,4.8,0.621,3.9,0.0,0.5,0.000
'260',15,12,2014,1670.0,3.2,7.9,0.797,4.6,5.0,0.2,0.292
'260',16,12,2014,2170.0,1.8,7.8,0.748,3.1,2.9,0.3,0.058
'260',17,12,2014,550.0,3.9,10.6,0.954,4.4,3.0,0.1,0.288
'260',18,12,2014,590.0,10.1,12.5,1.216,6.4,1.9,0.1,0.225
'260',19,12,2014,1860.0,7.3,12.4,0.968,5.9,18.8,0.3,0.346
'260',20,12,2014,1390.0,5.6,9.1,0.745,5.6,0.9,0.2,0.042
'260',21,12,2014,1440.0,5.2,10.3,0.855,5.5,0.0,0.2,0.000
'260',22,12,2014,630.0,9.3,12.8,1.099,8.1,1.4,0.1,0.071
'260',23,12,2014,2670.0,9.6,12.8,1.017,7.3,0.0,0.4,0.000
'260',24,12,2014,890.0,6.1,10.0,0.871,5.6,9.0,0.1,0.300
'260',25,12,2014,2080.0,-0.3,7.9,0.663,3.5,1.9,0.3,0.046
'260',26,12,2014,2560.0,-2.7,5.2,0.595,2.3,0.0,0.3,0.000
'260',27,12,2014,250.0,-1.6,2.9,0.513,7.6,12.4,0.0,0.646
'260',28,12,2014,4250.0,-3.3,3.4,0.474,3.8,0.2,0.4,0.008
'260',29,12,2014,2530.0,1.1,5.6,0.668,2.3,1.4,0.3,0.046
'260',30,12,2014,1200.0,3.4,6.5,0.696,2.2,0.3,0.2,0.042
'260',31,12,2014,3400.0,2.5,7.6,0.717,2.8,0.0,0.4,0.000
