* Source of data    : Royal Netherlands Meterological Institute (www.knmi.nl)
* File content      : Meteo from www.knmi.nl; input file for Swap 3.2 (www.swap.alterra.nl)
* File generated by : Alterra - Wageningen-UR (www.alterra.wur.nl)
* File generated at : 2017-02-27 11:38:43
Station,DD,MM,YYYY,Rad,Tmin,Tmax,Hum,Wind,Rain,ETref,Wet
'260',01,01,1997,3750.0,-13.7,-7.3,0.201,4.0,0.0,0.2,0.000
'260',02,01,1997,4290.0,-16.0,-8.1,0.190,2.2,0.0,0.3,0.000
'260',03,01,1997,1750.0,-12.8,-5.0,0.247,4.7,0.0,0.1,0.000
'260',04,01,1997,1040.0,-5.0,-2.9,0.349,5.8,0.0,0.1,0.000
'260',05,01,1997,1670.0,-11.1,-2.3,0.300,3.8,0.0,0.1,0.000
'260',06,01,1997,1630.0,-11.3,-6.1,0.281,2.5,0.0,0.1,0.000
'260',07,01,1997,1070.0,-8.4,-3.3,0.343,2.9,0.0,0.1,0.000
'260',08,01,1997,1730.0,-8.9,-6.3,0.309,3.6,0.0,0.1,0.000
'260',09,01,1997,2250.0,-9.1,-4.2,0.324,3.1,0.0,0.2,0.000
'260',10,01,1997,930.0,-4.2,-3.0,0.354,2.5,0.0,0.1,0.000
'260',11,01,1997,970.0,-5.3,-2.9,0.357,2.7,0.0,0.1,0.000
'260',12,01,1997,1000.0,-5.6,1.8,0.493,3.3,0.0,0.1,0.000
'260',13,01,1997,4080.0,0.0,7.5,0.570,3.0,0.0,0.5,0.000
'260',14,01,1997,4540.0,-2.3,6.7,0.507,2.5,0.0,0.5,0.000
'260',15,01,1997,4490.0,-3.9,5.0,0.461,2.5,0.0,0.5,0.000
'260',16,01,1997,4730.0,-3.7,6.4,0.490,2.3,0.0,0.5,0.000
'260',17,01,1997,4390.0,-1.7,7.3,0.560,3.5,0.0,0.5,0.000
'260',18,01,1997,490.0,3.2,5.6,0.798,3.2,0.0,0.1,0.000
'260',19,01,1997,500.0,1.1,4.2,0.743,2.8,1.9,0.1,0.167
'260',20,01,1997,1620.0,0.5,4.4,0.689,1.9,0.0,0.2,0.000
'260',21,01,1997,2810.0,-2.2,3.0,0.589,3.5,0.0,0.3,0.000
'260',22,01,1997,2680.0,0.3,9.6,0.769,4.3,0.0,0.3,0.000
'260',23,01,1997,2940.0,1.3,8.5,0.774,2.8,0.0,0.4,0.000
'260',24,01,1997,4400.0,-2.0,7.2,0.736,1.1,1.4,0.5,0.117
'260',25,01,1997,3890.0,-1.9,7.7,0.628,1.4,0.0,0.4,0.000
'260',26,01,1997,690.0,-2.8,1.2,0.568,2.4,0.0,0.1,0.000
'260',27,01,1997,5400.0,-4.9,1.0,0.475,1.6,0.0,0.5,0.000
'260',28,01,1997,1510.0,-0.2,3.8,0.702,1.3,0.1,0.2,0.025
'260',29,01,1997,1430.0,1.7,3.8,0.734,1.3,0.0,0.2,0.000
'260',30,01,1997,900.0,1.3,4.3,0.689,1.0,0.0,0.1,0.000
'260',31,01,1997,2340.0,-0.4,5.9,0.622,2.0,0.2,0.3,0.042
'260',01,02,1997,1980.0,-1.5,2.7,0.489,2.2,0.0,0.2,0.000
'260',02,02,1997,1930.0,-2.5,1.4,0.541,2.9,0.0,0.2,0.000
'260',03,02,1997,2600.0,-0.7,2.6,0.644,2.8,0.0,0.3,0.000
'260',04,02,1997,730.0,0.7,6.8,0.740,7.3,7.6,0.1,0.267
'260',05,02,1997,5510.0,1.3,7.1,0.710,3.1,5.3,0.7,0.271
'260',06,02,1997,3550.0,1.6,9.1,0.771,5.2,0.0,0.4,0.000
'260',07,02,1997,3280.0,3.7,9.9,0.856,4.8,2.7,0.4,0.121
'260',08,02,1997,6120.0,-1.6,8.5,0.588,2.3,0.0,0.7,0.000
'260',09,02,1997,3350.0,4.7,10.7,0.950,5.3,0.0,0.5,0.000
'260',10,02,1997,1640.0,5.3,9.7,0.814,7.2,3.6,0.2,0.171
'260',11,02,1997,4780.0,3.3,8.8,0.766,6.7,2.0,0.6,0.125
'260',12,02,1997,600.0,5.8,11.7,1.041,7.8,17.0,0.1,0.458
'260',13,02,1997,1690.0,3.6,9.8,0.801,7.8,13.3,0.2,0.283
'260',14,02,1997,7170.0,-0.3,7.8,0.632,4.1,0.0,0.9,0.000
'260',15,02,1997,6610.0,-0.5,8.6,0.697,2.9,0.0,0.8,0.000
'260',16,02,1997,4570.0,-0.8,6.5,0.632,4.2,0.5,0.5,0.042
'260',17,02,1997,2640.0,3.0,9.6,0.813,5.2,1.7,0.4,0.100
'260',18,02,1997,4200.0,4.6,10.7,0.804,7.9,9.8,0.6,0.300
'260',19,02,1997,4650.0,2.5,9.6,0.742,7.1,3.2,0.6,0.112
'260',20,02,1997,5590.0,6.2,10.3,0.776,8.5,0.0,0.8,0.000
'260',21,02,1997,1500.0,6.6,10.9,1.014,7.5,0.7,0.2,0.054
'260',22,02,1997,2290.0,6.3,11.6,1.023,4.5,0.0,0.3,0.000
'260',23,02,1997,4630.0,6.5,12.4,0.947,5.3,0.0,0.7,0.000
'260',24,02,1997,2570.0,7.8,12.1,1.011,8.1,10.4,0.4,0.296
'260',25,02,1997,5220.0,8.7,12.8,1.018,10.8,2.6,0.8,0.142
'260',26,02,1997,2810.0,6.1,9.8,0.859,7.5,3.3,0.4,0.192
'260',27,02,1997,4490.0,2.1,9.0,0.731,3.9,0.0,0.6,0.000
'260',28,02,1997,8000.0,5.8,14.4,0.792,5.8,0.3,1.2,0.025
'260',01,03,1997,10410.0,3.8,13.0,0.857,4.8,0.0,1.5,0.000
'260',02,03,1997,2000.0,7.1,12.7,0.951,6.6,1.1,0.3,0.050
'260',03,03,1997,8910.0,3.6,11.1,0.645,2.3,0.0,1.2,0.000
'260',04,03,1997,6560.0,2.1,12.2,0.881,3.8,0.0,0.9,0.000
'260',05,03,1997,5820.0,5.5,11.8,0.943,3.5,0.0,0.8,0.000
'260',06,03,1997,8750.0,2.7,11.7,0.800,3.5,0.9,1.2,0.096
'260',07,03,1997,6900.0,1.2,15.2,0.886,3.0,0.0,1.0,0.000
'260',08,03,1997,4860.0,4.8,12.9,0.991,1.8,0.0,0.7,0.000
'260',09,03,1997,10560.0,5.4,14.4,0.973,2.9,0.0,1.5,0.000
'260',10,03,1997,13100.0,3.5,17.9,0.813,2.3,0.0,1.9,0.000
'260',11,03,1997,6780.0,2.8,9.6,0.858,2.1,0.0,0.9,0.000
'260',12,03,1997,8340.0,3.4,13.7,0.915,3.2,0.0,1.1,0.000
'260',13,03,1997,11740.0,6.5,15.4,1.056,4.1,0.0,1.7,0.000
'260',14,03,1997,1810.0,7.8,10.1,1.057,4.2,1.1,0.3,0.088
'260',15,03,1997,2360.0,8.3,11.0,1.082,3.6,1.1,0.3,0.112
'260',16,03,1997,1590.0,8.1,11.3,1.102,3.3,1.3,0.2,0.158
'260',17,03,1997,10630.0,4.4,13.8,0.942,3.1,0.0,1.5,0.000
'260',18,03,1997,1930.0,4.3,10.0,0.900,4.3,8.9,0.3,0.133
'260',19,03,1997,3830.0,4.0,9.5,0.806,4.9,5.9,0.5,0.208
'260',20,03,1997,4610.0,1.9,7.4,0.673,2.7,0.2,0.6,0.017
'260',21,03,1997,8380.0,-0.9,8.9,0.591,4.0,0.1,1.1,0.012
'260',22,03,1997,12860.0,-3.0,8.6,0.536,1.9,0.0,1.6,0.000
'260',23,03,1997,1730.0,5.1,8.3,0.818,3.3,2.3,0.2,0.238
'260',24,03,1997,1480.0,5.6,8.0,0.932,1.3,0.5,0.2,0.167
'260',25,03,1997,6150.0,4.5,10.4,0.856,1.4,1.9,0.8,0.250
'260',26,03,1997,5190.0,5.3,13.0,0.950,6.1,2.1,0.8,0.100
'260',27,03,1997,14300.0,7.4,14.7,0.840,6.6,0.0,2.2,0.000
'260',28,03,1997,9190.0,5.7,11.4,0.828,6.8,1.0,1.3,0.037
'260',29,03,1997,11050.0,4.6,10.5,0.801,4.8,0.5,1.5,0.008
'260',30,03,1997,15580.0,3.6,13.8,0.829,2.6,0.0,2.2,0.000
'260',31,03,1997,18130.0,0.1,14.6,0.706,2.5,0.0,2.5,0.000
'260',01,04,1997,17940.0,0.9,17.3,0.777,2.3,0.0,2.5,0.000
'260',02,04,1997,7190.0,0.7,13.6,0.746,1.5,0.0,1.0,0.000
'260',03,04,1997,8330.0,5.5,11.6,0.694,5.1,0.0,1.2,0.000
'260',04,04,1997,12300.0,3.5,9.3,0.578,5.0,0.1,1.6,0.021
'260',05,04,1997,1560.0,5.2,11.5,0.897,6.5,9.2,0.2,0.500
'260',06,04,1997,18950.0,-0.5,10.2,0.585,4.0,0.0,2.5,0.000
'260',07,04,1997,19980.0,-3.0,10.9,0.436,1.9,0.0,2.5,0.000
'260',08,04,1997,19270.0,-2.0,14.1,0.481,2.7,0.0,2.6,0.000
'260',09,04,1997,15770.0,3.2,18.1,0.640,2.1,0.0,2.3,0.000
'260',10,04,1997,17200.0,0.9,16.8,0.734,2.0,0.0,2.5,0.000
'260',11,04,1997,9960.0,5.0,11.3,0.722,5.5,0.0,1.4,0.000
'260',12,04,1997,11030.0,1.8,10.2,0.653,4.5,0.0,1.5,0.000
'260',13,04,1997,15510.0,-1.2,11.2,0.623,2.3,0.0,2.0,0.000
'260',14,04,1997,7960.0,5.1,13.8,0.938,3.6,0.0,1.1,0.000
'260',15,04,1997,14840.0,3.2,10.2,0.611,5.0,0.0,2.0,0.000
'260',16,04,1997,8290.0,3.1,9.6,0.761,3.0,0.7,1.1,0.142
'260',17,04,1997,22960.0,1.5,13.1,0.594,3.3,0.0,3.1,0.000
'260',18,04,1997,7660.0,1.1,10.8,0.745,2.6,0.0,1.0,0.000
'260',19,04,1997,8700.0,4.1,8.1,0.580,4.7,0.0,1.1,0.000
'260',20,04,1997,18240.0,0.1,8.9,0.453,4.2,0.0,2.3,0.000
'260',21,04,1997,23550.0,-3.7,11.1,0.454,2.3,0.4,3.0,0.021
'260',22,04,1997,11030.0,-1.0,10.3,0.582,2.8,0.3,1.4,0.029
'260',23,04,1997,23360.0,-2.8,12.9,0.504,3.0,0.0,3.1,0.000
'260',24,04,1997,17050.0,5.0,15.9,0.693,5.9,0.0,2.5,0.000
'260',25,04,1997,8160.0,7.3,12.5,1.061,2.6,2.4,1.2,0.242
'260',26,04,1997,13060.0,7.5,14.1,1.036,3.1,0.7,2.0,0.117
'260',27,04,1997,8370.0,9.6,15.9,1.260,2.3,1.6,1.3,0.104
'260',28,04,1997,4590.0,8.6,15.6,1.218,5.5,12.6,0.7,0.392
'260',29,04,1997,2390.0,8.6,11.3,1.123,5.6,2.9,0.3,0.171
'260',30,04,1997,15600.0,4.5,14.4,1.032,2.6,0.0,2.3,0.000
'260',01,05,1997,19780.0,2.6,19.0,0.984,1.0,0.0,3.0,0.000
'260',02,05,1997,23400.0,5.8,22.5,1.115,1.8,0.0,3.8,0.000
'260',03,05,1997,21260.0,6.6,23.6,1.099,2.1,0.0,3.6,0.000
'260',04,05,1997,6710.0,12.7,18.7,1.485,5.3,5.1,1.1,0.121
'260',05,05,1997,9040.0,11.6,15.8,1.327,4.3,13.1,1.4,0.212
'260',06,05,1997,5340.0,2.4,12.0,0.819,4.2,17.0,0.7,0.396
'260',07,05,1997,20190.0,-0.4,10.3,0.614,3.5,0.0,2.6,0.000
'260',08,05,1997,9680.0,2.2,10.0,0.785,5.0,6.1,1.3,0.196
'260',09,05,1997,12720.0,7.5,12.9,0.939,5.5,6.4,1.8,0.204
'260',10,05,1997,17070.0,6.9,16.6,1.011,5.5,1.0,2.6,0.092
'260',11,05,1997,8220.0,9.8,16.4,1.281,4.4,3.9,1.3,0.104
'260',12,05,1997,16090.0,6.7,17.4,1.008,4.3,0.5,2.5,0.029
'260',13,05,1997,22560.0,6.1,20.9,0.968,2.0,0.2,3.7,0.017
'260',14,05,1997,4380.0,5.7,13.2,1.113,1.6,9.4,0.7,0.375
'260',15,05,1997,21490.0,4.5,18.6,1.075,4.0,0.0,3.4,0.000
'260',16,05,1997,21050.0,12.6,25.8,1.656,3.0,9.9,3.8,0.104
'260',17,05,1997,23010.0,15.6,28.1,1.819,2.1,0.1,4.3,0.008
'260',18,05,1997,6990.0,15.8,19.8,1.801,2.0,4.6,1.2,0.250
'260',19,05,1997,18730.0,14.5,22.4,1.589,2.2,0.7,3.3,0.125
'260',20,05,1997,12570.0,11.0,20.6,1.426,1.9,3.6,2.1,0.067
'260',21,05,1997,9820.0,9.4,16.9,1.242,2.8,18.9,1.5,0.233
'260',22,05,1997,6710.0,8.3,13.7,1.135,3.1,10.2,1.0,0.117
'260',23,05,1997,23610.0,5.5,15.1,0.897,2.5,0.0,3.5,0.000
'260',24,05,1997,18550.0,5.9,14.6,0.784,2.6,0.2,2.7,0.025
'260',25,05,1997,25820.0,5.2,17.8,0.778,2.9,0.0,4.0,0.000
'260',26,05,1997,17700.0,5.2,17.1,0.857,2.4,0.0,2.7,0.000
'260',27,05,1997,9930.0,9.4,12.8,1.021,4.1,0.0,1.5,0.000
'260',28,05,1997,12390.0,7.0,15.0,0.986,3.1,0.0,1.9,0.000
'260',29,05,1997,26870.0,4.1,17.9,0.928,2.3,0.0,4.1,0.000
'260',30,05,1997,28500.0,8.4,20.5,0.951,3.0,0.0,4.7,0.000
'260',31,05,1997,28450.0,7.9,18.8,0.774,5.0,0.0,4.6,0.000
'260',01,06,1997,25010.0,8.3,20.3,0.773,7.0,0.2,4.1,0.012
'260',02,06,1997,28040.0,11.3,21.5,0.853,5.5,0.0,4.8,0.000
'260',03,06,1997,29010.0,9.2,23.0,0.891,3.5,0.0,5.0,0.000
'260',04,06,1997,26210.0,7.7,23.2,1.135,2.1,0.0,4.5,0.000
'260',05,06,1997,24810.0,10.9,26.4,1.153,4.0,0.0,4.5,0.000
'260',06,06,1997,22800.0,15.0,27.4,1.432,2.6,0.0,4.3,0.000
'260',07,06,1997,18680.0,16.2,29.0,1.893,3.4,2.7,3.4,0.046
'260',08,06,1997,11640.0,13.5,22.5,1.543,2.7,10.8,2.0,0.075
'260',09,06,1997,23200.0,11.9,22.0,1.304,3.1,0.0,4.0,0.000
'260',10,06,1997,26520.0,11.2,25.3,1.393,4.0,0.0,4.8,0.000
'260',11,06,1997,8650.0,16.4,24.5,1.775,3.5,5.9,1.6,0.154
'260',12,06,1997,13340.0,14.4,21.0,1.645,3.3,0.0,2.3,0.000
'260',13,06,1997,15470.0,13.5,22.1,1.670,2.3,1.5,2.7,0.088
'260',14,06,1997,9290.0,13.2,19.6,1.645,3.5,1.4,1.6,0.050
'260',15,06,1997,21420.0,10.3,17.1,1.084,3.2,0.0,3.4,0.000
'260',16,06,1997,21850.0,8.6,18.4,1.069,2.7,0.0,3.5,0.000
'260',17,06,1997,23910.0,7.0,18.6,1.012,3.5,0.0,3.8,0.000
'260',18,06,1997,25220.0,5.6,19.9,0.961,1.6,0.0,4.0,0.000
'260',19,06,1997,20830.0,10.3,21.5,1.121,3.3,4.7,3.5,0.179
'260',20,06,1997,11960.0,10.8,18.6,1.235,3.9,5.2,1.9,0.396
'260',21,06,1997,14800.0,12.8,19.4,1.404,4.5,3.9,2.5,0.142
'260',22,06,1997,12730.0,11.4,17.9,1.389,4.9,4.9,2.0,0.158
'260',23,06,1997,8350.0,10.9,14.8,1.336,4.3,3.2,1.3,0.150
'260',24,06,1997,15110.0,6.8,15.4,0.987,3.7,0.2,2.4,0.021
'260',25,06,1997,13710.0,6.7,17.3,1.059,3.5,2.0,2.1,0.221
'260',26,06,1997,8450.0,12.0,17.2,1.541,3.4,5.8,1.4,0.267
'260',27,06,1997,13590.0,10.7,21.0,1.371,2.8,4.0,2.2,0.071
'260',28,06,1997,20770.0,9.4,20.4,1.345,3.5,0.3,3.4,0.012
'260',29,06,1997,8830.0,9.8,22.0,1.452,3.0,13.1,1.5,0.225
'260',30,06,1997,4690.0,12.1,15.8,1.406,3.8,0.2,0.8,0.012
'260',01,07,1997,17220.0,10.8,20.7,1.319,3.2,3.6,2.8,0.062
'260',02,07,1997,14830.0,8.9,20.8,1.307,3.6,2.2,2.4,0.167
'260',03,07,1997,17840.0,10.1,19.6,1.268,3.5,1.6,2.9,0.017
'260',04,07,1997,20020.0,8.9,21.6,1.267,2.1,0.9,3.3,0.042
'260',05,07,1997,13730.0,10.6,20.0,1.469,2.5,0.5,2.3,0.042
'260',06,07,1997,8360.0,9.7,17.6,1.387,2.1,1.1,1.4,0.067
'260',07,07,1997,18380.0,12.7,22.5,1.640,2.7,0.0,3.2,0.000
'260',08,07,1997,20250.0,12.2,22.0,1.530,2.8,0.0,3.5,0.000
'260',09,07,1997,15610.0,13.3,20.5,1.553,3.3,0.0,2.7,0.000
'260',10,07,1997,17790.0,12.4,23.7,1.534,3.4,0.0,3.1,0.000
'260',11,07,1997,22130.0,12.8,26.6,1.446,2.6,0.0,4.1,0.000
'260',12,07,1997,23470.0,14.7,26.5,1.780,2.0,0.1,4.3,0.033
'260',13,07,1997,17150.0,13.0,25.9,1.735,1.2,0.0,3.1,0.000
'260',14,07,1997,19920.0,13.3,23.3,1.693,2.4,0.0,3.5,0.000
'260',15,07,1997,13800.0,11.9,21.4,1.538,1.7,1.3,2.4,0.071
'260',16,07,1997,11110.0,14.9,20.8,1.662,2.7,2.2,1.9,0.121
'260',17,07,1997,13630.0,13.0,21.1,1.530,2.5,2.8,2.3,0.129
'260',18,07,1997,8570.0,12.7,20.5,1.735,2.4,20.3,1.5,0.200
'260',19,07,1997,26060.0,14.2,23.4,1.587,3.9,0.0,4.7,0.000
'260',20,07,1997,20790.0,13.9,23.1,1.513,3.3,0.3,3.7,0.021
'260',21,07,1997,12730.0,15.7,22.7,1.844,3.5,18.0,2.3,0.171
'260',22,07,1997,13550.0,15.5,21.6,1.835,2.7,0.0,2.4,0.000
'260',23,07,1997,22380.0,12.0,24.2,1.381,2.0,0.0,4.0,0.000
'260',24,07,1997,10830.0,11.8,22.0,1.631,2.1,1.1,1.9,0.108
'260',25,07,1997,11170.0,14.8,18.9,1.693,4.2,7.1,1.9,0.175
'260',26,07,1997,19760.0,14.4,23.0,1.540,3.5,0.2,3.5,0.021
'260',27,07,1997,11640.0,11.0,19.0,1.419,4.5,1.2,2.0,0.046
'260',28,07,1997,21500.0,9.4,23.4,1.453,2.8,0.0,3.7,0.000
'260',29,07,1997,18900.0,10.1,24.7,1.474,1.5,0.0,3.3,0.000
'260',30,07,1997,13050.0,13.2,23.6,1.720,2.7,0.0,2.3,0.000
'260',31,07,1997,10370.0,13.8,18.6,1.467,3.8,0.9,1.8,0.046
'260',01,08,1997,9200.0,14.2,20.6,1.695,2.3,4.1,1.6,0.208
'260',02,08,1997,20110.0,14.8,22.7,1.752,2.5,0.8,3.6,0.042
'260',03,08,1997,11200.0,14.2,21.5,1.643,2.8,0.0,2.0,0.000
'260',04,08,1997,23590.0,14.4,23.3,1.576,3.9,0.0,4.2,0.000
'260',05,08,1997,23980.0,11.2,25.2,1.463,3.6,0.0,4.3,0.000
'260',06,08,1997,24800.0,16.3,27.4,1.627,5.0,0.0,4.7,0.000
'260',07,08,1997,24380.0,15.5,27.9,1.649,4.8,0.0,4.6,0.000
'260',08,08,1997,23740.0,16.0,29.4,1.561,2.6,0.0,4.5,0.000
'260',09,08,1997,23410.0,13.3,30.7,1.559,1.6,0.0,4.5,0.000
'260',10,08,1997,23590.0,15.5,31.4,1.630,2.9,0.0,4.6,0.000
'260',11,08,1997,24230.0,17.2,31.3,1.291,4.6,0.0,4.8,0.000
'260',12,08,1997,22280.0,16.0,31.8,1.489,2.4,0.0,4.3,0.000
'260',13,08,1997,20520.0,13.6,32.1,1.544,2.4,0.0,3.9,0.000
'260',14,08,1997,7800.0,15.1,22.8,1.816,2.9,0.0,1.4,0.000
'260',15,08,1997,21710.0,12.3,26.3,1.605,2.0,0.0,3.9,0.000
'260',16,08,1997,17310.0,11.6,26.4,1.578,1.8,0.0,3.1,0.000
'260',17,08,1997,18440.0,14.9,28.6,1.767,1.5,0.0,3.4,0.000
'260',18,08,1997,16360.0,13.6,29.8,1.639,1.3,0.0,3.0,0.000
'260',19,08,1997,21530.0,11.8,28.5,1.327,3.2,0.0,4.0,0.000
'260',20,08,1997,16440.0,13.6,26.9,1.700,2.1,0.0,3.0,0.000
'260',21,08,1997,16180.0,14.6,28.5,1.804,1.8,0.0,3.0,0.000
'260',22,08,1997,2160.0,18.9,21.4,2.099,2.3,12.5,0.4,0.292
'260',23,08,1997,9250.0,19.0,26.0,2.342,2.0,2.3,1.7,0.079
'260',24,08,1997,17330.0,19.2,28.6,2.315,2.3,31.0,3.4,0.033
'260',25,08,1997,13150.0,17.9,30.0,2.320,2.5,10.1,2.5,0.058
'260',26,08,1997,11450.0,17.2,22.6,1.941,2.1,1.6,2.1,0.067
'260',27,08,1997,11390.0,15.8,24.1,1.933,3.0,10.1,2.0,0.046
'260',28,08,1997,6520.0,12.9,19.3,1.595,3.5,9.9,1.1,0.192
'260',29,08,1997,10910.0,12.5,19.6,1.490,4.9,5.8,1.8,0.067
'260',30,08,1997,3580.0,11.6,18.6,1.641,3.2,2.8,0.6,0.258
'260',31,08,1997,14550.0,15.7,23.4,1.817,3.3,0.0,2.6,0.000
'260',01,09,1997,13490.0,15.0,22.6,1.662,2.8,9.3,2.4,0.242
'260',02,09,1997,12820.0,11.7,21.3,1.435,1.2,4.1,2.2,0.125
'260',03,09,1997,15210.0,9.9,22.8,1.429,2.1,0.0,2.6,0.000
'260',04,09,1997,11400.0,15.4,24.1,1.752,2.7,0.2,2.0,0.025
'260',05,09,1997,8290.0,11.1,20.3,1.399,1.5,0.0,1.4,0.000
'260',06,09,1997,16440.0,10.0,20.6,1.306,3.3,6.0,2.8,0.042
'260',07,09,1997,11880.0,12.2,19.9,1.477,3.2,6.5,2.0,0.308
'260',08,09,1997,10290.0,13.0,19.0,1.496,3.9,0.0,1.7,0.000
'260',09,09,1997,11110.0,10.5,18.5,1.229,3.4,0.0,1.8,0.000
'260',10,09,1997,14110.0,7.8,18.2,1.104,2.0,0.0,2.2,0.000
'260',11,09,1997,10480.0,6.9,18.2,1.135,2.8,0.0,1.7,0.000
'260',12,09,1997,8490.0,12.2,19.6,1.475,5.0,18.1,1.4,0.204
'260',13,09,1997,13760.0,8.0,16.0,1.022,4.3,1.7,2.1,0.050
'260',14,09,1997,14370.0,7.7,17.6,1.012,3.7,0.0,2.3,0.000
'260',15,09,1997,12650.0,9.2,18.8,1.194,4.1,0.0,2.0,0.000
'260',16,09,1997,15130.0,8.7,22.0,1.124,3.2,0.0,2.5,0.000
'260',17,09,1997,6400.0,11.1,20.1,1.531,2.1,0.0,1.1,0.000
'260',18,09,1997,12140.0,10.1,21.0,1.476,2.2,0.0,2.0,0.000
'260',19,09,1997,13090.0,7.3,18.0,1.079,3.4,0.0,2.1,0.000
'260',20,09,1997,16040.0,4.0,16.4,0.873,2.8,0.0,2.4,0.000
'260',21,09,1997,15330.0,4.2,17.1,0.929,2.6,0.0,2.3,0.000
'260',22,09,1997,15510.0,5.1,19.4,0.971,2.5,0.0,2.4,0.000
'260',23,09,1997,13000.0,6.1,17.6,1.085,2.9,0.0,2.0,0.000
'260',24,09,1997,4530.0,8.9,17.1,1.253,1.8,0.0,0.7,0.000
'260',25,09,1997,14140.0,7.7,21.3,1.159,2.5,0.0,2.3,0.000
'260',26,09,1997,14150.0,9.0,21.3,1.227,2.8,0.0,2.3,0.000
'260',27,09,1997,6380.0,7.4,15.4,1.197,2.1,0.0,1.0,0.000
'260',28,09,1997,11980.0,6.2,18.0,1.186,1.5,0.0,1.8,0.000
'260',29,09,1997,7790.0,5.8,17.9,1.210,1.0,0.0,1.2,0.000
'260',30,09,1997,5470.0,13.5,19.4,1.562,1.3,6.9,0.9,0.250
'260',01,10,1997,1690.0,15.5,18.6,1.727,3.2,5.6,0.3,0.329
'260',02,10,1997,6950.0,7.9,16.1,0.968,3.8,0.0,1.1,0.000
'260',03,10,1997,6220.0,6.4,16.2,1.111,2.7,0.0,1.0,0.000
'260',04,10,1997,3750.0,12.4,17.5,1.431,3.5,0.0,0.6,0.000
'260',05,10,1997,2760.0,12.4,16.8,1.428,2.7,0.0,0.4,0.000
'260',06,10,1997,10740.0,9.1,20.2,1.342,2.7,0.0,1.8,0.000
'260',07,10,1997,5170.0,12.2,19.9,1.547,5.5,19.3,0.9,0.137
'260',08,10,1997,1680.0,11.9,18.0,1.536,6.6,12.2,0.3,0.471
'260',09,10,1997,3400.0,15.3,18.7,1.721,7.5,7.9,0.6,0.204
'260',10,10,1997,8770.0,10.7,16.1,1.232,6.4,26.3,1.4,0.342
'260',11,10,1997,6880.0,8.3,14.8,1.128,3.9,5.0,1.1,0.254
'260',12,10,1997,8010.0,5.8,13.6,0.952,2.8,0.3,1.2,0.037
'260',13,10,1997,5450.0,6.6,12.2,0.963,3.3,5.6,0.8,0.142
'260',14,10,1997,5940.0,5.6,12.2,0.924,2.3,7.5,0.8,0.292
'260',15,10,1997,3350.0,4.2,10.2,0.929,2.0,3.0,0.5,0.204
'260',16,10,1997,4250.0,3.2,10.8,0.870,2.0,0.2,0.6,0.042
'260',17,10,1997,4200.0,9.3,16.8,1.393,3.3,0.2,0.7,0.021
'260',18,10,1997,9570.0,8.6,19.7,1.339,2.9,0.0,1.5,0.000
'260',19,10,1997,8700.0,7.4,19.3,1.354,1.3,0.0,1.4,0.000
'260',20,10,1997,4740.0,4.7,12.8,0.878,4.9,0.0,0.7,0.000
'260',21,10,1997,8780.0,0.5,10.0,0.635,3.6,0.0,1.1,0.000
'260',22,10,1997,10190.0,-2.0,10.2,0.587,1.5,0.0,1.2,0.000
'260',23,10,1997,2800.0,0.3,11.8,0.790,1.3,0.0,0.4,0.000
'260',24,10,1997,6850.0,2.3,10.8,0.745,1.8,0.0,0.9,0.000
'260',25,10,1997,2130.0,3.7,10.9,0.868,2.4,0.4,0.3,0.062
'260',26,10,1997,3530.0,5.5,11.8,0.964,1.5,2.1,0.5,0.121
'260',27,10,1997,9180.0,-0.5,7.2,0.513,4.3,0.0,1.1,0.000
'260',28,10,1997,9180.0,-3.3,6.6,0.413,3.1,0.0,1.0,0.000
'260',29,10,1997,8190.0,-5.1,7.9,0.396,1.5,0.0,0.9,0.000
'260',30,10,1997,6270.0,-3.0,11.8,0.548,1.5,0.0,0.8,0.000
'260',31,10,1997,7950.0,-1.2,11.6,0.650,3.3,0.0,1.0,0.000
'260',01,11,1997,3600.0,-1.1,5.4,0.641,1.5,0.0,0.4,0.000
'260',02,11,1997,2670.0,-0.3,4.3,0.677,1.5,0.0,0.3,0.000
'260',03,11,1997,2380.0,2.9,9.9,0.854,3.3,0.0,0.3,0.000
'260',04,11,1997,7050.0,0.2,8.3,0.630,5.4,2.1,0.9,0.112
'260',05,11,1997,3690.0,5.6,15.2,1.128,3.9,0.4,0.5,0.033
'260',06,11,1997,2450.0,9.1,13.1,1.219,3.3,2.0,0.4,0.167
'260',07,11,1997,450.0,7.8,12.8,1.180,5.9,4.7,0.1,0.233
'260',08,11,1997,3460.0,8.0,13.1,1.039,5.7,0.2,0.5,0.029
'260',09,11,1997,5200.0,7.7,12.4,0.951,5.7,0.2,0.8,0.025
'260',10,11,1997,2680.0,6.7,12.2,0.942,5.6,1.3,0.4,0.046
'260',11,11,1997,1350.0,5.2,9.2,0.927,4.3,0.6,0.2,0.075
'260',12,11,1997,4020.0,0.7,10.2,0.856,1.4,0.0,0.5,0.000
'260',13,11,1997,2170.0,3.3,7.1,0.831,2.8,0.0,0.3,0.000
'260',14,11,1997,1290.0,3.9,8.1,0.882,3.4,0.0,0.2,0.000
'260',15,11,1997,640.0,7.4,10.8,1.098,3.8,1.8,0.1,0.154
'260',16,11,1997,1140.0,8.3,11.5,1.145,3.8,0.0,0.2,0.000
'260',17,11,1997,4940.0,3.3,9.0,0.802,5.2,0.0,0.7,0.000
'260',18,11,1997,5120.0,2.6,8.4,0.717,6.8,0.0,0.6,0.000
'260',19,11,1997,4790.0,2.3,5.5,0.554,7.3,0.0,0.6,0.000
'260',20,11,1997,1190.0,0.5,7.0,0.608,5.8,3.8,0.1,0.171
'260',21,11,1997,1190.0,6.0,9.4,0.998,2.8,0.3,0.2,0.025
'260',22,11,1997,4350.0,4.9,10.3,0.915,2.4,0.0,0.6,0.000
'260',23,11,1997,770.0,4.8,6.6,0.874,2.5,0.0,0.1,0.000
'260',24,11,1997,2160.0,1.5,5.0,0.711,4.9,0.0,0.3,0.000
'260',25,11,1997,3330.0,0.6,6.9,0.702,4.0,0.0,0.4,0.000
'260',26,11,1997,1700.0,0.9,6.1,0.713,3.8,0.0,0.2,0.000
'260',27,11,1997,620.0,4.1,5.7,0.808,4.9,6.8,0.1,0.596
'260',28,11,1997,710.0,4.8,9.4,1.002,4.1,5.7,0.1,0.208
'260',29,11,1997,1750.0,7.7,11.7,1.118,4.3,1.3,0.3,0.079
'260',30,11,1997,480.0,3.9,9.0,0.920,3.3,0.1,0.1,0.008
'260',01,12,1997,3330.0,-0.6,7.8,0.694,2.0,0.0,0.4,0.000
'260',02,12,1997,1270.0,1.0,3.3,0.622,3.3,0.2,0.1,0.025
'260',03,12,1997,2730.0,-1.2,5.8,0.593,3.0,0.0,0.3,0.000
'260',04,12,1997,950.0,-3.9,3.2,0.571,2.3,0.0,0.1,0.000
'260',05,12,1997,1670.0,-3.2,4.9,0.614,3.5,0.8,0.2,0.042
'260',06,12,1997,450.0,1.5,6.1,0.699,6.6,0.9,0.1,0.129
'260',07,12,1997,1380.0,1.2,5.8,0.684,4.7,0.0,0.2,0.000
'260',08,12,1997,540.0,1.2,9.0,0.732,5.7,0.0,0.1,0.000
'260',09,12,1997,2060.0,8.1,10.3,1.055,5.6,10.1,0.3,0.133
'260',10,12,1997,240.0,10.1,12.7,1.243,7.6,18.4,0.0,0.400
'260',11,12,1997,1780.0,9.3,13.6,1.250,5.8,2.0,0.3,0.121
'260',12,12,1997,1250.0,4.4,10.0,0.860,4.7,4.4,0.2,0.233
'260',13,12,1997,2190.0,2.1,8.9,0.836,2.5,0.0,0.3,0.000
'260',14,12,1997,2910.0,2.4,8.5,0.768,3.8,0.3,0.4,0.025
'260',15,12,1997,1200.0,-1.4,3.3,0.509,6.3,0.0,0.1,0.000
'260',16,12,1997,2760.0,-5.9,-1.3,0.332,8.3,0.0,0.3,0.000
'260',17,12,1997,1470.0,-6.6,0.3,0.345,7.8,0.0,0.1,0.000
'260',18,12,1997,1340.0,0.2,7.0,0.624,5.6,0.0,0.2,0.000
'260',19,12,1997,880.0,4.1,9.7,0.921,4.5,1.1,0.1,0.092
'260',20,12,1997,2280.0,0.2,6.6,0.744,2.1,0.0,0.3,0.000
'260',21,12,1997,860.0,2.2,3.8,0.727,3.5,1.8,0.1,0.263
'260',22,12,1997,710.0,2.2,3.4,0.713,1.9,0.0,0.1,0.000
'260',23,12,1997,670.0,2.3,6.3,0.824,2.8,0.7,0.1,0.100
'260',24,12,1997,320.0,6.3,12.4,1.089,6.3,7.8,0.0,0.325
'260',25,12,1997,900.0,8.8,12.8,1.126,8.4,4.9,0.1,0.092
'260',26,12,1997,680.0,6.2,10.0,0.945,7.6,9.7,0.1,0.292
'260',27,12,1997,1310.0,4.7,8.0,0.916,3.2,5.5,0.2,0.150
'260',28,12,1997,2690.0,3.0,7.1,0.823,4.6,6.1,0.3,0.208
'260',29,12,1997,2980.0,3.4,7.8,0.797,3.8,1.6,0.4,0.067
'260',30,12,1997,2110.0,2.3,8.1,0.782,4.5,0.0,0.3,0.000
'260',31,12,1997,530.0,4.8,10.4,0.972,4.6,2.8,0.1,0.158
