* Source of data    : Royal Netherlands Meterological Institute (www.knmi.nl)
* File content      : Meteo from www.knmi.nl; input file for Swap 3.2 (www.swap.alterra.nl)
* File generated by : Alterra - Wageningen-UR (www.alterra.wur.nl)
* File generated at : 2017-02-27 11:38:43
Station,DD,MM,YYYY,Rad,Tmin,Tmax,Hum,Wind,Rain,ETref,Wet
'260',01,01,2012,800.0,10.2,12.9,1.281,5.8,14.2,0.1,0.471
'260',02,01,2012,2610.0,4.6,10.3,0.847,4.5,0.0,0.4,0.000
'260',03,01,2012,590.0,4.8,10.7,0.765,8.7,10.6,0.1,0.233
'260',04,01,2012,2000.0,5.4,8.6,0.803,7.1,8.0,0.3,0.312
'260',05,01,2012,1580.0,4.9,10.2,0.810,8.3,11.9,0.2,0.229
'260',06,01,2012,2170.0,4.2,8.8,0.755,5.2,1.2,0.3,0.046
'260',07,01,2012,1480.0,5.1,9.4,0.861,5.6,4.9,0.2,0.204
'260',08,01,2012,1200.0,5.5,8.4,0.826,3.7,0.0,0.2,0.000
'260',09,01,2012,1210.0,6.5,9.5,0.937,3.4,0.1,0.2,0.037
'260',10,01,2012,2280.0,2.2,9.3,0.802,2.9,0.0,0.3,0.000
'260',11,01,2012,750.0,7.5,9.0,1.007,3.6,1.0,0.1,0.129
'260',12,01,2012,1150.0,5.2,10.5,0.877,5.5,0.1,0.2,0.008
'260',13,01,2012,3840.0,3.7,7.5,0.650,3.3,0.6,0.5,0.033
'260',14,01,2012,3410.0,-0.1,7.3,0.586,2.0,0.0,0.4,0.000
'260',15,01,2012,3220.0,-2.1,6.6,0.556,1.9,0.0,0.4,0.000
'260',16,01,2012,4060.0,-4.4,4.8,0.487,1.5,0.0,0.4,0.000
'260',17,01,2012,4100.0,-5.3,6.1,0.470,1.9,0.0,0.4,0.000
'260',18,01,2012,1360.0,-1.8,6.2,0.618,4.8,3.4,0.2,0.258
'260',19,01,2012,1170.0,5.0,8.1,0.832,3.9,10.2,0.2,0.433
'260',20,01,2012,2180.0,2.4,6.8,0.676,4.3,1.3,0.3,0.050
'260',21,01,2012,1460.0,3.4,10.9,0.825,6.3,4.3,0.2,0.321
'260',22,01,2012,1590.0,5.0,9.9,0.829,6.1,4.0,0.2,0.137
'260',23,01,2012,3840.0,2.9,8.0,0.739,3.6,3.3,0.5,0.112
'260',24,01,2012,2080.0,0.0,5.9,0.699,2.1,0.0,0.2,0.000
'260',25,01,2012,2000.0,2.9,5.2,0.725,3.8,0.0,0.2,0.000
'260',26,01,2012,800.0,3.6,6.2,0.815,4.4,5.4,0.1,0.413
'260',27,01,2012,4780.0,1.4,8.0,0.728,3.5,0.0,0.6,0.000
'260',28,01,2012,5030.0,-1.1,6.8,0.647,2.3,0.0,0.6,0.000
'260',29,01,2012,1620.0,-1.7,0.8,0.488,3.1,0.0,0.2,0.000
'260',30,01,2012,710.0,-2.7,-1.2,0.445,2.8,0.1,0.1,0.021
'260',31,01,2012,5710.0,-6.6,-1.1,0.297,4.6,0.0,0.5,0.000
'260',01,02,2012,6460.0,-7.9,-1.3,0.208,5.5,0.0,0.6,0.000
'260',02,02,2012,6670.0,-8.8,-3.5,0.181,4.8,0.0,0.5,0.000
'260',03,02,2012,2040.0,-15.9,-5.1,0.238,2.3,2.9,0.2,0.221
'260',04,02,2012,8990.0,-18.9,-4.5,0.201,1.5,0.0,0.5,0.000
'260',05,02,2012,6060.0,-10.2,-5.1,0.225,2.9,0.0,0.5,0.000
'260',06,02,2012,7140.0,-14.6,-3.3,0.172,2.2,0.0,0.5,0.000
'260',07,02,2012,7210.0,-15.3,-3.7,0.185,3.8,0.0,0.5,0.000
'260',08,02,2012,5580.0,-8.9,-0.9,0.329,4.5,0.0,0.5,0.000
'260',09,02,2012,2120.0,-9.7,0.5,0.355,2.7,0.0,0.2,0.000
'260',10,02,2012,8680.0,-10.8,-2.1,0.250,3.3,0.0,0.7,0.000
'260',11,02,2012,7940.0,-11.9,-3.0,0.263,2.5,0.0,0.6,0.000
'260',12,02,2012,2930.0,-9.8,-0.5,0.345,1.9,0.4,0.3,0.058
'260',13,02,2012,3340.0,-0.5,5.0,0.665,2.2,1.3,0.4,0.150
'260',14,02,2012,3520.0,3.1,5.9,0.727,3.8,3.0,0.4,0.325
'260',15,02,2012,2790.0,4.0,6.8,0.737,5.3,0.2,0.4,0.029
'260',16,02,2012,3110.0,4.0,7.5,0.844,3.2,0.0,0.4,0.000
'260',17,02,2012,4220.0,4.5,9.5,0.861,3.5,0.3,0.6,0.042
'260',18,02,2012,1820.0,3.5,9.1,0.841,6.0,7.0,0.2,0.192
'260',19,02,2012,6380.0,-1.2,6.0,0.537,3.5,0.6,0.8,0.037
'260',20,02,2012,9120.0,-3.4,6.4,0.459,3.9,0.0,1.0,0.000
'260',21,02,2012,4530.0,2.8,9.3,0.737,5.1,0.0,0.6,0.000
'260',22,02,2012,6110.0,5.2,9.0,0.779,6.7,2.2,0.8,0.167
'260',23,02,2012,4670.0,6.0,12.9,1.083,4.6,1.3,0.7,0.142
'260',24,02,2012,1990.0,2.0,9.9,0.892,3.7,0.2,0.3,0.033
'260',25,02,2012,10060.0,0.1,10.3,0.696,2.7,0.0,1.3,0.000
'260',26,02,2012,3980.0,5.4,9.6,0.841,2.5,0.0,0.5,0.000
'260',27,02,2012,3500.0,3.3,8.2,0.825,3.8,0.0,0.5,0.000
'260',28,02,2012,1810.0,7.6,9.8,1.097,3.1,0.4,0.3,0.112
'260',29,02,2012,2210.0,8.2,9.5,1.085,2.4,0.1,0.3,0.029
'260',01,03,2012,2440.0,8.3,10.1,1.082,1.5,0.0,0.3,0.000
'260',02,03,2012,7900.0,6.0,13.1,0.963,2.5,0.0,1.1,0.000
'260',03,03,2012,3640.0,6.3,12.5,0.978,3.0,0.0,0.5,0.000
'260',04,03,2012,4640.0,2.9,11.3,0.878,3.4,3.3,0.6,0.283
'260',05,03,2012,2870.0,4.2,8.4,0.797,5.3,4.5,0.4,0.242
'260',06,03,2012,6880.0,0.1,9.7,0.669,2.7,0.0,0.9,0.000
'260',07,03,2012,2050.0,-0.5,6.2,0.649,4.8,11.0,0.3,0.283
'260',08,03,2012,8140.0,2.5,9.2,0.742,3.3,0.0,1.1,0.000
'260',09,03,2012,6370.0,4.1,10.6,0.818,4.2,0.0,0.9,0.000
'260',10,03,2012,3810.0,7.6,11.5,0.993,2.9,0.7,0.5,0.058
'260',11,03,2012,12120.0,4.6,13.8,0.889,2.6,0.0,1.7,0.000
'260',12,03,2012,9480.0,1.1,13.5,0.896,2.2,0.0,1.3,0.000
'260',13,03,2012,2850.0,7.0,9.5,0.872,1.4,0.0,0.4,0.000
'260',14,03,2012,4290.0,0.5,8.6,0.690,1.2,0.0,0.6,0.000
'260',15,03,2012,14170.0,-1.6,15.1,0.773,1.9,0.0,1.9,0.000
'260',16,03,2012,7930.0,2.7,11.8,0.886,2.8,0.0,1.1,0.000
'260',17,03,2012,8510.0,5.7,12.5,0.873,3.2,0.0,1.2,0.000
'260',18,03,2012,4690.0,2.4,9.9,0.783,3.6,0.6,0.6,0.033
'260',19,03,2012,14420.0,-1.9,11.6,0.607,2.4,0.0,1.8,0.000
'260',20,03,2012,13950.0,3.4,13.6,0.783,3.0,0.0,2.0,0.000
'260',21,03,2012,15260.0,1.2,16.0,0.775,1.8,0.0,2.2,0.000
'260',22,03,2012,15870.0,5.1,19.2,0.987,3.5,0.0,2.5,0.000
'260',23,03,2012,15940.0,5.6,19.7,0.964,2.4,0.0,2.5,0.000
'260',24,03,2012,14740.0,4.6,17.9,0.957,2.7,0.0,2.2,0.000
'260',25,03,2012,16060.0,3.9,16.9,0.762,3.0,0.0,2.3,0.000
'260',26,03,2012,17120.0,2.0,16.6,0.799,2.8,0.0,2.5,0.000
'260',27,03,2012,15830.0,1.6,18.2,0.820,2.3,0.0,2.3,0.000
'260',28,03,2012,17170.0,2.9,18.4,0.757,2.1,0.0,2.5,0.000
'260',29,03,2012,7950.0,4.2,11.7,0.872,3.7,0.0,1.1,0.000
'260',30,03,2012,3750.0,7.1,10.1,0.936,4.1,0.0,0.5,0.000
'260',31,03,2012,7910.0,1.0,9.3,0.632,4.4,0.0,1.1,0.000
'260',01,04,2012,12680.0,-2.3,9.7,0.590,2.8,0.0,1.6,0.000
'260',02,04,2012,10480.0,2.2,13.5,0.776,1.8,0.0,1.5,0.000
'260',03,04,2012,12400.0,1.7,14.1,0.700,1.9,0.7,1.8,0.029
'260',04,04,2012,3810.0,5.4,9.0,0.904,3.0,0.0,0.5,0.000
'260',05,04,2012,11310.0,1.7,10.2,0.679,4.1,0.0,1.5,0.000
'260',06,04,2012,17480.0,-1.1,11.2,0.462,2.4,0.4,2.3,0.062
'260',07,04,2012,8870.0,2.0,7.9,0.577,3.2,0.3,1.1,0.037
'260',08,04,2012,15700.0,-0.4,9.7,0.552,3.2,0.6,2.1,0.092
'260',09,04,2012,4150.0,6.8,10.1,1.034,5.2,9.2,0.6,0.583
'260',10,04,2012,6390.0,7.5,11.2,0.980,4.6,4.1,0.9,0.362
'260',11,04,2012,13060.0,4.1,12.7,0.783,3.4,0.2,1.8,0.025
'260',12,04,2012,10090.0,2.1,12.5,0.739,1.9,1.7,1.4,0.037
'260',13,04,2012,8800.0,2.3,11.7,0.769,1.8,3.5,1.2,0.058
'260',14,04,2012,17840.0,1.8,12.6,0.691,2.8,0.0,2.4,0.000
'260',15,04,2012,9680.0,3.6,9.6,0.672,4.5,0.2,1.3,0.025
'260',16,04,2012,16630.0,-1.4,10.1,0.539,3.1,0.0,2.1,0.000
'260',17,04,2012,10020.0,-2.4,10.0,0.527,5.3,2.3,1.3,0.108
'260',18,04,2012,12360.0,3.8,13.2,0.798,5.5,2.4,1.7,0.075
'260',19,04,2012,10570.0,4.1,13.4,0.788,4.7,0.4,1.5,0.042
'260',20,04,2012,10280.0,4.6,13.3,0.883,3.5,1.4,1.4,0.021
'260',21,04,2012,10990.0,5.1,11.9,0.830,3.8,3.1,1.5,0.137
'260',22,04,2012,13790.0,6.0,13.3,0.867,4.4,0.8,2.0,0.033
'260',23,04,2012,12730.0,6.4,14.4,0.859,4.5,2.2,1.8,0.221
'260',24,04,2012,15970.0,6.9,13.5,0.939,3.0,0.4,2.3,0.054
'260',25,04,2012,10610.0,6.3,13.4,0.924,5.4,1.2,1.6,0.079
'260',26,04,2012,9440.0,9.2,14.6,1.049,6.1,7.1,1.4,0.112
'260',27,04,2012,14190.0,9.8,16.0,1.076,4.3,0.0,2.2,0.000
'260',28,04,2012,4260.0,8.9,12.4,1.128,5.0,5.3,0.6,0.112
'260',29,04,2012,10060.0,7.5,18.4,1.228,3.2,0.0,1.6,0.000
'260',30,04,2012,20970.0,5.0,22.4,0.947,3.5,0.0,3.5,0.000
'260',01,05,2012,11560.0,10.4,19.2,1.313,3.1,3.5,1.9,0.104
'260',02,05,2012,14500.0,9.3,19.8,1.313,2.5,1.6,2.4,0.075
'260',03,05,2012,5400.0,11.0,14.3,1.271,3.0,0.0,0.8,0.000
'260',04,05,2012,5500.0,7.0,12.0,1.001,3.1,0.1,0.8,0.008
'260',05,05,2012,7540.0,6.8,10.1,0.859,3.5,0.2,1.1,0.033
'260',06,05,2012,17450.0,4.9,11.8,0.750,3.8,0.0,2.4,0.000
'260',07,05,2012,22240.0,2.0,15.1,0.754,3.0,0.0,3.2,0.000
'260',08,05,2012,7730.0,9.7,17.6,1.264,3.2,9.7,1.2,0.300
'260',09,05,2012,9730.0,13.6,18.9,1.582,3.1,12.3,1.6,0.142
'260',10,05,2012,7530.0,15.2,21.8,1.756,5.2,10.1,1.3,0.308
'260',11,05,2012,13130.0,7.3,17.4,1.027,5.3,0.0,2.1,0.000
'260',12,05,2012,19800.0,2.7,13.1,0.733,2.9,0.2,2.8,0.004
'260',13,05,2012,20160.0,0.9,14.3,0.733,1.7,0.0,2.9,0.000
'260',14,05,2012,24990.0,3.6,16.6,0.782,3.7,0.0,3.8,0.000
'260',15,05,2012,9060.0,7.6,12.4,0.936,3.2,4.9,1.3,0.150
'260',16,05,2012,21510.0,2.3,12.0,0.690,4.0,0.9,3.0,0.037
'260',17,05,2012,22340.0,1.6,15.0,0.715,3.0,0.0,3.3,0.000
'260',18,05,2012,13210.0,9.4,19.1,1.219,3.5,1.5,2.1,0.042
'260',19,05,2012,19680.0,11.4,20.6,1.229,2.8,0.0,3.3,0.000
'260',20,05,2012,14940.0,12.5,22.7,1.593,2.5,5.0,2.5,0.217
'260',21,05,2012,20230.0,13.3,24.7,1.713,3.2,0.0,3.6,0.000
'260',22,05,2012,24640.0,14.7,28.4,1.693,2.6,0.0,4.6,0.000
'260',23,05,2012,22540.0,13.5,28.8,1.926,1.7,22.5,4.1,0.025
'260',24,05,2012,26310.0,16.9,28.3,1.867,3.0,1.0,5.0,0.062
'260',25,05,2012,28730.0,14.8,25.7,1.260,6.2,0.0,5.3,0.000
'260',26,05,2012,28790.0,14.2,25.6,1.197,4.2,0.0,5.3,0.000
'260',27,05,2012,27980.0,12.2,26.6,1.281,3.0,0.0,5.1,0.000
'260',28,05,2012,28690.0,11.2,24.3,1.381,3.0,0.0,5.1,0.000
'260',29,05,2012,12450.0,8.8,18.5,1.300,2.0,0.0,2.0,0.000
'260',30,05,2012,22350.0,8.4,22.3,1.254,1.7,0.0,3.8,0.000
'260',31,05,2012,6510.0,12.1,18.4,1.549,3.0,10.9,1.1,0.242
'260',01,06,2012,13800.0,6.9,16.1,1.032,2.6,0.1,2.2,0.017
'260',02,06,2012,26230.0,4.6,16.4,0.802,2.4,0.0,4.0,0.000
'260',03,06,2012,4440.0,8.2,11.0,0.999,2.6,8.6,0.6,0.375
'260',04,06,2012,7250.0,6.4,11.4,0.945,2.6,9.0,1.0,0.362
'260',05,06,2012,17200.0,3.3,15.7,0.804,2.1,0.0,2.6,0.000
'260',06,06,2012,12310.0,9.8,18.7,1.241,3.5,8.1,2.0,0.375
'260',07,06,2012,14060.0,11.8,20.9,1.461,3.3,1.7,2.4,0.117
'260',08,06,2012,20310.0,11.0,19.2,1.126,6.6,0.5,3.4,0.025
'260',09,06,2012,7860.0,11.3,15.9,0.981,6.4,0.0,1.2,0.000
'260',10,06,2012,22730.0,9.7,20.1,1.041,2.8,0.0,3.7,0.000
'260',11,06,2012,11660.0,12.9,20.0,1.388,2.5,4.6,1.9,0.129
'260',12,06,2012,11400.0,10.6,16.5,1.258,3.5,0.0,1.8,0.000
'260',13,06,2012,15810.0,5.4,15.3,0.878,2.5,0.0,2.4,0.000
'260',14,06,2012,24530.0,3.7,18.0,0.793,1.8,0.0,3.8,0.000
'260',15,06,2012,7820.0,11.1,19.3,1.405,4.1,8.7,1.3,0.308
'260',16,06,2012,19800.0,13.3,19.9,1.284,5.0,0.0,3.4,0.000
'260',17,06,2012,17320.0,10.1,19.5,1.212,4.7,0.0,2.9,0.000
'260',18,06,2012,14180.0,8.6,18.7,1.259,2.9,10.2,2.3,0.092
'260',19,06,2012,22260.0,7.2,20.9,1.121,1.8,0.0,3.7,0.000
'260',20,06,2012,19260.0,12.5,21.8,1.407,3.3,0.0,3.4,0.000
'260',21,06,2012,16160.0,14.0,21.9,1.700,4.2,16.9,2.8,0.129
'260',22,06,2012,17510.0,12.7,18.4,1.230,6.3,5.4,2.9,0.050
'260',23,06,2012,18740.0,12.2,19.3,1.156,5.1,0.0,3.1,0.000
'260',24,06,2012,7870.0,11.9,16.7,1.320,4.5,11.4,1.3,0.408
'260',25,06,2012,16100.0,10.5,17.3,1.232,4.0,0.0,2.6,0.000
'260',26,06,2012,22060.0,7.7,22.5,1.188,1.9,0.0,3.7,0.000
'260',27,06,2012,6930.0,15.6,20.9,1.832,2.6,0.7,1.2,0.046
'260',28,06,2012,19150.0,13.9,27.9,1.838,3.3,0.0,3.6,0.000
'260',29,06,2012,16180.0,16.2,22.3,1.515,3.2,0.3,2.9,0.012
'260',30,06,2012,22970.0,15.1,24.2,1.476,3.8,4.9,4.1,0.092
'260',01,07,2012,19240.0,12.2,19.1,1.154,4.6,0.2,3.2,0.021
'260',02,07,2012,22860.0,11.8,21.3,1.137,2.8,0.0,3.9,0.000
'260',03,07,2012,16650.0,13.9,23.5,1.515,2.3,0.0,3.0,0.000
'260',04,07,2012,19450.0,15.8,26.5,1.666,2.5,0.0,3.6,0.000
'260',05,07,2012,21080.0,15.5,27.4,1.831,2.1,0.4,4.0,0.042
'260',06,07,2012,14350.0,13.5,22.9,1.554,3.1,0.0,2.6,0.000
'260',07,07,2012,21360.0,12.3,24.0,1.410,2.5,2.6,3.8,0.050
'260',08,07,2012,8050.0,15.1,19.7,1.716,3.1,19.9,1.4,0.275
'260',09,07,2012,11570.0,13.8,19.4,1.553,4.3,0.7,2.0,0.017
'260',10,07,2012,15670.0,13.8,19.6,1.502,3.7,0.4,2.7,0.046
'260',11,07,2012,16590.0,12.9,19.2,1.315,5.0,2.7,2.8,0.033
'260',12,07,2012,19770.0,11.4,18.6,1.169,3.7,7.8,3.2,0.246
'260',13,07,2012,10810.0,12.9,20.5,1.457,3.5,5.0,1.8,0.442
'260',14,07,2012,11220.0,13.1,17.8,1.471,3.3,3.7,1.8,0.033
'260',15,07,2012,16390.0,11.8,18.5,1.246,2.5,0.2,2.7,0.017
'260',16,07,2012,8810.0,13.6,17.7,1.464,4.8,20.7,1.5,0.554
'260',17,07,2012,12160.0,15.5,19.5,1.639,3.8,0.4,2.1,0.008
'260',18,07,2012,14090.0,15.1,19.2,1.514,5.9,1.5,2.4,0.075
'260',19,07,2012,14260.0,11.4,18.1,1.350,4.3,9.0,2.4,0.175
'260',20,07,2012,19220.0,9.1,19.1,1.091,2.0,0.0,3.1,0.000
'260',21,07,2012,14820.0,7.5,18.4,1.037,2.1,0.0,2.4,0.000
'260',22,07,2012,27230.0,6.2,20.9,1.070,1.3,0.0,4.5,0.000
'260',23,07,2012,26870.0,10.4,25.6,1.285,2.3,0.0,4.8,0.000
'260',24,07,2012,27270.0,10.7,28.9,1.261,1.5,0.0,5.0,0.000
'260',25,07,2012,26020.0,13.3,28.7,1.484,2.2,0.0,4.9,0.000
'260',26,07,2012,26130.0,15.7,27.0,1.605,2.9,0.0,4.9,0.000
'260',27,07,2012,18670.0,15.9,28.7,1.830,2.0,8.3,3.5,0.104
'260',28,07,2012,12690.0,15.5,22.1,1.688,2.0,0.8,2.2,0.017
'260',29,07,2012,20450.0,11.4,20.7,1.161,3.0,4.9,3.5,0.046
'260',30,07,2012,20810.0,11.3,19.5,1.139,3.8,1.2,3.5,0.033
'260',31,07,2012,9080.0,12.3,17.9,1.309,3.0,0.9,1.5,0.071
'260',01,08,2012,22310.0,11.8,26.9,1.554,3.0,21.8,4.1,0.146
'260',02,08,2012,13510.0,12.6,21.4,1.390,2.7,1.0,2.4,0.046
'260',03,08,2012,20720.0,12.2,23.0,1.399,2.6,6.0,3.6,0.042
'260',04,08,2012,18970.0,14.0,23.7,1.531,2.9,0.0,3.4,0.000
'260',05,08,2012,14630.0,13.1,23.8,1.623,1.8,3.7,2.6,0.117
'260',06,08,2012,12720.0,15.2,20.4,1.632,4.2,1.2,2.2,0.029
'260',07,08,2012,8950.0,14.3,19.2,1.436,4.1,8.8,1.5,0.200
'260',08,08,2012,14070.0,12.4,20.7,1.548,2.3,0.0,2.4,0.000
'260',09,08,2012,21080.0,10.0,21.9,1.304,2.4,0.0,3.6,0.000
'260',10,08,2012,23030.0,7.6,21.9,1.121,1.9,0.0,3.9,0.000
'260',11,08,2012,15390.0,9.3,21.3,1.283,2.3,0.0,2.6,0.000
'260',12,08,2012,23680.0,12.6,24.1,1.250,4.1,0.0,4.2,0.000
'260',13,08,2012,14230.0,14.0,24.5,1.728,2.2,0.0,2.5,0.000
'260',14,08,2012,13360.0,15.2,26.2,1.875,1.3,0.7,2.4,0.025
'260',15,08,2012,18440.0,14.4,28.8,1.723,3.8,0.9,3.5,0.008
'260',16,08,2012,19190.0,13.5,24.1,1.501,2.3,0.0,3.4,0.000
'260',17,08,2012,18390.0,15.1,27.0,1.557,2.8,0.0,3.4,0.000
'260',18,08,2012,21940.0,15.9,32.0,1.889,2.5,0.0,4.3,0.000
'260',19,08,2012,19800.0,17.6,33.0,2.083,2.6,0.0,3.9,0.000
'260',20,08,2012,17860.0,16.2,27.0,1.901,2.3,0.0,3.4,0.000
'260',21,08,2012,14890.0,14.9,26.7,1.732,2.0,0.0,2.7,0.000
'260',22,08,2012,18040.0,15.7,22.1,1.481,4.1,0.0,3.2,0.000
'260',23,08,2012,16910.0,13.5,23.1,1.428,2.8,0.0,3.0,0.000
'260',24,08,2012,15160.0,13.0,23.9,1.423,2.0,5.8,2.7,0.104
'260',25,08,2012,12310.0,15.3,21.8,1.640,5.0,2.0,2.1,0.067
'260',26,08,2012,10680.0,10.5,19.6,1.524,3.6,21.9,1.8,0.317
'260',27,08,2012,18510.0,9.7,21.8,1.268,2.8,0.0,3.2,0.000
'260',28,08,2012,13080.0,11.6,22.8,1.516,2.6,1.7,2.3,0.042
'260',29,08,2012,18410.0,10.2,24.1,1.298,2.9,2.1,3.2,0.037
'260',30,08,2012,13160.0,13.4,21.0,1.437,3.0,4.4,2.2,0.125
'260',31,08,2012,9100.0,9.1,17.1,1.126,4.2,10.2,1.5,0.238
'260',01,09,2012,18100.0,6.6,19.3,0.959,2.0,0.0,2.9,0.000
'260',02,09,2012,8770.0,10.2,19.6,1.362,2.3,0.0,1.5,0.000
'260',03,09,2012,17770.0,11.7,23.0,1.411,1.4,0.0,3.1,0.000
'260',04,09,2012,18230.0,9.7,24.7,1.451,1.9,0.0,3.2,0.000
'260',05,09,2012,12250.0,12.5,20.1,1.374,2.6,0.0,2.1,0.000
'260',06,09,2012,11200.0,11.2,19.6,1.228,2.0,0.0,1.9,0.000
'260',07,09,2012,16480.0,12.3,23.2,1.575,3.0,0.0,2.8,0.000
'260',08,09,2012,16370.0,11.8,25.4,1.577,1.1,0.0,2.9,0.000
'260',09,09,2012,17940.0,9.1,28.1,1.338,2.2,0.0,3.2,0.000
'260',10,09,2012,11280.0,13.0,23.3,1.592,3.2,0.0,2.0,0.000
'260',11,09,2012,7430.0,9.3,18.2,1.206,3.5,2.9,1.2,0.083
'260',12,09,2012,14310.0,9.0,16.9,1.019,3.3,3.3,2.3,0.096
'260',13,09,2012,9310.0,8.3,17.1,1.078,2.2,0.4,1.5,0.050
'260',14,09,2012,4620.0,11.2,17.5,1.355,4.3,2.0,0.7,0.121
'260',15,09,2012,9680.0,8.2,19.1,1.218,2.3,0.0,1.5,0.000
'260',16,09,2012,9810.0,7.1,19.3,1.227,2.8,0.0,1.6,0.000
'260',17,09,2012,9670.0,14.3,19.9,1.533,3.5,0.0,1.7,0.000
'260',18,09,2012,9760.0,8.3,17.4,1.143,3.3,7.2,1.5,0.150
'260',19,09,2012,9640.0,4.8,15.0,0.929,2.7,10.6,1.4,0.238
'260',20,09,2012,5490.0,4.6,15.7,0.969,2.7,0.6,0.8,0.037
'260',21,09,2012,8020.0,9.7,16.2,1.084,2.1,0.0,1.3,0.000
'260',22,09,2012,13380.0,3.7,16.1,0.866,2.1,1.1,2.0,0.058
'260',23,09,2012,7570.0,2.2,13.6,0.810,4.0,10.9,1.1,0.154
'260',24,09,2012,5800.0,9.7,21.6,1.513,6.8,9.6,0.9,0.188
'260',25,09,2012,10670.0,11.2,16.8,1.237,5.0,2.5,1.7,0.071
'260',26,09,2012,6490.0,10.8,16.1,1.240,4.4,0.0,1.0,0.000
'260',27,09,2012,6030.0,9.7,16.6,1.235,2.9,4.5,0.9,0.100
'260',28,09,2012,8720.0,9.8,17.1,1.180,4.2,0.4,1.4,0.050
'260',29,09,2012,10820.0,10.1,15.8,1.075,3.7,0.9,1.7,0.062
'260',30,09,2012,13210.0,7.9,16.5,1.021,3.8,0.0,2.1,0.000
'260',01,10,2012,9790.0,10.0,18.7,1.181,4.5,0.3,1.6,0.046
'260',02,10,2012,8640.0,12.8,17.8,1.398,4.0,0.0,1.4,0.000
'260',03,10,2012,3410.0,10.4,15.0,1.273,5.0,5.5,0.5,0.337
'260',04,10,2012,7770.0,10.0,15.1,1.125,4.0,9.0,1.2,0.217
'260',05,10,2012,5390.0,9.8,16.4,1.219,4.5,12.9,0.8,0.462
'260',06,10,2012,7080.0,3.3,15.3,0.948,1.8,18.3,1.0,0.400
'260',07,10,2012,11160.0,2.6,15.3,0.851,1.6,0.0,1.5,0.000
'260',08,10,2012,7790.0,1.5,13.8,0.822,1.8,0.0,1.1,0.000
'260',09,10,2012,9540.0,2.0,14.2,0.730,1.5,0.0,1.3,0.000
'260',10,10,2012,8750.0,2.0,14.5,0.792,1.1,0.0,1.2,0.000
'260',11,10,2012,11030.0,1.7,14.3,0.795,3.6,2.3,1.6,0.037
'260',12,10,2012,3820.0,8.2,14.4,1.164,4.6,16.4,0.6,0.275
'260',13,10,2012,2820.0,7.5,11.3,1.065,3.7,4.4,0.4,0.238
'260',14,10,2012,7320.0,6.3,11.8,0.940,4.1,1.5,1.0,0.046
'260',15,10,2012,7930.0,7.4,13.5,0.933,3.7,0.3,1.2,0.021
'260',16,10,2012,5850.0,8.8,15.0,1.030,5.6,1.4,0.9,0.096
'260',17,10,2012,3630.0,7.0,15.7,1.199,4.2,1.9,0.6,0.137
'260',18,10,2012,2200.0,13.0,18.6,1.538,2.9,8.0,0.4,0.129
'260',19,10,2012,6920.0,13.1,21.2,1.481,2.5,0.6,1.2,0.067
'260',20,10,2012,3060.0,13.4,16.4,1.456,2.1,0.3,0.5,0.042
'260',21,10,2012,2430.0,11.5,14.8,1.446,3.5,0.0,0.4,0.000
'260',22,10,2012,7500.0,12.3,22.0,1.548,1.6,0.0,1.3,0.000
'260',23,10,2012,5490.0,11.7,18.2,1.384,2.5,0.0,0.9,0.000
'260',24,10,2012,2890.0,10.7,13.7,1.344,2.6,0.1,0.4,0.008
'260',25,10,2012,2730.0,8.6,13.3,1.052,2.4,0.0,0.4,0.000
'260',26,10,2012,4740.0,0.1,8.6,0.554,3.0,0.1,0.6,0.012
'260',27,10,2012,7920.0,-1.6,8.2,0.568,2.8,0.0,0.9,0.000
'260',28,10,2012,6250.0,-2.8,10.2,0.611,3.0,0.0,0.8,0.000
'260',29,10,2012,2030.0,5.4,9.5,0.833,5.3,14.5,0.3,0.396
'260',30,10,2012,3210.0,3.2,9.6,0.845,2.0,4.9,0.4,0.108
'260',31,10,2012,5620.0,3.5,12.5,0.819,4.1,0.0,0.8,0.000
'260',01,11,2012,1440.0,6.2,10.6,0.898,5.4,3.5,0.2,0.075
'260',02,11,2012,4220.0,4.8,10.0,0.811,5.8,1.4,0.6,0.071
'260',03,11,2012,1820.0,3.3,8.9,0.818,3.8,3.0,0.2,0.121
'260',04,11,2012,2950.0,1.2,9.3,0.766,4.2,3.7,0.4,0.092
'260',05,11,2012,4560.0,3.4,10.4,0.841,2.9,2.1,0.6,0.067
'260',06,11,2012,5360.0,-0.3,11.3,0.695,3.7,6.1,0.7,0.333
'260',07,11,2012,1560.0,9.4,10.8,1.064,4.1,0.9,0.2,0.183
'260',08,11,2012,2040.0,9.0,11.7,1.088,4.6,0.8,0.3,0.054
'260',09,11,2012,1880.0,7.9,10.7,0.996,3.3,0.0,0.3,0.000
'260',10,11,2012,1050.0,8.0,11.3,1.148,3.3,3.2,0.2,0.188
'260',11,11,2012,4660.0,6.7,11.5,0.998,3.5,0.3,0.7,0.025
'260',12,11,2012,2360.0,4.6,7.7,0.852,4.0,0.0,0.3,0.000
'260',13,11,2012,1490.0,7.1,10.4,1.043,3.5,0.2,0.2,0.033
'260',14,11,2012,5420.0,1.0,12.6,0.744,2.0,0.0,0.7,0.000
'260',15,11,2012,2210.0,0.0,5.5,0.671,2.1,0.0,0.3,0.000
'260',16,11,2012,1370.0,1.8,5.1,0.679,2.5,0.0,0.2,0.000
'260',17,11,2012,1640.0,1.9,8.4,0.801,3.6,1.3,0.2,0.092
'260',18,11,2012,2490.0,-1.2,10.3,0.725,1.1,2.6,0.3,0.283
'260',19,11,2012,1800.0,-1.5,10.2,0.859,2.7,0.0,0.2,0.000
'260',20,11,2012,3710.0,6.0,12.3,1.002,4.1,0.0,0.5,0.000
'260',21,11,2012,2590.0,3.3,10.6,0.891,5.6,0.6,0.3,0.100
'260',22,11,2012,4600.0,5.8,11.3,0.918,4.8,0.0,0.6,0.000
'260',23,11,2012,860.0,2.9,8.2,0.806,3.4,4.3,0.1,0.167
'260',24,11,2012,1780.0,0.6,9.3,0.864,2.5,4.6,0.2,0.233
'260',25,11,2012,1950.0,7.5,13.1,0.944,8.5,0.7,0.3,0.050
'260',26,11,2012,2150.0,5.2,9.9,0.893,3.6,0.1,0.3,0.012
'260',27,11,2012,1830.0,2.0,8.7,0.794,2.2,0.1,0.2,0.021
'260',28,11,2012,3020.0,-0.3,9.3,0.703,1.8,0.5,0.4,0.021
'260',29,11,2012,3340.0,1.0,7.0,0.649,2.5,0.0,0.4,0.000
'260',30,11,2012,3610.0,-2.8,7.0,0.579,1.9,0.8,0.4,0.071
'260',01,12,2012,1630.0,2.6,5.2,0.737,3.8,6.8,0.2,0.271
'260',02,12,2012,2350.0,-1.5,5.8,0.635,2.1,7.4,0.3,0.163
'260',03,12,2012,520.0,-1.1,7.2,0.672,4.0,4.9,0.1,0.225
'260',04,12,2012,1090.0,-0.1,6.7,0.667,3.5,4.6,0.1,0.088
'260',05,12,2012,2210.0,-1.2,3.7,0.557,2.0,3.8,0.2,0.121
'260',06,12,2012,3880.0,-3.1,3.6,0.528,3.2,0.8,0.4,0.021
'260',07,12,2012,820.0,-1.2,1.6,0.548,5.5,4.4,0.1,0.333
'260',08,12,2012,5460.0,-8.3,2.0,0.419,2.3,0.1,0.5,0.033
'260',09,12,2012,1010.0,1.8,8.4,0.738,5.5,11.5,0.1,0.521
'260',10,12,2012,1120.0,-0.3,6.2,0.602,4.1,0.9,0.1,0.025
'260',11,12,2012,3340.0,-1.9,3.3,0.505,2.4,0.0,0.4,0.000
'260',12,12,2012,1690.0,-0.5,4.2,0.594,3.2,6.1,0.2,0.229
'260',13,12,2012,1660.0,-2.6,0.5,0.454,2.8,0.0,0.2,0.000
'260',14,12,2012,1250.0,0.3,9.6,0.808,5.6,8.7,0.2,0.196
'260',15,12,2012,1480.0,6.9,9.7,0.953,5.2,2.1,0.2,0.112
'260',16,12,2012,960.0,4.5,8.0,0.890,4.1,2.5,0.1,0.137
'260',17,12,2012,760.0,4.2,7.8,0.896,2.9,2.6,0.1,0.112
'260',18,12,2012,1040.0,4.1,7.1,0.874,1.8,4.6,0.1,0.158
'260',19,12,2012,870.0,4.1,6.1,0.847,2.5,0.0,0.1,0.000
'260',20,12,2012,1290.0,2.6,4.2,0.675,6.7,5.8,0.2,0.417
'260',21,12,2012,860.0,2.6,7.9,0.880,2.9,3.6,0.1,0.271
'260',22,12,2012,510.0,6.7,10.4,1.067,4.3,15.1,0.1,0.542
'260',23,12,2012,1100.0,9.9,13.0,1.212,5.8,14.9,0.2,0.383
'260',24,12,2012,990.0,7.4,12.7,1.048,4.9,2.3,0.1,0.250
'260',25,12,2012,1260.0,7.4,10.5,1.006,4.8,15.2,0.2,0.508
'260',26,12,2012,1720.0,6.3,9.4,0.922,5.3,4.7,0.2,0.163
'260',27,12,2012,1340.0,4.5,9.8,0.891,3.7,2.6,0.2,0.154
'260',28,12,2012,1120.0,2.0,10.5,0.879,4.1,3.0,0.1,0.212
'260',29,12,2012,1960.0,9.2,12.0,1.045,6.1,0.5,0.3,0.058
'260',30,12,2012,2390.0,5.7,9.4,0.836,7.5,1.8,0.3,0.025
'260',31,12,2012,830.0,8.7,10.4,1.009,8.2,5.5,0.1,0.288
