* Source of data    : Royal Netherlands Meterological Institute (www.knmi.nl)
* File content      : Meteo from www.knmi.nl; input file for Swap 3.2 (www.swap.alterra.nl)
* File generated by : Alterra - Wageningen-UR (www.alterra.wur.nl)
* File generated at : 2017-02-27 11:38:43
Station,DD,MM,YYYY,Rad,Tmin,Tmax,Hum,Wind,Rain,ETref,Wet
'260',01,01,1988,1070.0,6.7,11.4,1.012,6.7,8.1,0.1,0.263
'260',02,01,1988,480.0,6.9,13.4,1.034,8.7,4.7,0.1,0.150
'260',03,01,1988,1500.0,6.9,9.0,0.863,8.2,4.9,0.2,0.092
'260',04,01,1988,2120.0,5.1,10.2,0.807,7.2,2.5,0.3,0.112
'260',05,01,1988,290.0,6.9,11.5,0.966,5.1,9.1,0.0,0.263
'260',06,01,1988,2590.0,7.2,10.6,0.929,7.2,14.0,0.4,0.258
'260',07,01,1988,530.0,4.4,7.7,0.807,4.1,3.5,0.1,0.117
'260',08,01,1988,1820.0,1.5,6.4,0.697,2.6,0.0,0.2,0.000
'260',09,01,1988,670.0,2.0,8.6,0.741,4.6,0.4,0.1,0.112
'260',10,01,1988,1040.0,5.8,10.1,1.025,2.1,7.9,0.1,0.646
'260',11,01,1988,3500.0,3.0,7.4,0.698,3.6,1.8,0.4,0.221
'260',12,01,1988,3890.0,0.7,7.2,0.702,3.1,0.0,0.5,0.000
'260',13,01,1988,2210.0,1.1,8.0,0.645,4.6,0.0,0.3,0.000
'260',14,01,1988,2370.0,0.4,9.4,0.745,2.6,0.3,0.3,0.058
'260',15,01,1988,980.0,-0.9,5.1,0.686,1.5,0.0,0.1,0.000
'260',16,01,1988,430.0,3.1,5.8,0.807,1.0,0.2,0.1,0.008
'260',17,01,1988,610.0,1.6,6.5,0.697,2.1,0.0,0.1,0.000
'260',18,01,1988,2580.0,0.7,5.3,0.651,2.1,0.0,0.3,0.000
'260',19,01,1988,4170.0,3.0,8.8,0.779,3.6,0.0,0.5,0.000
'260',20,01,1988,440.0,5.0,6.8,0.808,3.6,1.5,0.1,0.146
'260',21,01,1988,1380.0,1.4,5.7,0.706,3.1,0.9,0.2,0.050
'260',22,01,1988,290.0,0.2,2.5,0.625,4.1,16.7,0.0,0.483
'260',23,01,1988,3620.0,-0.9,4.5,0.610,3.6,5.7,0.4,0.321
'260',24,01,1988,1340.0,3.6,10.7,0.885,4.6,9.9,0.2,0.450
'260',25,01,1988,680.0,5.2,9.6,0.916,5.7,14.4,0.1,0.337
'260',26,01,1988,920.0,4.2,7.8,0.814,3.1,4.7,0.1,0.229
'260',27,01,1988,3980.0,1.6,8.5,0.683,1.5,0.0,0.5,0.000
'260',28,01,1988,790.0,3.6,9.7,0.893,4.1,9.3,0.1,0.388
'260',29,01,1988,1820.0,4.9,10.0,0.861,5.7,6.8,0.3,0.321
'260',30,01,1988,1820.0,3.4,6.8,0.758,4.6,0.4,0.2,0.004
'260',31,01,1988,2170.0,2.5,7.5,0.697,3.6,0.1,0.3,0.004
'260',01,02,1988,1550.0,2.3,8.7,0.740,7.2,11.6,0.2,0.375
'260',02,02,1988,2960.0,4.4,9.2,0.776,8.2,1.0,0.4,0.067
'260',03,02,1988,2960.0,4.1,8.6,0.784,5.1,2.3,0.4,0.175
'260',04,02,1988,2570.0,3.9,9.2,0.786,6.7,5.9,0.3,0.171
'260',05,02,1988,4970.0,4.3,8.6,0.808,4.6,7.1,0.7,0.175
'260',06,02,1988,3920.0,0.5,7.6,0.626,3.6,17.8,0.5,0.217
'260',07,02,1988,3040.0,2.2,6.2,0.597,4.1,2.8,0.4,0.125
'260',08,02,1988,2530.0,1.5,6.0,0.611,6.7,7.4,0.3,0.192
'260',09,02,1988,3470.0,2.8,9.8,0.705,7.2,5.5,0.4,0.183
'260',10,02,1988,1050.0,0.6,6.3,0.604,8.2,14.3,0.1,0.325
'260',11,02,1988,5510.0,0.2,7.2,0.619,4.6,0.5,0.7,0.042
'260',12,02,1988,4980.0,-0.4,7.4,0.657,2.1,0.9,0.6,0.071
'260',13,02,1988,7380.0,-1.5,7.3,0.631,3.6,0.0,0.9,0.000
'260',14,02,1988,5980.0,3.6,9.8,0.640,5.1,0.0,0.8,0.000
'260',15,02,1988,8890.0,0.9,9.1,0.617,3.1,0.0,1.1,0.000
'260',16,02,1988,4230.0,-0.2,7.5,0.625,3.1,0.0,0.5,0.000
'260',17,02,1988,3850.0,2.8,7.5,0.718,4.1,1.3,0.5,0.054
'260',18,02,1988,2960.0,4.1,7.8,0.794,3.6,1.8,0.4,0.163
'260',19,02,1988,7060.0,4.3,9.2,0.771,4.1,0.7,0.9,0.100
'260',20,02,1988,3740.0,4.6,8.8,0.836,1.5,0.0,0.5,0.000
'260',21,02,1988,2040.0,4.2,8.6,0.858,1.5,0.0,0.3,0.000
'260',22,02,1988,5230.0,0.8,10.0,0.698,3.1,0.0,0.7,0.000
'260',23,02,1988,4960.0,2.6,6.9,0.687,4.6,3.0,0.6,0.142
'260',24,02,1988,4130.0,0.5,3.9,0.567,3.6,1.7,0.5,0.067
'260',25,02,1988,4260.0,-0.1,2.4,0.572,3.6,0.6,0.5,0.071
'260',26,02,1988,2450.0,0.7,2.1,0.521,5.7,0.0,0.3,0.000
'260',27,02,1988,3240.0,-1.4,3.7,0.483,3.6,0.0,0.4,0.000
'260',28,02,1988,3960.0,0.5,6.5,0.631,5.1,5.3,0.5,0.192
'260',29,02,1988,5140.0,0.4,6.0,0.638,6.2,5.0,0.6,0.125
'260',01,03,1988,8230.0,-0.4,3.8,0.559,3.1,1.2,0.9,0.100
'260',02,03,1988,8330.0,-1.8,6.9,0.568,2.6,0.0,1.0,0.000
'260',03,03,1988,1960.0,1.4,3.9,0.608,5.1,2.8,0.2,0.258
'260',04,03,1988,7930.0,-0.6,6.7,0.576,2.1,0.0,0.9,0.000
'260',05,03,1988,7260.0,-2.0,5.3,0.584,3.6,4.1,0.8,0.271
'260',06,03,1988,4330.0,0.4,6.8,0.692,3.6,11.9,0.5,0.346
'260',07,03,1988,8020.0,-0.5,7.9,0.593,5.1,1.4,1.0,0.083
'260',08,03,1988,11080.0,-1.6,7.1,0.478,1.5,0.0,1.3,0.000
'260',09,03,1988,2970.0,-1.9,5.6,0.594,2.1,0.4,0.4,0.125
'260',10,03,1988,5230.0,3.0,9.8,0.794,3.6,6.4,0.7,0.492
'260',11,03,1988,4900.0,2.4,7.5,0.767,4.1,6.1,0.6,0.354
'260',12,03,1988,6710.0,1.4,7.5,0.639,4.1,0.7,0.8,0.133
'260',13,03,1988,3280.0,0.9,4.4,0.618,2.1,4.3,0.4,0.429
'260',14,03,1988,9260.0,0.3,6.5,0.599,1.0,0.0,1.1,0.000
'260',15,03,1988,1400.0,2.3,10.1,0.770,6.7,8.4,0.2,0.471
'260',16,03,1988,2820.0,4.0,8.4,0.778,6.2,1.3,0.4,0.083
'260',17,03,1988,12930.0,-1.1,8.6,0.525,2.1,0.1,1.6,0.008
'260',18,03,1988,12920.0,-3.0,8.1,0.464,2.1,0.0,1.5,0.000
'260',19,03,1988,1560.0,3.2,10.1,0.744,4.1,4.7,0.2,0.354
'260',20,03,1988,4520.0,8.2,12.1,1.066,3.6,11.9,0.7,0.321
'260',21,03,1988,2440.0,6.6,11.0,1.057,3.6,9.5,0.3,0.296
'260',22,03,1988,11800.0,3.9,12.0,0.847,3.1,0.0,1.6,0.000
'260',23,03,1988,4680.0,5.8,9.6,0.845,3.1,3.4,0.6,0.258
'260',24,03,1988,4000.0,2.9,11.0,0.704,5.1,5.0,0.5,0.083
'260',25,03,1988,3600.0,4.0,7.7,0.797,4.1,6.2,0.5,0.246
'260',26,03,1988,9640.0,5.9,10.0,0.780,5.7,2.1,1.3,0.117
'260',27,03,1988,7080.0,3.6,8.9,0.733,5.1,3.6,0.9,0.125
'260',28,03,1988,5070.0,0.7,7.7,0.752,2.6,2.8,0.6,0.442
'260',29,03,1988,4450.0,3.1,9.5,0.774,2.6,5.8,0.6,0.321
'260',30,03,1988,5580.0,2.9,11.8,0.781,3.1,5.5,0.7,0.188
'260',31,03,1988,6910.0,3.9,9.3,0.768,2.6,0.0,0.9,0.000
'260',01,04,1988,12180.0,1.6,11.8,0.630,2.1,0.0,1.6,0.000
'260',02,04,1988,16100.0,-0.2,13.6,0.612,1.0,0.0,2.1,0.000
'260',03,04,1988,13410.0,0.2,13.3,0.679,2.6,0.0,1.8,0.000
'260',04,04,1988,15040.0,4.3,11.6,0.789,4.6,0.0,2.0,0.000
'260',05,04,1988,12090.0,3.6,10.0,0.775,5.1,0.0,1.6,0.000
'260',06,04,1988,17610.0,3.4,13.8,0.832,5.1,0.0,2.5,0.000
'260',07,04,1988,15100.0,4.8,15.5,0.911,4.1,0.0,2.2,0.000
'260',08,04,1988,7370.0,4.6,11.1,0.824,3.6,0.0,1.0,0.000
'260',09,04,1988,9140.0,-1.7,7.1,0.541,2.1,4.3,1.1,0.362
'260',10,04,1988,17510.0,-2.3,9.9,0.537,4.6,0.0,2.2,0.000
'260',11,04,1988,9890.0,5.6,12.9,0.848,2.6,0.0,1.4,0.000
'260',12,04,1988,20030.0,2.0,14.4,0.703,4.6,0.0,2.8,0.000
'260',13,04,1988,18570.0,0.4,9.3,0.528,4.6,0.0,2.4,0.000
'260',14,04,1988,21080.0,-2.9,13.4,0.442,3.6,0.0,2.9,0.000
'260',15,04,1988,19490.0,6.6,17.8,0.755,3.1,0.0,3.0,0.000
'260',16,04,1988,9480.0,10.7,17.6,1.277,2.1,5.6,1.5,0.137
'260',17,04,1988,9520.0,6.2,17.6,1.199,2.1,0.0,1.5,0.000
'260',18,04,1988,20030.0,5.3,20.7,1.056,1.5,0.0,3.3,0.000
'260',19,04,1988,18090.0,13.2,24.3,1.382,2.1,0.8,3.2,0.017
'260',20,04,1988,7830.0,8.8,15.2,1.131,4.1,0.7,1.2,0.075
'260',21,04,1988,6980.0,7.8,12.9,1.076,3.6,0.0,1.0,0.000
'260',22,04,1988,21950.0,3.4,11.4,0.665,3.6,0.0,3.0,0.000
'260',23,04,1988,21010.0,0.4,9.6,0.469,5.1,0.0,2.6,0.000
'260',24,04,1988,24800.0,-1.4,10.5,0.388,4.1,0.0,3.1,0.000
'260',25,04,1988,22200.0,-0.8,10.0,0.498,3.6,0.0,2.8,0.000
'260',26,04,1988,16980.0,-1.5,12.0,0.593,1.5,0.0,2.3,0.000
'260',27,04,1988,22660.0,3.7,15.3,0.570,4.1,0.0,3.3,0.000
'260',28,04,1988,12270.0,3.7,14.1,0.808,2.6,1.3,1.7,0.037
'260',29,04,1988,14570.0,0.8,14.5,0.745,2.1,0.0,2.1,0.000
'260',30,04,1988,18610.0,5.4,20.7,0.814,2.1,0.0,3.0,0.000
'260',01,05,1988,16210.0,5.4,20.3,0.968,2.6,4.6,2.6,0.142
'260',02,05,1988,18510.0,8.9,19.4,1.099,3.1,3.4,2.9,0.029
'260',03,05,1988,9760.0,9.5,16.0,1.182,3.1,6.9,1.5,0.096
'260',04,05,1988,10800.0,10.0,15.7,1.127,4.1,1.4,1.7,0.062
'260',05,05,1988,13270.0,4.8,16.5,0.946,2.6,0.0,2.0,0.000
'260',06,05,1988,21510.0,2.9,19.1,0.818,2.6,0.0,3.4,0.000
'260',07,05,1988,21280.0,7.9,21.6,0.985,5.7,0.0,3.6,0.000
'260',08,05,1988,10070.0,14.7,19.9,1.197,4.6,0.0,1.7,0.000
'260',09,05,1988,14330.0,12.8,22.6,1.616,1.5,2.8,2.5,0.071
'260',10,05,1988,7680.0,8.1,15.7,1.254,2.1,2.4,1.2,0.112
'260',11,05,1988,22740.0,6.7,21.4,0.822,3.1,0.0,3.8,0.000
'260',12,05,1988,24670.0,10.0,23.1,0.896,4.6,0.0,4.3,0.000
'260',13,05,1988,25860.0,14.8,25.7,0.968,5.7,0.0,4.7,0.000
'260',14,05,1988,22090.0,12.5,25.1,0.914,5.1,0.0,4.0,0.000
'260',15,05,1988,23780.0,14.6,26.2,0.890,5.1,0.0,4.4,0.000
'260',16,05,1988,21440.0,12.6,25.9,1.054,3.6,0.0,3.9,0.000
'260',17,05,1988,25800.0,9.3,17.5,1.168,4.1,0.0,4.1,0.000
'260',18,05,1988,9730.0,7.4,13.4,0.794,2.1,0.0,1.4,0.000
'260',19,05,1988,6610.0,7.0,11.0,0.819,3.1,0.0,0.9,0.000
'260',20,05,1988,16870.0,2.5,13.3,0.729,2.1,1.2,2.4,0.058
'260',21,05,1988,21270.0,0.5,16.2,0.593,1.5,0.0,3.1,0.000
'260',22,05,1988,23880.0,3.6,18.4,0.696,2.6,0.0,3.7,0.000
'260',23,05,1988,24540.0,6.5,21.7,0.807,4.6,0.2,4.1,0.033
'260',24,05,1988,22020.0,10.7,19.8,1.180,2.6,2.1,3.7,0.121
'260',25,05,1988,22480.0,10.0,25.4,1.167,2.6,0.0,4.0,0.000
'260',26,05,1988,16050.0,13.5,26.5,1.627,2.6,2.0,2.9,0.054
'260',27,05,1988,6570.0,12.5,16.4,1.496,2.6,10.0,1.1,0.275
'260',28,05,1988,4050.0,11.8,15.3,1.316,1.5,0.5,0.6,0.042
'260',29,05,1988,13010.0,10.0,15.7,1.208,3.1,3.7,2.0,0.104
'260',30,05,1988,14330.0,9.0,16.7,1.100,4.1,1.1,2.3,0.058
'260',31,05,1988,8010.0,9.8,14.3,1.093,4.1,4.2,1.2,0.196
'260',01,06,1988,19320.0,10.3,17.4,1.163,3.6,0.0,3.1,0.000
'260',02,06,1988,13610.0,11.2,18.3,1.347,3.6,0.3,2.2,0.054
'260',03,06,1988,21570.0,10.6,18.1,1.111,3.6,0.0,3.6,0.000
'260',04,06,1988,11650.0,9.3,16.1,1.176,3.1,7.4,1.8,0.129
'260',05,06,1988,19440.0,8.7,15.9,1.078,3.1,0.2,3.0,0.017
'260',06,06,1988,15900.0,9.4,14.9,1.048,3.1,0.0,2.5,0.000
'260',07,06,1988,9060.0,7.4,14.7,1.065,2.6,0.3,1.4,0.046
'260',08,06,1988,10350.0,9.0,18.4,1.357,1.5,0.0,1.7,0.000
'260',09,06,1988,9860.0,9.0,18.3,1.289,1.5,0.1,1.6,0.012
'260',10,06,1988,7400.0,11.7,19.7,1.583,1.5,0.0,1.2,0.000
'260',11,06,1988,10020.0,11.2,19.1,1.319,3.6,0.0,1.6,0.000
'260',12,06,1988,29260.0,9.6,21.7,1.125,5.7,0.0,4.9,0.000
'260',13,06,1988,29150.0,9.5,24.8,0.915,3.1,0.0,5.1,0.000
'260',14,06,1988,28710.0,7.4,21.6,0.992,2.6,0.0,4.8,0.000
'260',15,06,1988,11940.0,13.7,19.2,1.410,2.6,0.0,2.0,0.000
'260',16,06,1988,11700.0,12.5,17.3,1.143,2.6,0.0,1.9,0.000
'260',17,06,1988,22270.0,12.5,21.2,1.235,3.1,0.0,3.8,0.000
'260',18,06,1988,11230.0,9.5,17.5,1.148,3.1,0.0,1.8,0.000
'260',19,06,1988,12320.0,10.8,16.0,1.154,2.6,0.0,2.0,0.000
'260',20,06,1988,19780.0,12.4,20.1,1.347,2.1,0.0,3.3,0.000
'260',21,06,1988,16190.0,10.4,23.2,1.451,2.1,0.0,2.8,0.000
'260',22,06,1988,19110.0,7.8,17.9,1.036,3.1,1.2,3.1,0.050
'260',23,06,1988,12740.0,6.4,18.8,1.108,2.6,0.0,2.0,0.000
'260',24,06,1988,5680.0,12.9,16.4,1.408,2.6,0.0,0.9,0.000
'260',25,06,1988,11160.0,12.9,20.0,1.483,3.1,0.0,1.9,0.000
'260',26,06,1988,4890.0,13.4,16.5,1.492,2.1,0.2,0.8,0.004
'260',27,06,1988,15820.0,12.1,21.5,1.481,2.6,0.0,2.7,0.000
'260',28,06,1988,14160.0,12.1,20.9,1.539,2.1,0.0,2.4,0.000
'260',29,06,1988,11310.0,10.0,20.7,1.377,2.1,0.0,1.9,0.000
'260',30,06,1988,14510.0,9.1,26.4,1.547,2.1,14.0,2.5,0.062
'260',01,07,1988,8250.0,12.6,21.3,1.658,2.6,13.5,1.4,0.175
'260',02,07,1988,12880.0,10.6,17.5,1.211,3.1,2.6,2.1,0.088
'260',03,07,1988,11060.0,11.0,18.0,1.390,4.1,21.3,1.8,0.350
'260',04,07,1988,13280.0,14.1,21.5,1.497,4.1,7.2,2.3,0.058
'260',05,07,1988,8590.0,12.7,19.5,1.506,1.5,5.5,1.4,0.208
'260',06,07,1988,15410.0,12.2,21.7,1.382,3.1,3.9,2.6,0.042
'260',07,07,1988,16380.0,13.4,20.3,1.402,3.1,4.2,2.8,0.075
'260',08,07,1988,14530.0,12.7,18.7,1.327,3.1,7.5,2.4,0.121
'260',09,07,1988,18040.0,11.5,19.1,1.189,3.6,0.1,3.0,0.012
'260',10,07,1988,25640.0,11.3,24.8,1.448,3.1,0.0,4.5,0.000
'260',11,07,1988,18190.0,13.4,21.3,1.374,3.1,1.4,3.1,0.104
'260',12,07,1988,18360.0,11.7,20.1,1.324,3.1,0.0,3.1,0.000
'260',13,07,1988,4520.0,11.0,16.9,1.416,2.6,7.7,0.7,0.217
'260',14,07,1988,11340.0,12.9,18.4,1.484,3.6,3.2,1.9,0.046
'260',15,07,1988,7320.0,12.9,18.3,1.510,4.1,6.7,1.2,0.233
'260',16,07,1988,2540.0,12.6,14.0,1.419,4.6,11.4,0.4,0.729
'260',17,07,1988,7250.0,11.9,16.7,1.474,2.1,2.3,1.2,0.217
'260',18,07,1988,5910.0,12.5,16.7,1.366,2.6,2.1,1.0,0.075
'260',19,07,1988,15910.0,10.3,19.7,1.366,2.6,0.0,2.6,0.000
'260',20,07,1988,8620.0,10.3,20.2,1.484,1.5,0.0,1.5,0.000
'260',21,07,1988,7970.0,15.0,21.3,1.773,2.1,2.9,1.4,0.171
'260',22,07,1988,5870.0,17.8,22.3,2.028,4.1,12.2,1.1,0.196
'260',23,07,1988,16540.0,18.1,28.0,2.225,3.1,11.5,3.1,0.250
'260',24,07,1988,19620.0,14.0,20.8,1.402,4.1,2.0,3.4,0.129
'260',25,07,1988,21120.0,11.9,23.2,1.373,3.6,0.5,3.7,0.008
'260',26,07,1988,5240.0,13.0,17.5,1.519,2.1,7.1,0.9,0.308
'260',27,07,1988,20920.0,11.1,20.2,1.245,2.6,0.5,3.5,0.017
'260',28,07,1988,14600.0,11.7,20.6,1.265,2.6,2.3,2.5,0.046
'260',29,07,1988,21830.0,13.6,18.9,1.244,5.1,0.8,3.7,0.046
'260',30,07,1988,22570.0,12.1,20.0,1.131,4.1,0.0,3.8,0.000
'260',31,07,1988,17810.0,11.7,20.1,1.340,3.1,0.0,3.0,0.000
'260',01,08,1988,20170.0,10.6,22.1,1.285,2.1,0.0,3.4,0.000
'260',02,08,1988,14220.0,11.8,19.7,1.218,1.5,3.9,2.3,0.175
'260',03,08,1988,22700.0,8.8,20.4,1.166,1.5,0.0,3.7,0.000
'260',04,08,1988,10410.0,9.6,19.4,1.278,2.6,0.2,1.8,0.008
'260',05,08,1988,17690.0,12.6,22.7,1.543,2.1,0.0,3.1,0.000
'260',06,08,1988,20240.0,11.0,25.6,1.592,1.5,0.0,3.6,0.000
'260',07,08,1988,21090.0,11.9,25.7,1.539,2.1,0.0,3.8,0.000
'260',08,08,1988,19520.0,15.5,25.6,1.845,2.6,0.0,3.5,0.000
'260',09,08,1988,15000.0,13.1,23.9,1.807,1.5,0.0,2.7,0.000
'260',10,08,1988,13380.0,15.9,26.1,1.866,1.5,11.5,2.4,0.083
'260',11,08,1988,15600.0,14.8,20.4,1.516,3.1,0.5,2.7,0.021
'260',12,08,1988,11130.0,14.7,20.9,1.490,4.1,0.1,1.9,0.004
'260',13,08,1988,19270.0,13.9,21.0,1.406,3.6,0.0,3.3,0.000
'260',14,08,1988,21560.0,13.6,26.7,1.567,2.6,0.0,3.9,0.000
'260',15,08,1988,13030.0,9.5,19.8,1.269,2.6,0.0,2.2,0.000
'260',16,08,1988,18930.0,8.0,22.3,1.183,1.5,0.0,3.1,0.000
'260',17,08,1988,21600.0,6.9,22.5,1.152,1.0,0.0,3.6,0.000
'260',18,08,1988,19470.0,10.6,27.1,1.482,2.6,0.0,3.6,0.000
'260',19,08,1988,11410.0,15.1,22.5,1.594,4.6,2.0,2.0,0.058
'260',20,08,1988,14340.0,12.7,20.2,1.538,4.6,5.1,2.4,0.046
'260',21,08,1988,8470.0,13.3,18.7,1.510,3.6,9.4,1.4,0.208
'260',22,08,1988,16460.0,11.9,19.1,1.244,3.1,2.1,2.7,0.058
'260',23,08,1988,9400.0,11.2,17.5,1.262,2.1,0.0,1.5,0.000
'260',24,08,1988,5450.0,10.3,17.7,1.367,2.6,3.0,0.9,0.092
'260',25,08,1988,11860.0,12.3,16.7,1.340,3.6,20.6,1.9,0.188
'260',26,08,1988,18730.0,10.4,19.0,1.205,3.6,0.0,3.1,0.000
'260',27,08,1988,5660.0,11.3,22.3,1.733,2.1,2.1,1.0,0.096
'260',28,08,1988,13910.0,15.1,26.7,2.015,3.6,0.2,2.5,0.017
'260',29,08,1988,15590.0,11.6,19.0,1.252,3.1,0.2,2.6,0.004
'260',30,08,1988,11750.0,11.4,20.1,1.334,3.1,0.0,1.9,0.000
'260',31,08,1988,12610.0,11.3,21.9,1.286,2.6,0.9,2.1,0.017
'260',01,09,1988,5230.0,10.9,19.2,1.422,3.6,7.4,0.9,0.183
'260',02,09,1988,9690.0,11.4,17.7,1.201,5.1,0.2,1.6,0.008
'260',03,09,1988,7480.0,10.1,16.3,1.217,2.6,0.0,1.2,0.000
'260',04,09,1988,16420.0,9.7,19.5,1.162,2.1,0.0,2.6,0.000
'260',05,09,1988,6010.0,9.3,19.2,1.387,1.5,11.5,1.0,0.092
'260',06,09,1988,16230.0,9.3,21.9,1.308,1.0,0.0,2.7,0.000
'260',07,09,1988,17450.0,10.9,21.9,1.217,2.6,0.0,3.0,0.000
'260',08,09,1988,18160.0,10.9,21.3,1.157,3.1,0.0,3.1,0.000
'260',09,09,1988,17020.0,10.1,24.8,1.247,1.5,0.0,2.9,0.000
'260',10,09,1988,6160.0,12.2,18.3,1.415,1.0,0.0,1.0,0.000
'260',11,09,1988,6420.0,8.3,18.7,1.329,2.6,0.6,1.0,0.017
'260',12,09,1988,6080.0,7.3,16.0,1.115,3.6,7.6,0.9,0.133
'260',13,09,1988,12580.0,10.3,16.8,1.172,3.6,7.7,2.0,0.150
'260',14,09,1988,12100.0,9.5,17.3,1.234,3.6,2.6,1.9,0.075
'260',15,09,1988,9190.0,10.0,17.0,1.247,2.6,2.6,1.5,0.121
'260',16,09,1988,3550.0,11.8,15.0,1.343,2.1,3.8,0.6,0.212
'260',17,09,1988,6280.0,11.5,17.0,1.332,2.6,0.3,1.0,0.025
'260',18,09,1988,5090.0,12.5,17.8,1.409,2.1,0.1,0.8,0.004
'260',19,09,1988,7400.0,13.0,17.7,1.435,1.5,0.0,1.2,0.000
'260',20,09,1988,4780.0,12.3,15.8,1.265,1.0,0.0,0.8,0.000
'260',21,09,1988,7840.0,11.0,17.1,1.277,1.0,0.0,1.2,0.000
'260',22,09,1988,10010.0,9.5,20.4,1.439,2.6,0.0,1.6,0.000
'260',23,09,1988,5580.0,11.3,15.9,1.111,6.2,5.6,0.9,0.121
'260',24,09,1988,2450.0,10.2,14.0,1.107,4.1,17.7,0.4,0.533
'260',25,09,1988,5160.0,9.1,16.9,1.396,2.6,0.9,0.8,0.054
'260',26,09,1988,2360.0,15.2,16.7,1.599,6.2,4.0,0.4,0.163
'260',27,09,1988,1950.0,15.0,16.7,1.654,4.6,5.6,0.3,0.263
'260',28,09,1988,4580.0,11.3,17.7,1.304,6.2,4.5,0.8,0.192
'260',29,09,1988,10790.0,5.8,15.3,0.928,4.1,2.9,1.6,0.067
'260',30,09,1988,9440.0,3.0,14.1,0.813,1.0,0.0,1.3,0.000
'260',01,10,1988,11550.0,1.2,15.1,0.762,1.5,0.0,1.6,0.000
'260',02,10,1988,11730.0,4.7,18.1,0.981,1.5,0.0,1.8,0.000
'260',03,10,1988,6930.0,5.3,15.8,1.101,1.5,0.0,1.1,0.000
'260',04,10,1988,9960.0,8.2,17.5,1.258,1.5,0.0,1.6,0.000
'260',05,10,1988,4680.0,9.0,15.9,1.201,3.1,2.8,0.7,0.104
'260',06,10,1988,1500.0,9.2,13.8,1.180,4.6,13.6,0.2,0.371
'260',07,10,1988,5310.0,8.5,13.6,0.926,6.7,6.9,0.8,0.233
'260',08,10,1988,8120.0,8.5,13.4,0.967,6.2,7.4,1.2,0.321
'260',09,10,1988,1290.0,11.2,14.5,1.307,6.2,16.6,0.2,0.504
'260',10,10,1988,10750.0,5.0,14.0,0.814,4.1,2.4,1.6,0.037
'260',11,10,1988,5750.0,2.8,12.3,0.874,3.6,0.3,0.8,0.042
'260',12,10,1988,4230.0,9.4,14.4,1.239,2.6,0.0,0.7,0.000
'260',13,10,1988,8180.0,7.1,15.0,1.103,2.1,0.0,1.2,0.000
'260',14,10,1988,9290.0,6.3,19.5,1.180,2.1,0.0,1.5,0.000
'260',15,10,1988,1790.0,12.8,14.7,1.431,3.1,0.0,0.3,0.000
'260',16,10,1988,2480.0,10.0,13.9,1.227,3.6,0.0,0.4,0.000
'260',17,10,1988,3490.0,9.4,13.6,1.170,4.1,0.0,0.5,0.000
'260',18,10,1988,4720.0,9.7,14.9,1.287,4.6,0.0,0.7,0.000
'260',19,10,1988,1820.0,10.2,13.7,1.273,4.1,2.2,0.3,0.096
'260',20,10,1988,2390.0,9.3,14.3,1.294,1.5,2.6,0.4,0.229
'260',21,10,1988,1610.0,12.7,14.5,1.446,2.1,0.3,0.3,0.042
'260',22,10,1988,6810.0,7.9,15.4,1.184,1.0,0.0,1.0,0.000
'260',23,10,1988,3810.0,6.6,12.9,1.063,1.5,0.0,0.6,0.000
'260',24,10,1988,1990.0,9.3,13.4,1.256,1.0,1.8,0.3,0.046
'260',25,10,1988,2580.0,9.0,12.9,1.206,2.1,0.0,0.4,0.000
'260',26,10,1988,4660.0,9.1,14.5,1.180,4.6,0.0,0.7,0.000
'260',27,10,1988,5170.0,10.6,18.8,1.282,5.1,0.0,0.8,0.000
'260',28,10,1988,3930.0,4.8,14.6,1.016,3.6,0.0,0.6,0.000
'260',29,10,1988,6630.0,1.8,11.0,0.699,1.5,0.3,0.9,0.008
'260',30,10,1988,5270.0,0.0,9.8,0.681,1.0,0.0,0.6,0.000
'260',31,10,1988,3080.0,0.1,10.6,0.742,1.5,1.3,0.4,0.042
'260',01,11,1988,6230.0,2.7,11.8,0.828,3.1,0.1,0.9,0.004
'260',02,11,1988,6000.0,-0.8,11.1,0.666,2.6,1.7,0.8,0.033
'260',03,11,1988,7520.0,-3.4,7.0,0.496,2.1,0.0,0.8,0.000
'260',04,11,1988,7420.0,-3.1,4.8,0.429,4.1,0.0,0.8,0.000
'260',05,11,1988,6620.0,-3.6,6.5,0.441,1.5,0.0,0.7,0.000
'260',06,11,1988,3250.0,-0.1,9.0,0.739,1.5,0.0,0.4,0.000
'260',07,11,1988,2530.0,-1.5,4.1,0.663,2.6,0.0,0.3,0.000
'260',08,11,1988,5600.0,2.2,10.6,0.712,5.7,0.0,0.7,0.000
'260',09,11,1988,3410.0,5.4,11.3,0.886,4.1,1.9,0.5,0.067
'260',10,11,1988,1300.0,10.1,14.1,1.239,3.1,0.1,0.2,0.033
'260',11,11,1988,710.0,12.0,14.0,1.406,2.1,1.3,0.1,0.133
'260',12,11,1988,660.0,9.3,12.4,1.248,2.1,14.1,0.1,0.242
'260',13,11,1988,4550.0,5.3,11.5,0.869,3.1,0.2,0.6,0.004
'260',14,11,1988,2700.0,4.9,11.9,0.977,2.6,0.0,0.4,0.000
'260',15,11,1988,1880.0,4.3,11.9,0.952,1.5,0.1,0.3,0.004
'260',16,11,1988,4170.0,1.9,12.0,0.897,1.5,0.0,0.5,0.000
'260',17,11,1988,3400.0,2.5,9.2,0.837,3.6,0.8,0.4,0.033
'260',18,11,1988,1610.0,5.4,12.0,0.924,4.6,1.4,0.2,0.079
'260',19,11,1988,2950.0,3.1,8.9,0.786,1.5,1.7,0.4,0.117
'260',20,11,1988,2810.0,-1.7,5.1,0.588,2.6,2.3,0.3,0.088
'260',21,11,1988,4670.0,-5.3,4.4,0.457,1.5,0.0,0.5,0.000
'260',22,11,1988,2230.0,-6.3,6.4,0.559,3.1,1.4,0.3,0.096
'260',23,11,1988,1900.0,3.2,8.7,0.825,1.0,0.6,0.2,0.021
'260',24,11,1988,1470.0,5.7,8.6,0.869,1.5,0.0,0.2,0.000
'260',25,11,1988,1900.0,5.6,10.2,0.810,1.5,0.0,0.3,0.000
'260',26,11,1988,1680.0,5.3,8.8,0.796,1.5,0.0,0.2,0.000
'260',27,11,1988,2780.0,4.7,10.3,0.878,1.5,0.1,0.4,0.033
'260',28,11,1988,710.0,4.0,8.2,0.789,6.7,0.1,0.1,0.017
'260',29,11,1988,3230.0,1.7,10.7,0.690,4.1,0.2,0.4,0.017
'260',30,11,1988,410.0,3.9,11.6,0.973,4.1,23.2,0.1,0.442
'260',01,12,1988,540.0,-0.9,4.6,0.669,4.6,2.7,0.1,0.329
'260',02,12,1988,640.0,-1.0,1.2,0.587,2.6,0.0,0.1,0.000
'260',03,12,1988,800.0,0.4,7.0,0.722,3.6,2.9,0.1,0.083
'260',04,12,1988,680.0,6.3,9.0,0.855,5.7,9.3,0.1,0.325
'260',05,12,1988,2060.0,3.9,8.4,0.749,5.1,3.9,0.3,0.088
'260',06,12,1988,2250.0,2.7,8.1,0.710,4.6,8.3,0.3,0.254
'260',07,12,1988,2390.0,2.0,8.0,0.757,2.1,0.3,0.3,0.012
'260',08,12,1988,1460.0,1.6,9.0,0.831,3.1,2.5,0.2,0.129
'260',09,12,1988,2180.0,5.1,9.9,0.902,2.1,3.3,0.3,0.263
'260',10,12,1988,1060.0,9.3,10.9,1.123,3.6,1.0,0.2,0.104
'260',11,12,1988,780.0,8.3,10.0,0.958,4.6,0.3,0.1,0.021
'260',12,12,1988,2520.0,4.9,9.6,0.809,4.1,1.1,0.3,0.021
'260',13,12,1988,870.0,6.5,9.2,0.896,3.1,0.0,0.1,0.000
'260',14,12,1988,980.0,4.9,8.2,0.818,2.6,0.3,0.1,0.079
'260',15,12,1988,770.0,5.7,8.4,0.960,3.1,2.7,0.1,0.554
'260',16,12,1988,350.0,4.9,6.8,0.869,2.1,2.5,0.0,0.413
'260',17,12,1988,2230.0,1.4,8.6,0.791,2.1,0.8,0.3,0.037
'260',18,12,1988,950.0,4.8,10.3,0.939,5.1,11.8,0.1,0.246
'260',19,12,1988,1190.0,5.0,10.9,0.901,6.7,10.5,0.2,0.342
'260',20,12,1988,1870.0,2.6,8.3,0.700,2.6,0.1,0.2,0.004
'260',21,12,1988,530.0,4.5,10.1,0.965,4.1,1.4,0.1,0.125
'260',22,12,1988,870.0,8.6,9.9,0.996,6.2,0.0,0.1,0.000
'260',23,12,1988,400.0,8.1,11.1,0.953,7.7,0.8,0.1,0.042
'260',24,12,1988,1250.0,3.8,9.9,0.802,4.6,1.5,0.2,0.075
'260',25,12,1988,1200.0,4.3,10.7,0.975,2.6,0.2,0.2,0.017
'260',26,12,1988,1990.0,8.6,11.3,1.016,4.6,0.0,0.3,0.000
'260',27,12,1988,2730.0,6.1,11.0,0.962,4.1,1.9,0.4,0.071
'260',28,12,1988,800.0,6.8,11.2,1.068,2.6,0.0,0.1,0.000
'260',29,12,1988,790.0,5.7,9.1,0.945,3.1,0.0,0.1,0.000
'260',30,12,1988,470.0,4.8,6.6,0.879,3.1,0.0,0.1,0.000
'260',31,12,1988,930.0,6.1,8.4,0.953,2.1,0.0,0.1,0.000
