* Source of data    : Royal Netherlands Meterological Institute (www.knmi.nl)
* File content      : Meteo from www.knmi.nl; input file for Swap 3.2 (www.swap.alterra.nl)
* File generated by : Alterra - Wageningen-UR (www.alterra.wur.nl)
* File generated at : 2017-02-27 11:38:43
Station,DD,MM,YYYY,Rad,Tmin,Tmax,Hum,Wind,Rain,ETref,Wet
'260',01,01,1985,890.0,0.5,6.3,0.648,5.7,5.9,0.1,0.229
'260',02,01,1985,2240.0,-3.8,1.4,0.472,2.6,0.0,0.2,0.000
'260',03,01,1985,1990.0,-3.5,1.1,0.520,2.1,1.0,0.2,0.083
'260',04,01,1985,3020.0,-13.3,-3.5,0.281,2.1,0.0,0.2,0.000
'260',05,01,1985,4710.0,-14.4,-4.8,0.255,1.5,0.0,0.3,0.000
'260',06,01,1985,1350.0,-12.6,-5.3,0.297,4.6,1.2,0.1,0.083
'260',07,01,1985,4650.0,-17.3,-9.1,0.183,4.1,0.0,0.3,0.000
'260',08,01,1985,2600.0,-18.3,-4.0,0.241,3.1,0.4,0.2,0.037
'260',09,01,1985,870.0,-8.5,-0.4,0.365,5.1,1.4,0.1,0.121
'260',10,01,1985,1340.0,-15.6,-3.0,0.311,2.1,0.7,0.1,0.083
'260',11,01,1985,2150.0,-7.6,-2.8,0.408,2.1,0.0,0.2,0.000
'260',12,01,1985,2430.0,-7.9,2.4,0.454,4.1,0.5,0.2,0.075
'260',13,01,1985,4380.0,-11.2,-6.0,0.299,3.1,0.0,0.3,0.000
'260',14,01,1985,2500.0,-12.4,-3.4,0.315,3.6,0.0,0.2,0.000
'260',15,01,1985,2820.0,-11.2,-8.2,0.257,3.6,0.0,0.2,0.000
'260',16,01,1985,1910.0,-13.4,-6.4,0.269,1.0,0.0,0.1,0.000
'260',17,01,1985,2310.0,-9.7,-4.1,0.339,1.0,0.5,0.2,0.125
'260',18,01,1985,3690.0,-11.9,-6.1,0.278,2.6,0.0,0.3,0.000
'260',19,01,1985,1530.0,-9.9,-5.1,0.324,2.6,0.0,0.1,0.000
'260',20,01,1985,980.0,-8.2,-3.0,0.396,2.1,0.0,0.1,0.000
'260',21,01,1985,1530.0,-3.7,5.5,0.636,4.6,3.5,0.2,0.175
'260',22,01,1985,1340.0,0.2,6.7,0.678,5.1,6.0,0.2,0.300
'260',23,01,1985,3350.0,-1.0,3.6,0.585,4.1,0.1,0.4,0.012
'260',24,01,1985,3650.0,-1.2,3.6,0.589,5.7,5.9,0.4,0.292
'260',25,01,1985,790.0,1.5,5.1,0.750,5.1,2.1,0.1,0.171
'260',26,01,1985,1340.0,-1.9,2.5,0.595,2.6,3.0,0.1,0.221
'260',27,01,1985,7220.0,-4.2,2.9,0.513,2.1,0.0,0.8,0.000
'260',28,01,1985,4670.0,-1.5,2.4,0.539,4.6,0.0,0.5,0.000
'260',29,01,1985,2080.0,1.0,8.9,0.813,4.6,3.5,0.3,0.104
'260',30,01,1985,5490.0,4.2,9.2,0.872,4.1,2.4,0.7,0.083
'260',31,01,1985,1500.0,5.6,8.7,0.831,6.2,1.9,0.2,0.088
'260',01,02,1985,2460.0,6.8,11.6,1.046,5.7,1.0,0.3,0.088
'260',02,02,1985,5280.0,3.2,9.9,0.787,5.7,0.0,0.7,0.000
'260',03,02,1985,6530.0,-0.1,7.8,0.625,1.5,0.0,0.8,0.000
'260',04,02,1985,6160.0,-1.7,8.9,0.578,2.6,0.0,0.7,0.000
'260',05,02,1985,6890.0,-2.6,9.3,0.449,1.5,0.0,0.8,0.000
'260',06,02,1985,2840.0,-2.3,5.6,0.613,1.0,0.0,0.3,0.000
'260',07,02,1985,7410.0,-4.0,2.2,0.455,3.1,0.0,0.8,0.000
'260',08,02,1985,2230.0,-3.8,0.0,0.360,7.2,0.1,0.2,0.042
'260',09,02,1985,3900.0,-6.6,-3.0,0.310,7.2,0.0,0.3,0.000
'260',10,02,1985,8830.0,-9.5,-3.6,0.262,6.2,0.0,0.7,0.000
'260',11,02,1985,9090.0,-9.1,-3.2,0.238,5.1,0.0,0.7,0.000
'260',12,02,1985,8950.0,-11.4,-1.9,0.211,4.6,0.0,0.7,0.000
'260',13,02,1985,8580.0,-11.0,0.2,0.237,3.1,0.0,0.7,0.000
'260',14,02,1985,8200.0,-11.2,0.6,0.283,4.1,0.0,0.7,0.000
'260',15,02,1985,10070.0,-11.8,-0.4,0.196,2.6,0.0,0.8,0.000
'260',16,02,1985,7360.0,-9.4,5.0,0.419,1.0,0.0,0.7,0.000
'260',17,02,1985,4510.0,-5.5,2.5,0.460,3.1,0.0,0.4,0.000
'260',18,02,1985,10290.0,-9.8,-0.9,0.256,3.6,0.0,0.9,0.000
'260',19,02,1985,10890.0,-13.9,0.6,0.200,2.6,0.0,0.9,0.000
'260',20,02,1985,3210.0,-7.4,0.7,0.270,3.1,0.0,0.3,0.000
'260',21,02,1985,2900.0,-0.2,4.3,0.558,1.5,0.3,0.3,0.042
'260',22,02,1985,2010.0,0.7,2.9,0.611,1.5,0.1,0.2,0.037
'260',23,02,1985,3200.0,-0.9,4.0,0.584,3.6,0.4,0.4,0.083
'260',24,02,1985,9640.0,-2.1,11.0,0.682,2.1,0.0,1.2,0.000
'260',25,02,1985,7920.0,-2.3,12.7,0.566,2.1,0.0,1.0,0.000
'260',26,02,1985,6500.0,-0.5,8.2,0.656,2.6,0.0,0.8,0.000
'260',27,02,1985,2740.0,-0.3,2.9,0.660,1.0,0.0,0.3,0.000
'260',28,02,1985,1840.0,0.4,2.4,0.623,1.5,0.0,0.2,0.000
'260',01,03,1985,3330.0,-0.8,5.4,0.701,3.1,2.0,0.4,0.083
'260',02,03,1985,2500.0,3.2,6.7,0.780,3.1,0.2,0.3,0.042
'260',03,03,1985,6040.0,2.0,10.3,0.807,4.6,1.1,0.8,0.075
'260',04,03,1985,2330.0,3.5,8.7,0.899,3.1,5.0,0.3,0.358
'260',05,03,1985,8340.0,0.4,10.2,0.762,1.5,0.0,1.0,0.000
'260',06,03,1985,6000.0,-0.1,6.6,0.722,1.5,0.0,0.7,0.000
'260',07,03,1985,3850.0,0.5,4.6,0.690,1.5,0.0,0.4,0.000
'260',08,03,1985,5680.0,2.6,10.5,0.819,2.6,0.0,0.7,0.000
'260',09,03,1985,4560.0,0.6,7.8,0.716,1.0,0.0,0.6,0.000
'260',10,03,1985,10210.0,-2.2,10.4,0.670,2.6,2.3,1.3,0.167
'260',11,03,1985,10800.0,2.0,8.1,0.683,6.2,0.1,1.3,0.004
'260',12,03,1985,11740.0,-1.0,7.1,0.576,2.1,0.0,1.4,0.000
'260',13,03,1985,5740.0,-1.4,4.6,0.632,2.1,1.9,0.6,0.167
'260',14,03,1985,8370.0,0.5,7.0,0.677,3.6,0.2,1.0,0.042
'260',15,03,1985,9530.0,-1.7,5.5,0.556,2.6,4.1,1.1,0.112
'260',16,03,1985,8950.0,-0.8,5.8,0.550,4.1,0.0,1.0,0.000
'260',17,03,1985,10610.0,-1.4,3.8,0.510,5.7,0.0,1.2,0.000
'260',18,03,1985,12830.0,-2.9,5.2,0.434,3.6,0.0,1.4,0.000
'260',19,03,1985,4670.0,-3.3,0.9,0.526,2.6,0.4,0.5,0.083
'260',20,03,1985,4110.0,-1.4,2.5,0.586,2.1,1.4,0.4,0.254
'260',21,03,1985,14140.0,-2.3,11.1,0.567,4.6,0.0,1.7,0.000
'260',22,03,1985,9410.0,3.8,10.9,0.732,5.1,0.0,1.3,0.000
'260',23,03,1985,4030.0,4.6,7.9,0.830,3.6,1.0,0.5,0.221
'260',24,03,1985,6190.0,3.7,9.4,0.818,4.1,1.8,0.8,0.046
'260',25,03,1985,7500.0,3.1,10.6,0.750,3.6,1.7,1.0,0.079
'260',26,03,1985,4810.0,4.8,9.2,0.901,2.6,7.6,0.6,0.325
'260',27,03,1985,8160.0,1.5,8.6,0.711,5.1,0.0,1.0,0.000
'260',28,03,1985,8930.0,1.8,6.3,0.650,4.1,0.5,1.1,0.042
'260',29,03,1985,4990.0,4.9,8.1,0.691,7.2,0.1,0.7,0.012
'260',30,03,1985,2170.0,7.2,11.2,0.958,7.2,3.6,0.3,0.263
'260',31,03,1985,7410.0,8.8,13.6,1.032,5.1,8.6,1.1,0.333
'260',01,04,1985,6710.0,8.2,18.4,1.125,5.7,6.8,1.1,0.267
'260',02,04,1985,9220.0,6.3,12.8,0.936,6.7,4.0,1.4,0.133
'260',03,04,1985,11780.0,8.4,20.3,1.214,3.6,0.0,1.9,0.000
'260',04,04,1985,15360.0,9.8,20.0,1.247,2.6,0.0,2.6,0.000
'260',05,04,1985,3090.0,9.6,15.0,1.177,3.6,2.0,0.5,0.204
'260',06,04,1985,12510.0,6.2,15.7,0.965,3.1,6.9,1.9,0.167
'260',07,04,1985,7370.0,7.6,11.4,0.977,5.7,4.7,1.1,0.196
'260',08,04,1985,8430.0,8.3,13.6,0.936,8.2,0.3,1.2,0.012
'260',09,04,1985,9730.0,4.3,12.0,0.894,4.1,0.0,1.4,0.000
'260',10,04,1985,12250.0,3.0,12.2,0.841,2.1,0.0,1.6,0.000
'260',11,04,1985,5380.0,1.2,10.1,0.744,5.7,5.4,0.7,0.229
'260',12,04,1985,3420.0,4.6,7.9,0.849,5.1,6.0,0.4,0.263
'260',13,04,1985,8200.0,4.1,10.4,0.835,5.1,13.0,1.1,0.358
'260',14,04,1985,5910.0,5.5,9.3,0.913,5.1,8.1,0.8,0.371
'260',15,04,1985,13920.0,6.2,11.7,0.917,4.1,0.0,1.9,0.000
'260',16,04,1985,8180.0,4.8,13.9,1.065,2.6,1.2,1.2,0.137
'260',17,04,1985,12290.0,4.0,15.7,1.031,1.5,0.0,1.8,0.000
'260',18,04,1985,14960.0,3.5,17.0,0.935,2.6,0.0,2.3,0.000
'260',19,04,1985,20220.0,5.5,19.1,0.872,2.6,0.0,3.2,0.000
'260',20,04,1985,14520.0,1.2,11.2,0.716,3.6,0.0,2.0,0.000
'260',21,04,1985,22780.0,-0.8,14.4,0.641,3.1,0.0,3.2,0.000
'260',22,04,1985,21620.0,4.8,15.4,0.790,5.7,0.0,3.1,0.000
'260',23,04,1985,12800.0,2.7,9.7,0.631,5.7,0.0,1.7,0.000
'260',24,04,1985,22610.0,-1.7,10.7,0.541,2.6,0.0,2.9,0.000
'260',25,04,1985,12160.0,0.2,8.4,0.601,4.1,0.8,1.5,0.112
'260',26,04,1985,15820.0,-0.1,7.9,0.584,3.6,0.0,2.0,0.000
'260',27,04,1985,7700.0,1.7,7.4,0.664,5.7,5.4,1.0,0.288
'260',28,04,1985,17320.0,1.6,9.3,0.699,6.2,3.3,2.1,0.179
'260',29,04,1985,15970.0,1.5,9.9,0.646,3.1,0.0,2.0,0.000
'260',30,04,1985,6940.0,1.9,10.1,0.816,2.1,0.0,0.9,0.000
'260',01,05,1985,13320.0,5.2,10.2,0.827,5.1,2.0,1.9,0.075
'260',02,05,1985,8520.0,4.2,7.9,0.791,5.1,5.2,1.1,0.242
'260',03,05,1985,6630.0,4.1,9.3,0.767,1.5,0.0,0.9,0.000
'260',04,05,1985,6670.0,5.5,8.7,0.843,2.6,0.5,0.9,0.062
'260',05,05,1985,7280.0,5.8,13.1,0.907,3.6,0.0,1.1,0.000
'260',06,05,1985,16870.0,5.8,20.0,0.899,3.6,0.0,2.7,0.000
'260',07,05,1985,11750.0,9.2,20.6,1.211,5.1,0.0,2.0,0.000
'260',08,05,1985,17110.0,12.1,20.5,1.285,3.6,0.0,2.9,0.000
'260',09,05,1985,15450.0,7.5,16.9,1.202,2.6,0.0,2.3,0.000
'260',10,05,1985,3720.0,8.3,10.7,1.071,2.1,0.1,0.5,0.042
'260',11,05,1985,11410.0,8.8,15.3,1.103,3.6,0.0,1.7,0.000
'260',12,05,1985,18260.0,9.1,20.6,1.269,5.7,12.8,2.9,0.092
'260',13,05,1985,11260.0,8.7,18.4,1.261,2.1,0.0,1.8,0.000
'260',14,05,1985,6660.0,9.1,17.2,1.304,4.6,0.0,1.1,0.000
'260',15,05,1985,17260.0,8.3,19.2,1.110,2.1,0.0,2.8,0.000
'260',16,05,1985,14930.0,9.1,21.2,1.270,2.1,0.0,2.5,0.000
'260',17,05,1985,25530.0,10.4,20.8,1.163,4.6,0.0,4.3,0.000
'260',18,05,1985,22500.0,8.3,20.2,1.100,3.6,0.0,3.7,0.000
'260',19,05,1985,20370.0,9.8,23.8,1.363,3.1,3.6,3.5,0.083
'260',20,05,1985,9840.0,10.7,18.6,1.426,1.5,4.1,1.6,0.267
'260',21,05,1985,11660.0,9.2,21.4,1.321,1.5,8.6,1.9,0.079
'260',22,05,1985,5570.0,8.8,13.1,1.215,2.6,0.2,0.8,0.037
'260',23,05,1985,4980.0,6.4,11.7,1.024,2.1,0.0,0.7,0.000
'260',24,05,1985,14270.0,6.3,20.1,1.101,2.6,0.0,2.3,0.000
'260',25,05,1985,20250.0,12.0,22.7,1.362,2.1,0.0,3.5,0.000
'260',26,05,1985,26160.0,11.4,28.5,1.387,2.1,0.7,4.8,0.029
'260',27,05,1985,24530.0,13.7,29.0,1.477,3.6,0.0,4.5,0.000
'260',28,05,1985,20340.0,10.3,19.8,1.307,3.6,0.0,3.4,0.000
'260',29,05,1985,27850.0,7.0,17.0,0.922,4.1,0.0,4.3,0.000
'260',30,05,1985,30110.0,8.0,19.5,0.987,5.1,0.0,4.8,0.000
'260',31,05,1985,28420.0,7.2,21.1,1.081,4.1,0.0,4.7,0.000
'260',01,06,1985,26880.0,10.2,23.4,1.232,4.1,0.0,4.6,0.000
'260',02,06,1985,29710.0,10.1,25.2,1.169,4.1,0.0,5.2,0.000
'260',03,06,1985,28280.0,9.9,27.4,1.285,2.6,0.0,5.1,0.000
'260',04,06,1985,26900.0,11.2,29.5,1.395,2.1,5.1,5.1,0.067
'260',05,06,1985,4500.0,11.2,17.1,1.458,3.1,0.6,0.7,0.017
'260',06,06,1985,9190.0,11.7,18.7,1.529,1.5,1.8,1.5,0.071
'260',07,06,1985,11810.0,8.0,18.7,1.318,3.6,13.7,1.9,0.050
'260',08,06,1985,20250.0,7.6,14.1,0.904,3.6,0.3,3.0,0.029
'260',09,06,1985,10200.0,7.6,15.7,1.081,4.6,4.0,1.5,0.312
'260',10,06,1985,15980.0,8.4,14.7,1.120,4.1,1.1,2.4,0.025
'260',11,06,1985,12730.0,8.2,15.1,1.037,4.1,2.4,2.0,0.146
'260',12,06,1985,14460.0,9.3,14.9,1.000,5.1,11.5,2.2,0.221
'260',13,06,1985,11920.0,8.5,14.5,1.091,4.6,8.4,1.8,0.125
'260',14,06,1985,6980.0,5.2,12.8,0.952,1.0,9.6,1.0,0.333
'260',15,06,1985,22450.0,4.9,14.9,0.924,3.6,0.0,3.3,0.000
'260',16,06,1985,15550.0,3.5,14.3,0.849,2.1,2.3,2.3,0.012
'260',17,06,1985,22180.0,6.2,18.2,0.900,2.6,0.0,3.5,0.000
'260',18,06,1985,16490.0,9.7,19.3,1.107,2.1,0.0,2.7,0.000
'260',19,06,1985,8940.0,9.6,18.5,1.273,2.1,2.8,1.5,0.154
'260',20,06,1985,8180.0,11.9,16.7,1.476,2.1,5.2,1.3,0.521
'260',21,06,1985,16920.0,11.3,19.0,1.320,3.1,9.6,2.8,0.300
'260',22,06,1985,15360.0,10.5,18.0,1.283,2.6,2.9,2.5,0.075
'260',23,06,1985,10450.0,10.0,16.8,1.198,2.6,0.0,1.7,0.000
'260',24,06,1985,10220.0,9.4,18.4,1.378,2.1,2.5,1.7,0.092
'260',25,06,1985,17870.0,12.1,18.2,1.343,2.1,1.0,2.9,0.100
'260',26,06,1985,8250.0,9.5,15.4,1.290,2.1,7.0,1.3,0.263
'260',27,06,1985,16050.0,8.6,16.7,1.200,3.1,1.4,2.5,0.033
'260',28,06,1985,9680.0,10.5,16.7,1.259,3.6,0.0,1.6,0.000
'260',29,06,1985,5910.0,11.4,17.5,1.437,3.6,0.4,1.0,0.096
'260',30,06,1985,17860.0,12.4,20.1,1.487,2.6,0.0,3.0,0.000
'260',01,07,1985,15720.0,12.7,20.7,1.508,2.1,1.9,2.7,0.146
'260',02,07,1985,21710.0,11.5,21.4,1.316,1.5,0.0,3.7,0.000
'260',03,07,1985,25760.0,11.0,24.2,1.377,2.6,0.0,4.6,0.000
'260',04,07,1985,27620.0,13.5,27.2,1.356,3.6,0.0,5.2,0.000
'260',05,07,1985,20630.0,16.6,27.6,2.013,2.1,0.0,3.9,0.000
'260',06,07,1985,19490.0,9.8,20.6,1.243,3.1,0.0,3.4,0.000
'260',07,07,1985,24220.0,7.8,20.7,1.103,2.1,0.0,4.0,0.000
'260',08,07,1985,17940.0,9.1,19.8,1.253,3.1,0.0,3.0,0.000
'260',09,07,1985,15850.0,13.0,21.6,1.557,3.1,0.4,2.7,0.017
'260',10,07,1985,17790.0,9.7,19.4,1.345,3.1,0.0,3.0,0.000
'260',11,07,1985,20610.0,8.9,22.5,1.265,2.6,0.0,3.6,0.000
'260',12,07,1985,17910.0,14.6,23.6,1.711,3.6,0.0,3.2,0.000
'260',13,07,1985,25870.0,14.1,28.5,1.516,1.5,0.0,4.8,0.000
'260',14,07,1985,19420.0,18.1,30.1,1.896,3.6,0.0,3.7,0.000
'260',15,07,1985,20320.0,12.1,20.7,1.174,3.1,0.0,3.5,0.000
'260',16,07,1985,6950.0,12.8,17.8,1.451,2.6,1.6,1.2,0.075
'260',17,07,1985,23630.0,8.6,23.9,1.271,2.1,0.0,4.1,0.000
'260',18,07,1985,11250.0,12.6,22.8,1.603,3.1,12.1,1.9,0.200
'260',19,07,1985,7620.0,12.2,18.9,1.443,3.6,6.6,1.3,0.112
'260',20,07,1985,16420.0,11.1,18.9,1.259,3.1,1.5,2.7,0.037
'260',21,07,1985,21090.0,10.8,18.9,1.144,3.6,0.0,3.5,0.000
'260',22,07,1985,3070.0,11.6,18.2,1.526,5.7,5.9,0.5,0.238
'260',23,07,1985,19490.0,10.5,21.0,1.306,2.6,0.0,3.3,0.000
'260',24,07,1985,24210.0,8.9,25.6,1.391,1.5,0.0,4.3,0.000
'260',25,07,1985,23550.0,13.8,27.2,1.621,2.6,0.0,4.4,0.000
'260',26,07,1985,5080.0,16.6,23.0,2.087,2.6,4.6,0.9,0.171
'260',27,07,1985,14720.0,15.0,20.9,1.575,4.6,0.0,2.6,0.000
'260',28,07,1985,9030.0,14.0,22.4,1.747,2.1,14.0,1.6,0.096
'260',29,07,1985,12770.0,13.9,21.5,1.612,4.1,16.9,2.2,0.188
'260',30,07,1985,3500.0,13.9,16.9,1.560,5.1,18.4,0.6,0.354
'260',31,07,1985,10350.0,11.6,20.2,1.488,2.6,0.0,1.7,0.000
'260',01,08,1985,9270.0,10.8,19.2,1.426,2.6,4.5,1.5,0.037
'260',02,08,1985,9950.0,10.8,18.6,1.378,4.1,0.8,1.7,0.042
'260',03,08,1985,16170.0,10.0,19.0,1.260,4.6,3.1,2.7,0.142
'260',04,08,1985,10320.0,11.4,17.0,1.322,4.6,8.7,1.7,0.179
'260',05,08,1985,8000.0,12.0,18.2,1.443,5.7,5.6,1.3,0.137
'260',06,08,1985,19690.0,10.4,18.5,1.229,3.1,0.0,3.2,0.000
'260',07,08,1985,17500.0,10.2,20.0,1.270,3.1,0.8,2.9,0.075
'260',08,08,1985,19210.0,13.5,20.4,1.418,3.1,0.0,3.3,0.000
'260',09,08,1985,16650.0,14.3,25.7,1.707,2.6,0.0,3.0,0.000
'260',10,08,1985,11400.0,11.1,17.6,1.409,3.6,8.5,1.9,0.175
'260',11,08,1985,16600.0,8.8,21.7,1.302,3.6,0.4,2.8,0.050
'260',12,08,1985,20380.0,11.0,20.7,1.340,3.6,0.0,3.4,0.000
'260',13,08,1985,20530.0,11.1,23.6,1.422,2.6,0.0,3.6,0.000
'260',14,08,1985,16160.0,13.5,27.9,1.836,2.6,15.0,2.9,0.050
'260',15,08,1985,18940.0,9.9,22.6,1.234,2.1,0.0,3.2,0.000
'260',16,08,1985,11040.0,10.5,20.4,1.431,1.5,1.8,1.8,0.033
'260',17,08,1985,7230.0,9.5,17.2,1.330,2.1,20.7,1.2,0.333
'260',18,08,1985,14400.0,8.8,20.7,1.323,1.5,0.0,2.4,0.000
'260',19,08,1985,8840.0,14.1,20.1,1.631,4.1,4.0,1.5,0.150
'260',20,08,1985,10360.0,14.1,20.3,1.566,3.6,1.7,1.8,0.083
'260',21,08,1985,19480.0,12.1,20.9,1.403,3.6,0.2,3.4,0.083
'260',22,08,1985,11140.0,12.9,20.0,1.485,2.6,5.1,1.9,0.092
'260',23,08,1985,9280.0,12.8,19.1,1.450,2.6,0.0,1.5,0.000
'260',24,08,1985,4470.0,12.4,16.6,1.459,4.1,1.4,0.7,0.212
'260',25,08,1985,15800.0,10.9,18.7,1.281,3.6,0.9,2.5,0.012
'260',26,08,1985,8440.0,8.9,16.8,1.288,2.6,1.8,1.3,0.033
'260',27,08,1985,17920.0,7.4,19.7,1.135,2.1,0.0,2.9,0.000
'260',28,08,1985,19930.0,10.3,23.4,1.391,1.5,0.0,3.4,0.000
'260',29,08,1985,17450.0,11.0,25.9,1.592,1.0,0.0,3.1,0.000
'260',30,08,1985,18720.0,12.9,25.1,1.486,2.1,0.0,3.3,0.000
'260',31,08,1985,7200.0,15.6,20.7,1.775,2.6,3.6,1.3,0.129
'260',01,09,1985,13660.0,11.6,18.7,1.231,5.1,0.6,2.3,0.033
'260',02,09,1985,9060.0,12.0,18.3,1.273,2.6,0.3,1.5,0.012
'260',03,09,1985,9340.0,12.9,18.7,1.484,4.1,10.1,1.5,0.204
'260',04,09,1985,9960.0,12.2,17.2,1.352,2.6,0.6,1.6,0.004
'260',05,09,1985,5980.0,11.3,17.6,1.324,4.6,3.3,1.0,0.192
'260',06,09,1985,15650.0,8.4,15.5,0.993,4.6,1.5,2.4,0.037
'260',07,09,1985,10940.0,6.6,15.3,0.960,3.1,2.1,1.7,0.167
'260',08,09,1985,5310.0,10.0,15.7,1.327,1.5,5.2,0.8,0.358
'260',09,09,1985,16790.0,6.0,16.3,0.987,2.1,0.0,2.6,0.000
'260',10,09,1985,14420.0,5.4,19.7,1.194,2.1,0.0,2.3,0.000
'260',11,09,1985,10570.0,11.3,22.3,1.477,1.0,0.0,1.8,0.000
'260',12,09,1985,15370.0,9.6,23.4,1.519,2.6,0.0,2.7,0.000
'260',13,09,1985,6520.0,7.1,17.6,1.219,2.6,0.1,1.1,0.017
'260',14,09,1985,7510.0,4.8,16.2,1.075,3.6,0.2,1.2,0.004
'260',15,09,1985,12540.0,11.1,16.7,1.208,4.1,3.8,2.0,0.108
'260',16,09,1985,6050.0,9.6,15.8,1.199,5.1,3.4,1.0,0.171
'260',17,09,1985,2380.0,12.1,18.5,1.643,4.1,3.9,0.4,0.125
'260',18,09,1985,5550.0,10.3,20.7,1.530,1.5,0.0,0.9,0.000
'260',19,09,1985,12460.0,12.2,24.1,1.731,4.1,0.0,2.2,0.000
'260',20,09,1985,3450.0,10.8,17.9,1.509,2.1,0.3,0.6,0.079
'260',21,09,1985,8450.0,9.8,22.0,1.544,4.1,0.0,1.4,0.000
'260',22,09,1985,4180.0,13.4,20.2,1.739,3.6,7.7,0.7,0.225
'260',23,09,1985,9800.0,9.8,19.9,1.349,2.1,0.0,1.6,0.000
'260',24,09,1985,7170.0,9.4,18.9,1.365,1.5,0.0,1.2,0.000
'260',25,09,1985,8830.0,6.8,19.0,1.197,1.0,0.0,1.4,0.000
'260',26,09,1985,11220.0,10.4,20.3,1.381,1.0,0.0,1.8,0.000
'260',27,09,1985,12520.0,7.9,21.1,1.296,1.0,0.0,2.0,0.000
'260',28,09,1985,7280.0,8.9,18.3,1.390,1.0,0.0,1.2,0.000
'260',29,09,1985,14050.0,6.9,19.5,1.053,1.5,0.0,2.2,0.000
'260',30,09,1985,11360.0,8.1,22.8,1.470,1.5,0.0,1.9,0.000
'260',01,10,1985,12660.0,12.1,23.6,1.536,2.1,0.0,2.2,0.000
'260',02,10,1985,8720.0,14.2,21.3,1.639,3.1,0.0,1.5,0.000
'260',03,10,1985,7920.0,15.8,23.2,1.843,3.1,0.1,1.4,0.042
'260',04,10,1985,5590.0,13.4,18.8,1.491,2.6,0.7,0.9,0.058
'260',05,10,1985,10340.0,7.3,19.3,1.161,2.1,0.0,1.7,0.000
'260',06,10,1985,10150.0,8.7,20.2,1.268,2.6,0.0,1.6,0.000
'260',07,10,1985,2700.0,12.1,17.7,1.438,3.6,10.3,0.4,0.392
'260',08,10,1985,5440.0,8.5,13.8,1.049,3.6,7.9,0.8,0.229
'260',09,10,1985,5060.0,9.1,15.3,1.152,4.1,3.7,0.8,0.083
'260',10,10,1985,6020.0,9.6,15.9,1.197,3.6,0.0,1.0,0.000
'260',11,10,1985,2070.0,8.7,17.4,1.312,3.6,0.0,0.3,0.000
'260',12,10,1985,8000.0,5.3,15.9,0.987,1.0,0.0,1.2,0.000
'260',13,10,1985,10590.0,3.2,16.0,0.866,1.0,0.0,1.5,0.000
'260',14,10,1985,7620.0,4.3,17.0,1.132,2.1,0.0,1.2,0.000
'260',15,10,1985,2810.0,12.3,14.7,1.429,2.6,0.3,0.4,0.042
'260',16,10,1985,2570.0,11.3,13.2,1.338,2.1,0.7,0.4,0.075
'260',17,10,1985,3220.0,10.8,14.2,1.214,1.0,0.0,0.5,0.000
'260',18,10,1985,1250.0,8.5,13.0,1.199,1.0,0.0,0.2,0.000
'260',19,10,1985,6370.0,4.4,14.0,0.978,1.5,0.0,0.9,0.000
'260',20,10,1985,7900.0,2.8,13.6,0.856,2.1,0.0,1.1,0.000
'260',21,10,1985,9940.0,2.0,14.7,0.788,2.1,0.0,1.4,0.000
'260',22,10,1985,8820.0,2.1,12.6,0.811,3.6,0.0,1.2,0.000
'260',23,10,1985,8840.0,4.2,12.5,0.832,4.1,0.0,1.2,0.000
'260',24,10,1985,9900.0,2.5,14.2,0.610,3.1,0.0,1.3,0.000
'260',25,10,1985,8490.0,1.0,10.1,0.720,2.6,0.0,1.1,0.000
'260',26,10,1985,7610.0,-0.7,10.7,0.715,1.0,0.0,0.9,0.000
'260',27,10,1985,1510.0,1.5,4.3,0.727,1.5,0.0,0.2,0.000
'260',28,10,1985,2870.0,3.3,10.7,0.915,1.5,4.2,0.4,0.208
'260',29,10,1985,3120.0,2.0,9.1,0.861,2.1,0.1,0.4,0.037
'260',30,10,1985,1320.0,2.3,4.6,0.734,2.6,0.0,0.2,0.000
'260',31,10,1985,900.0,2.1,2.9,0.654,1.5,0.0,0.1,0.000
'260',01,11,1985,2330.0,2.4,7.2,0.740,2.1,0.8,0.3,0.088
'260',02,11,1985,3710.0,2.3,8.1,0.735,3.6,6.7,0.5,0.300
'260',03,11,1985,7250.0,-1.6,8.3,0.578,2.6,0.5,0.9,0.037
'260',04,11,1985,7270.0,-2.8,7.4,0.583,2.6,0.0,0.8,0.000
'260',05,11,1985,1060.0,6.3,14.4,0.947,6.2,16.4,0.2,0.296
'260',06,11,1985,5720.0,2.9,8.8,0.609,6.2,1.4,0.8,0.025
'260',07,11,1985,3800.0,2.7,12.0,0.788,4.6,3.1,0.5,0.100
'260',08,11,1985,940.0,2.5,12.9,1.017,3.6,2.9,0.1,0.100
'260',09,11,1985,5020.0,9.3,15.7,1.121,7.2,12.4,0.8,0.263
'260',10,11,1985,2060.0,0.8,9.9,0.753,5.7,19.9,0.3,0.300
'260',11,11,1985,2070.0,0.7,4.1,0.632,3.6,12.9,0.2,0.225
'260',12,11,1985,6380.0,0.1,7.1,0.688,2.6,0.1,0.8,0.021
'260',13,11,1985,5000.0,0.1,9.3,0.718,1.5,1.4,0.6,0.042
'260',14,11,1985,2520.0,0.2,2.2,0.664,2.1,0.0,0.3,0.000
'260',15,11,1985,910.0,-1.1,3.9,0.645,3.6,1.7,0.1,0.117
'260',16,11,1985,1700.0,2.8,5.3,0.750,2.6,0.0,0.2,0.000
'260',17,11,1985,3830.0,-1.9,3.5,0.557,3.1,0.0,0.4,0.000
'260',18,11,1985,5170.0,-2.2,2.2,0.453,6.2,0.0,0.5,0.000
'260',19,11,1985,2530.0,-4.0,-1.4,0.356,6.2,0.0,0.2,0.000
'260',20,11,1985,1650.0,-3.8,-1.8,0.414,4.6,0.0,0.2,0.000
'260',21,11,1985,1150.0,-2.1,1.6,0.543,3.6,0.3,0.1,0.125
'260',22,11,1985,700.0,-2.7,1.9,0.560,2.6,0.0,0.1,0.000
'260',23,11,1985,800.0,-2.4,1.3,0.550,3.6,2.1,0.1,0.208
'260',24,11,1985,1590.0,-3.3,0.1,0.518,2.6,0.0,0.2,0.000
'260',25,11,1985,1310.0,-1.4,2.5,0.606,1.5,0.2,0.1,0.042
'260',26,11,1985,1010.0,-3.8,1.3,0.540,2.6,1.4,0.1,0.062
'260',27,11,1985,890.0,0.0,3.1,0.634,3.6,5.2,0.1,0.192
'260',28,11,1985,3630.0,-3.0,4.5,0.514,3.1,1.0,0.4,0.037
'260',29,11,1985,3740.0,-1.6,3.5,0.575,3.1,0.8,0.4,0.025
'260',30,11,1985,860.0,-0.8,2.3,0.631,3.1,2.6,0.1,0.192
'260',01,12,1985,2670.0,2.2,12.3,0.880,3.6,0.0,0.4,0.000
'260',02,12,1985,810.0,10.1,12.3,1.136,4.1,1.7,0.1,0.088
'260',03,12,1985,650.0,11.2,13.1,1.149,5.7,0.1,0.1,0.004
'260',04,12,1985,480.0,10.5,11.6,1.231,3.6,9.2,0.1,0.454
'260',05,12,1985,1500.0,7.5,13.5,1.013,5.1,4.9,0.2,0.288
'260',06,12,1985,1750.0,6.3,9.6,0.874,6.7,3.2,0.2,0.196
'260',07,12,1985,2590.0,5.7,10.3,0.966,4.6,4.0,0.4,0.158
'260',08,12,1985,1040.0,3.5,7.2,0.880,2.1,0.0,0.1,0.000
'260',09,12,1985,730.0,5.1,8.4,0.908,3.1,2.1,0.1,0.233
'260',10,12,1985,1990.0,-0.6,7.7,0.686,2.6,0.0,0.2,0.000
'260',11,12,1985,780.0,-0.8,2.7,0.611,2.1,0.0,0.1,0.000
'260',12,12,1985,1210.0,-1.2,2.9,0.607,3.1,0.2,0.1,0.017
'260',13,12,1985,300.0,1.0,7.1,0.727,5.1,6.6,0.0,0.371
'260',14,12,1985,720.0,6.8,11.0,1.118,3.6,0.0,0.1,0.000
'260',15,12,1985,890.0,9.8,11.3,1.131,5.1,0.0,0.1,0.000
'260',16,12,1985,640.0,8.0,11.1,1.042,5.1,0.5,0.1,0.033
'260',17,12,1985,940.0,7.8,9.8,0.978,4.6,0.0,0.1,0.000
'260',18,12,1985,540.0,6.6,10.8,1.001,4.6,3.5,0.1,0.192
'260',19,12,1985,2800.0,4.8,8.3,0.775,4.6,0.0,0.4,0.000
'260',20,12,1985,1380.0,5.3,10.3,0.920,6.7,2.3,0.2,0.092
'260',21,12,1985,820.0,4.5,8.3,0.807,6.7,0.0,0.1,0.000
'260',22,12,1985,3540.0,4.0,10.1,0.704,4.6,0.0,0.5,0.000
'260',23,12,1985,1390.0,4.6,7.5,0.816,4.1,0.3,0.2,0.083
'260',24,12,1985,590.0,4.2,7.1,0.784,4.6,1.2,0.1,0.217
'260',25,12,1985,1710.0,7.0,9.2,0.987,4.1,1.2,0.2,0.050
'260',26,12,1985,310.0,0.4,7.7,0.774,3.6,35.9,0.0,0.692
'260',27,12,1985,2780.0,-5.2,1.3,0.425,3.1,1.4,0.3,0.083
'260',28,12,1985,2210.0,-6.8,-2.0,0.430,0.5,0.0,0.2,0.000
'260',29,12,1985,2540.0,-3.9,-0.2,0.511,1.5,0.0,0.2,0.000
'260',30,12,1985,1360.0,-4.3,-2.2,0.467,2.6,0.0,0.1,0.000
'260',31,12,1985,3440.0,-5.8,-2.2,0.405,3.6,0.0,0.3,0.000
