* Source of data    : Royal Netherlands Meterological Institute (www.knmi.nl)
* File content      : Meteo from www.knmi.nl; input file for Swap 3.2 (www.swap.alterra.nl)
* File generated by : Alterra - Wageningen-UR (www.alterra.wur.nl)
* File generated at : 2017-02-27 11:38:43
Station,DD,MM,YYYY,Rad,Tmin,Tmax,Hum,Wind,Rain,ETref,Wet
'260',01,01,1990,830.0,0.0,1.2,0.567,1.0,0.0,0.1,0.000
'260',02,01,1990,1120.0,-0.8,2.2,0.593,1.5,0.0,0.1,0.000
'260',03,01,1990,490.0,0.0,2.5,0.612,4.1,0.0,0.1,0.000
'260',04,01,1990,480.0,-1.4,2.1,0.579,3.6,0.1,0.1,0.042
'260',05,01,1990,760.0,2.1,4.5,0.705,2.6,0.0,0.1,0.000
'260',06,01,1990,2450.0,3.0,6.1,0.746,4.6,1.5,0.3,0.054
'260',07,01,1990,1740.0,3.0,7.8,0.808,3.6,0.2,0.2,0.004
'260',08,01,1990,430.0,4.8,6.3,0.855,3.1,0.0,0.1,0.000
'260',09,01,1990,1040.0,5.9,8.3,0.936,3.6,0.2,0.1,0.042
'260',10,01,1990,570.0,5.7,7.4,0.906,5.1,0.5,0.1,0.037
'260',11,01,1990,1080.0,4.6,8.7,0.878,5.1,0.2,0.1,0.008
'260',12,01,1990,2970.0,-0.9,6.1,0.672,2.6,0.0,0.3,0.000
'260',13,01,1990,380.0,-0.4,4.5,0.701,2.1,0.7,0.0,0.050
'260',14,01,1990,1320.0,-1.3,2.8,0.629,2.6,0.0,0.1,0.000
'260',15,01,1990,480.0,2.8,11.4,0.965,6.2,2.9,0.1,0.354
'260',16,01,1990,1360.0,9.6,11.2,1.068,6.2,0.0,0.2,0.000
'260',17,01,1990,3560.0,4.3,10.4,0.735,6.2,2.6,0.5,0.067
'260',18,01,1990,4440.0,1.4,8.6,0.696,3.1,0.0,0.6,0.000
'260',19,01,1990,2100.0,3.8,7.3,0.721,6.2,2.7,0.3,0.104
'260',20,01,1990,3500.0,4.9,9.6,0.878,4.6,0.4,0.5,0.046
'260',21,01,1990,640.0,8.0,10.1,1.035,5.1,0.3,0.1,0.058
'260',22,01,1990,430.0,7.7,10.1,0.958,5.1,0.6,0.1,0.104
'260',23,01,1990,430.0,6.1,10.4,0.952,6.7,14.1,0.1,0.571
'260',24,01,1990,2550.0,3.2,6.7,0.647,5.1,3.3,0.3,0.167
'260',25,01,1990,580.0,5.0,13.3,0.796,9.8,7.3,0.1,0.225
'260',26,01,1990,3580.0,3.1,7.5,0.661,7.2,3.3,0.5,0.088
'260',27,01,1990,3150.0,2.9,8.1,0.709,5.7,0.4,0.4,0.021
'260',28,01,1990,1460.0,3.7,10.0,0.729,7.7,5.1,0.2,0.221
'260',29,01,1990,4280.0,3.8,8.0,0.748,5.1,0.0,0.6,0.000
'260',30,01,1990,2630.0,4.7,10.4,0.777,6.2,1.2,0.4,0.092
'260',31,01,1990,2130.0,9.2,12.1,0.841,6.7,0.0,0.3,0.000
'260',01,02,1990,3530.0,6.9,10.8,0.840,5.7,0.0,0.5,0.000
'260',02,02,1990,4730.0,5.8,9.1,0.801,6.7,4.5,0.6,0.183
'260',03,02,1990,610.0,5.8,9.3,0.858,5.7,12.7,0.1,0.279
'260',04,02,1990,5420.0,4.0,10.2,0.793,4.6,0.0,0.7,0.000
'260',05,02,1990,7070.0,4.6,12.7,0.738,4.1,0.0,1.0,0.000
'260',06,02,1990,6600.0,3.2,12.3,0.803,4.1,0.0,0.9,0.000
'260',07,02,1990,890.0,8.5,14.7,1.104,8.7,3.0,0.1,0.179
'260',08,02,1990,1870.0,5.9,14.5,0.939,8.2,9.8,0.3,0.121
'260',09,02,1990,5010.0,3.8,10.2,0.813,3.6,0.0,0.7,0.000
'260',10,02,1990,2810.0,2.8,9.5,0.667,5.1,4.5,0.4,0.154
'260',11,02,1990,4960.0,3.0,7.9,0.654,7.2,7.4,0.6,0.238
'260',12,02,1990,3030.0,3.7,6.9,0.674,6.2,4.1,0.4,0.204
'260',13,02,1990,4160.0,2.6,9.6,0.708,5.1,8.3,0.5,0.300
'260',14,02,1990,4190.0,4.4,8.2,0.712,6.2,0.4,0.6,0.037
'260',15,02,1990,3280.0,1.2,6.1,0.625,4.1,9.4,0.4,0.367
'260',16,02,1990,8260.0,-1.6,7.8,0.560,3.1,0.0,1.0,0.000
'260',17,02,1990,2220.0,-1.9,9.6,0.747,3.6,0.5,0.3,0.037
'260',18,02,1990,2130.0,4.0,9.7,0.942,2.6,6.8,0.3,0.529
'260',19,02,1990,6950.0,4.7,14.9,1.037,4.6,0.0,1.0,0.000
'260',20,02,1990,5370.0,11.8,16.9,1.213,5.7,0.0,0.9,0.000
'260',21,02,1990,5410.0,6.3,13.7,0.803,5.1,0.1,0.8,0.004
'260',22,02,1990,9960.0,3.5,14.5,0.811,2.6,0.0,1.4,0.000
'260',23,02,1990,9550.0,2.8,15.7,0.810,2.1,0.0,1.3,0.000
'260',24,02,1990,7620.0,6.9,16.7,1.037,4.6,0.0,1.2,0.000
'260',25,02,1990,4220.0,6.0,11.7,0.881,6.2,2.8,0.6,0.129
'260',26,02,1990,3950.0,4.2,11.2,0.728,10.3,8.0,0.6,0.333
'260',27,02,1990,3720.0,3.2,7.8,0.600,9.3,3.6,0.5,0.129
'260',28,02,1990,3040.0,3.4,10.7,0.740,7.2,24.1,0.4,0.371
'260',01,03,1990,7690.0,1.8,7.3,0.622,5.7,7.0,1.0,0.204
'260',02,03,1990,8130.0,0.7,6.3,0.577,4.1,0.8,1.0,0.071
'260',03,03,1990,9480.0,1.4,9.6,0.718,3.6,0.0,1.2,0.000
'260',04,03,1990,2670.0,5.6,9.2,0.737,5.7,0.0,0.4,0.000
'260',05,03,1990,4650.0,6.8,9.7,0.852,7.7,0.2,0.6,0.029
'260',06,03,1990,4090.0,7.5,10.3,0.879,7.2,0.8,0.6,0.071
'260',07,03,1990,4200.0,8.7,12.7,1.031,5.1,0.0,0.6,0.000
'260',08,03,1990,5980.0,6.7,12.1,0.883,4.1,0.0,0.8,0.000
'260',09,03,1990,4150.0,6.9,9.7,0.724,6.7,0.0,0.6,0.000
'260',10,03,1990,4390.0,6.3,12.8,1.037,6.2,3.0,0.6,0.208
'260',11,03,1990,9820.0,8.0,14.9,1.030,6.2,0.0,1.5,0.000
'260',12,03,1990,12220.0,0.6,11.9,0.706,2.1,0.0,1.7,0.000
'260',13,03,1990,10290.0,-1.4,11.9,0.673,2.6,0.8,1.4,0.025
'260',14,03,1990,12110.0,4.8,14.0,0.848,2.6,0.0,1.7,0.000
'260',15,03,1990,13890.0,2.3,14.1,0.791,2.6,0.0,1.9,0.000
'260',16,03,1990,14120.0,1.7,17.1,0.771,2.1,0.0,2.0,0.000
'260',17,03,1990,14060.0,4.0,20.6,0.880,2.1,0.0,2.1,0.000
'260',18,03,1990,14750.0,6.2,21.4,0.789,2.6,0.0,2.3,0.000
'260',19,03,1990,5500.0,10.9,15.5,1.053,4.6,3.6,0.9,0.142
'260',20,03,1990,13980.0,6.1,14.3,0.917,2.6,2.1,2.1,0.046
'260',21,03,1990,5870.0,11.0,14.5,1.180,6.2,0.0,0.9,0.000
'260',22,03,1990,8050.0,7.5,12.4,0.840,4.1,0.0,1.2,0.000
'260',23,03,1990,10900.0,5.5,12.3,0.789,5.7,0.0,1.6,0.000
'260',24,03,1990,3490.0,4.9,11.8,0.841,5.7,5.9,0.5,0.167
'260',25,03,1990,10670.0,3.4,9.2,0.712,4.6,4.0,1.4,0.075
'260',26,03,1990,7000.0,3.7,9.5,0.764,4.1,0.0,0.9,0.000
'260',27,03,1990,11630.0,2.0,9.4,0.689,2.6,0.0,1.5,0.000
'260',28,03,1990,12020.0,0.4,10.0,0.618,3.1,0.0,1.6,0.000
'260',29,03,1990,16480.0,0.4,11.6,0.654,2.1,0.0,2.1,0.000
'260',30,03,1990,13880.0,2.3,15.2,0.787,1.5,0.0,2.0,0.000
'260',31,03,1990,17820.0,3.2,18.0,0.931,2.6,0.0,2.7,0.000
'260',01,04,1990,17180.0,6.5,19.7,1.034,2.1,0.0,2.7,0.000
'260',02,04,1990,15130.0,7.7,20.1,0.908,4.1,1.1,2.4,0.092
'260',03,04,1990,13450.0,2.9,10.7,0.630,4.6,5.4,1.8,0.200
'260',04,04,1990,14910.0,-0.6,8.6,0.551,2.6,3.4,1.8,0.050
'260',05,04,1990,15110.0,-2.1,8.7,0.532,1.5,1.9,1.8,0.058
'260',06,04,1990,19300.0,-1.2,10.9,0.471,3.6,0.0,2.5,0.000
'260',07,04,1990,18960.0,1.5,12.0,0.524,5.1,0.0,2.5,0.000
'260',08,04,1990,21460.0,2.6,10.8,0.456,5.1,0.0,2.8,0.000
'260',09,04,1990,21400.0,-0.7,9.8,0.470,3.6,0.0,2.6,0.000
'260',10,04,1990,11780.0,-3.8,12.4,0.625,3.6,4.1,1.6,0.179
'260',11,04,1990,18470.0,6.5,12.3,0.850,3.6,0.0,2.6,0.000
'260',12,04,1990,2980.0,4.2,13.0,0.977,2.1,0.2,0.4,0.004
'260',13,04,1990,11000.0,4.5,16.0,0.904,3.1,1.3,1.6,0.050
'260',14,04,1990,15910.0,6.2,12.6,0.755,4.1,2.7,2.2,0.246
'260',15,04,1990,11010.0,4.9,10.3,0.812,5.1,18.8,1.5,0.379
'260',16,04,1990,14790.0,3.8,10.8,0.742,3.6,1.5,2.0,0.067
'260',17,04,1990,16240.0,3.3,10.6,0.687,3.1,2.4,2.1,0.067
'260',18,04,1990,9090.0,1.7,9.1,0.744,2.6,0.0,1.2,0.000
'260',19,04,1990,9500.0,1.5,9.7,0.660,3.6,0.0,1.2,0.000
'260',20,04,1990,5860.0,3.5,12.2,0.910,4.1,1.6,0.8,0.088
'260',21,04,1990,18710.0,7.1,18.2,1.075,4.1,0.0,2.9,0.000
'260',22,04,1990,17470.0,9.2,19.2,1.052,4.1,0.0,2.8,0.000
'260',23,04,1990,17790.0,8.4,18.0,0.960,4.1,2.7,2.8,0.017
'260',24,04,1990,19310.0,8.0,16.9,0.947,3.6,0.4,3.0,0.008
'260',25,04,1990,20820.0,5.7,18.3,0.868,3.6,0.0,3.2,0.000
'260',26,04,1990,14920.0,3.1,17.6,0.821,3.6,2.4,2.3,0.171
'260',27,04,1990,14770.0,5.1,12.4,0.787,3.6,2.4,2.1,0.104
'260',28,04,1990,21900.0,2.0,13.5,0.660,1.5,0.0,3.1,0.000
'260',29,04,1990,18160.0,9.3,19.4,1.142,2.1,0.0,2.9,0.000
'260',30,04,1990,24070.0,5.8,21.7,1.084,2.1,0.0,4.0,0.000
'260',01,05,1990,25090.0,8.4,22.9,1.193,3.1,0.0,4.2,0.000
'260',02,05,1990,23700.0,9.8,26.3,1.225,3.6,0.0,4.3,0.000
'260',03,05,1990,25660.0,12.9,25.5,0.976,3.6,0.0,4.6,0.000
'260',04,05,1990,25400.0,11.0,25.5,0.998,3.1,0.0,4.5,0.000
'260',05,05,1990,24390.0,9.9,27.8,1.290,1.0,0.0,4.4,0.000
'260',06,05,1990,21330.0,9.7,27.7,1.080,1.0,0.0,3.8,0.000
'260',07,05,1990,19210.0,8.3,20.9,1.279,2.1,0.0,3.1,0.000
'260',08,05,1990,23000.0,5.4,23.1,1.136,1.5,0.0,3.8,0.000
'260',09,05,1990,12380.0,9.7,20.9,1.363,1.5,9.0,2.0,0.067
'260',10,05,1990,15080.0,8.7,16.8,1.080,2.6,1.3,2.3,0.058
'260',11,05,1990,11820.0,8.1,14.5,1.028,3.1,6.6,1.8,0.204
'260',12,05,1990,8620.0,9.3,12.7,1.122,2.1,9.8,1.3,0.296
'260',13,05,1990,9110.0,9.8,14.9,1.207,3.1,0.1,1.4,0.008
'260',14,05,1990,18260.0,5.6,15.9,0.956,3.1,0.0,2.8,0.000
'260',15,05,1990,15300.0,4.6,20.6,1.067,2.1,5.1,2.4,0.050
'260',16,05,1990,21620.0,8.7,19.5,1.158,3.1,0.0,3.6,0.000
'260',17,05,1990,20800.0,7.2,19.3,1.119,3.1,0.0,3.3,0.000
'260',18,05,1990,9100.0,5.0,13.4,0.849,2.1,0.0,1.4,0.000
'260',19,05,1990,22360.0,7.2,17.9,0.960,2.6,0.0,3.5,0.000
'260',20,05,1990,23800.0,7.9,23.6,1.033,2.1,0.0,4.0,0.000
'260',21,05,1990,22590.0,9.0,21.3,1.026,4.1,0.0,3.7,0.000
'260',22,05,1990,27100.0,8.3,17.9,1.016,4.1,0.0,4.2,0.000
'260',23,05,1990,28860.0,6.2,19.4,0.830,2.1,0.0,4.6,0.000
'260',24,05,1990,19510.0,5.7,18.7,1.019,2.6,0.0,3.0,0.000
'260',25,05,1990,19820.0,4.5,15.2,0.785,3.1,0.0,2.9,0.000
'260',26,05,1990,21370.0,1.5,15.7,0.720,2.1,0.0,3.1,0.000
'260',27,05,1990,27070.0,1.2,18.0,0.808,2.1,0.0,4.1,0.000
'260',28,05,1990,24120.0,5.3,15.9,0.821,3.1,0.0,3.6,0.000
'260',29,05,1990,28730.0,2.1,19.6,0.743,1.5,0.0,4.5,0.000
'260',30,05,1990,25550.0,5.5,22.3,0.810,1.5,0.0,4.2,0.000
'260',31,05,1990,21850.0,6.9,22.1,1.161,1.5,0.0,3.7,0.000
'260',01,06,1990,21580.0,8.9,25.6,1.139,2.1,1.1,3.9,0.050
'260',02,06,1990,15500.0,11.5,17.8,1.198,4.1,4.0,2.5,0.092
'260',03,06,1990,6970.0,11.4,17.5,1.334,3.6,6.5,1.1,0.300
'260',04,06,1990,13280.0,10.4,15.3,1.186,4.6,2.0,2.1,0.088
'260',05,06,1990,20230.0,9.1,19.5,1.105,1.5,0.0,3.3,0.000
'260',06,06,1990,13460.0,10.8,19.1,1.292,2.6,3.4,2.2,0.212
'260',07,06,1990,13700.0,10.1,17.4,1.136,2.1,3.8,2.2,0.125
'260',08,06,1990,19390.0,7.6,18.1,1.000,1.5,0.0,3.1,0.000
'260',09,06,1990,6980.0,10.0,16.2,1.219,1.0,7.6,1.1,0.104
'260',10,06,1990,7950.0,9.9,16.3,1.256,2.1,0.1,1.3,0.017
'260',11,06,1990,7210.0,11.3,14.8,1.190,2.1,0.0,1.1,0.000
'260',12,06,1990,5580.0,10.6,14.0,1.208,1.0,0.0,0.9,0.000
'260',13,06,1990,12510.0,9.4,17.3,1.164,2.1,0.0,2.0,0.000
'260',14,06,1990,7170.0,9.2,14.5,1.087,1.5,0.0,1.1,0.000
'260',15,06,1990,11160.0,7.6,15.6,1.042,1.0,0.0,1.7,0.000
'260',16,06,1990,21760.0,6.9,18.4,1.081,1.5,0.0,3.5,0.000
'260',17,06,1990,24580.0,5.7,22.5,1.085,1.0,0.0,4.1,0.000
'260',18,06,1990,17010.0,10.7,22.8,1.331,1.5,0.0,2.9,0.000
'260',19,06,1990,10420.0,14.6,22.3,1.663,2.6,8.9,1.8,0.154
'260',20,06,1990,11360.0,12.9,19.5,1.500,1.5,6.7,1.9,0.067
'260',21,06,1990,17300.0,10.5,19.8,1.178,4.6,1.2,2.9,0.146
'260',22,06,1990,9730.0,11.9,17.3,1.312,5.1,5.2,1.6,0.208
'260',23,06,1990,15610.0,11.9,18.5,1.234,4.6,1.2,2.6,0.037
'260',24,06,1990,25270.0,10.2,21.8,1.296,3.1,0.0,4.3,0.000
'260',25,06,1990,5880.0,13.3,19.8,1.630,3.1,0.0,1.0,0.000
'260',26,06,1990,20460.0,11.4,26.0,1.649,1.5,0.0,3.7,0.000
'260',27,06,1990,16760.0,16.8,25.9,1.880,2.1,0.4,3.1,0.004
'260',28,06,1990,16750.0,9.9,20.3,1.229,3.6,0.0,2.8,0.000
'260',29,06,1990,19660.0,8.6,23.0,1.284,2.1,0.0,3.4,0.000
'260',30,06,1990,14490.0,14.0,24.3,1.809,2.1,3.4,2.6,0.033
'260',01,07,1990,10620.0,12.8,18.0,1.448,5.7,13.1,1.8,0.133
'260',02,07,1990,20250.0,7.9,18.0,1.058,3.6,2.0,3.3,0.046
'260',03,07,1990,15310.0,7.0,18.0,1.074,1.5,0.0,2.4,0.000
'260',04,07,1990,15600.0,6.0,18.9,0.970,4.1,0.2,2.5,0.042
'260',05,07,1990,10480.0,12.1,17.8,1.329,5.1,12.3,1.7,0.188
'260',06,07,1990,13900.0,11.6,16.7,1.146,4.1,0.8,2.2,0.021
'260',07,07,1990,4430.0,11.8,16.8,1.465,3.1,2.3,0.7,0.254
'260',08,07,1990,5040.0,15.0,19.7,1.737,4.6,0.3,0.9,0.125
'260',09,07,1990,11550.0,11.8,17.7,1.228,4.6,4.9,1.9,0.029
'260',10,07,1990,15940.0,9.9,18.0,1.226,3.6,1.9,2.6,0.062
'260',11,07,1990,27200.0,10.5,22.2,1.214,3.1,0.0,4.7,0.000
'260',12,07,1990,25020.0,12.3,24.7,1.477,2.6,0.0,4.4,0.000
'260',13,07,1990,28190.0,10.6,21.2,1.243,3.6,0.0,4.7,0.000
'260',14,07,1990,29210.0,7.1,21.8,1.077,3.1,0.0,4.9,0.000
'260',15,07,1990,28530.0,10.2,26.1,1.143,1.5,0.0,5.1,0.000
'260',16,07,1990,17880.0,13.7,26.5,1.414,2.1,0.0,3.2,0.000
'260',17,07,1990,19360.0,12.7,20.2,1.274,3.6,0.0,3.3,0.000
'260',18,07,1990,18380.0,10.7,19.6,1.283,2.6,0.0,3.1,0.000
'260',19,07,1990,26060.0,9.6,24.5,1.333,2.6,0.0,4.5,0.000
'260',20,07,1990,23980.0,11.0,27.7,1.417,1.5,0.0,4.4,0.000
'260',21,07,1990,24000.0,12.4,26.2,1.505,3.1,0.0,4.3,0.000
'260',22,07,1990,25930.0,9.3,20.4,1.138,3.6,0.0,4.3,0.000
'260',23,07,1990,18630.0,9.0,18.7,1.055,2.6,0.0,3.1,0.000
'260',24,07,1990,11700.0,9.5,18.1,1.103,2.1,0.0,1.9,0.000
'260',25,07,1990,8280.0,12.6,18.0,1.157,1.5,0.0,1.4,0.000
'260',26,07,1990,21220.0,12.4,25.4,1.500,3.6,0.0,3.8,0.000
'260',27,07,1990,20080.0,15.9,28.5,1.513,3.6,0.0,3.8,0.000
'260',28,07,1990,16680.0,16.9,27.1,1.927,2.1,5.1,3.1,0.029
'260',29,07,1990,21520.0,13.3,25.5,1.572,1.5,0.4,3.9,0.021
'260',30,07,1990,24910.0,11.7,28.9,1.444,1.5,0.0,4.6,0.000
'260',31,07,1990,22350.0,15.6,27.7,1.788,2.1,0.0,4.2,0.000
'260',01,08,1990,24600.0,14.6,27.4,1.536,2.6,0.0,4.6,0.000
'260',02,08,1990,24960.0,14.4,31.2,1.383,2.1,0.0,4.8,0.000
'260',03,08,1990,23390.0,17.6,33.5,1.617,1.5,0.0,4.6,0.000
'260',04,08,1990,21200.0,15.7,35.3,1.639,1.5,0.0,4.2,0.000
'260',05,08,1990,16280.0,11.4,23.5,1.507,2.1,0.0,2.9,0.000
'260',06,08,1990,17020.0,9.8,20.0,1.160,2.6,0.6,2.8,0.012
'260',07,08,1990,17920.0,9.6,20.4,1.233,2.1,0.0,3.0,0.000
'260',08,08,1990,14800.0,6.9,21.9,1.194,2.1,0.0,2.5,0.000
'260',09,08,1990,17100.0,11.6,25.5,1.446,2.1,0.0,3.1,0.000
'260',10,08,1990,14170.0,15.7,24.1,1.676,2.1,0.0,2.5,0.000
'260',11,08,1990,21930.0,14.8,27.1,1.385,2.1,0.0,4.0,0.000
'260',12,08,1990,20010.0,12.4,29.2,1.225,1.5,0.3,3.7,0.012
'260',13,08,1990,22310.0,14.0,28.0,1.542,2.1,0.0,4.1,0.000
'260',14,08,1990,14290.0,12.9,25.0,1.498,2.1,0.0,2.6,0.000
'260',15,08,1990,13240.0,13.4,23.9,1.509,4.6,0.8,2.4,0.025
'260',16,08,1990,15340.0,12.0,21.3,1.180,4.6,0.0,2.7,0.000
'260',17,08,1990,13840.0,10.3,19.4,1.161,4.1,1.6,2.3,0.017
'260',18,08,1990,6420.0,7.9,17.6,1.217,2.1,23.2,1.0,0.513
'260',19,08,1990,12060.0,5.8,19.6,1.157,3.1,9.7,2.0,0.192
'260',20,08,1990,13240.0,14.3,18.2,1.378,5.1,11.3,2.2,0.142
'260',21,08,1990,7650.0,10.4,18.6,1.274,3.1,2.1,1.2,0.050
'260',22,08,1990,8820.0,7.9,22.2,1.373,1.0,0.0,1.5,0.000
'260',23,08,1990,15550.0,12.3,24.5,1.638,1.5,0.0,2.7,0.000
'260',24,08,1990,19880.0,12.4,26.0,1.556,2.1,0.0,3.6,0.000
'260',25,08,1990,15930.0,13.6,26.0,1.755,1.5,0.0,2.9,0.000
'260',26,08,1990,13970.0,12.8,23.4,1.602,1.5,0.0,2.4,0.000
'260',27,08,1990,17300.0,12.6,26.7,1.661,1.0,0.0,3.1,0.000
'260',28,08,1990,15570.0,12.9,27.1,1.659,1.0,0.0,2.9,0.000
'260',29,08,1990,16410.0,15.1,28.8,1.763,1.5,0.0,3.1,0.000
'260',30,08,1990,6180.0,10.1,21.4,1.408,2.1,0.3,1.1,0.004
'260',31,08,1990,4600.0,10.2,17.8,1.337,1.5,6.6,0.7,0.300
'260',01,09,1990,6190.0,12.7,19.6,1.613,1.5,0.4,1.0,0.112
'260',02,09,1990,3760.0,13.9,19.5,1.609,1.0,1.8,0.6,0.088
'260',03,09,1990,14430.0,15.9,23.2,1.607,1.5,0.8,2.6,0.012
'260',04,09,1990,16510.0,10.2,20.1,1.268,2.6,4.8,2.8,0.108
'260',05,09,1990,15470.0,8.2,19.3,1.043,2.1,0.0,2.5,0.000
'260',06,09,1990,5720.0,10.6,18.5,1.325,3.1,2.6,0.9,0.075
'260',07,09,1990,8510.0,9.4,16.8,1.280,2.1,6.4,1.3,0.133
'260',08,09,1990,10240.0,9.9,18.0,1.180,2.1,0.3,1.6,0.004
'260',09,09,1990,11760.0,9.4,18.4,1.165,2.1,0.0,1.9,0.000
'260',10,09,1990,4240.0,10.5,16.0,1.329,2.1,2.4,0.7,0.158
'260',11,09,1990,16450.0,6.6,19.3,1.148,2.1,0.0,2.6,0.000
'260',12,09,1990,7980.0,8.7,18.7,1.220,1.5,0.0,1.3,0.000
'260',13,09,1990,11730.0,6.6,19.2,1.121,1.0,0.0,1.8,0.000
'260',14,09,1990,14380.0,5.4,19.3,1.031,1.0,0.0,2.3,0.000
'260',15,09,1990,8950.0,6.2,16.6,0.956,1.5,0.0,1.4,0.000
'260',16,09,1990,6980.0,7.5,17.3,1.036,0.5,0.0,1.1,0.000
'260',17,09,1990,5120.0,7.6,15.4,1.043,1.5,3.5,0.8,0.104
'260',18,09,1990,4630.0,5.6,15.5,1.075,3.6,0.6,0.7,0.104
'260',19,09,1990,4450.0,11.7,15.4,1.132,5.7,7.6,0.7,0.142
'260',20,09,1990,3720.0,10.2,13.1,1.014,4.6,1.1,0.6,0.104
'260',21,09,1990,8090.0,8.3,14.2,0.933,5.1,9.1,1.2,0.246
'260',22,09,1990,3030.0,8.0,12.4,1.003,2.1,0.8,0.4,0.033
'260',23,09,1990,9500.0,9.0,16.9,1.279,3.1,1.6,1.5,0.033
'260',24,09,1990,9580.0,8.4,14.8,1.054,5.1,20.1,1.4,0.250
'260',25,09,1990,8990.0,8.2,16.6,1.143,3.1,5.1,1.4,0.175
'260',26,09,1990,8950.0,7.5,15.2,1.045,2.1,0.2,1.3,0.017
'260',27,09,1990,8570.0,6.1,13.9,0.943,1.5,0.1,1.3,0.017
'260',28,09,1990,8330.0,8.2,16.6,1.087,3.1,0.7,1.3,0.050
'260',29,09,1990,6810.0,6.1,16.7,1.065,2.6,5.9,1.1,0.096
'260',30,09,1990,6360.0,12.5,20.5,1.675,3.1,4.0,1.1,0.142
'260',01,10,1990,8270.0,7.6,17.2,1.125,2.1,0.0,1.3,0.000
'260',02,10,1990,8970.0,7.9,17.6,1.181,2.6,0.0,1.4,0.000
'260',03,10,1990,8650.0,10.4,20.9,1.477,4.1,0.8,1.4,0.012
'260',04,10,1990,9700.0,8.9,16.1,1.039,3.6,0.2,1.5,0.004
'260',05,10,1990,1840.0,8.9,16.3,1.289,5.7,9.0,0.3,0.404
'260',06,10,1990,5300.0,13.3,18.6,1.361,6.7,1.1,0.9,0.017
'260',07,10,1990,8790.0,5.7,15.5,0.941,3.6,2.7,1.3,0.067
'260',08,10,1990,5150.0,4.7,13.5,0.905,1.5,0.0,0.7,0.000
'260',09,10,1990,5920.0,6.1,13.5,0.945,4.6,0.0,0.9,0.000
'260',10,10,1990,3800.0,10.6,16.0,1.303,4.1,0.0,0.6,0.000
'260',11,10,1990,4880.0,7.6,16.3,1.175,3.1,0.0,0.8,0.000
'260',12,10,1990,10230.0,5.9,21.4,1.152,2.1,0.0,1.6,0.000
'260',13,10,1990,8630.0,11.4,23.6,1.496,2.1,0.0,1.5,0.000
'260',14,10,1990,7190.0,14.1,22.6,1.760,1.5,0.0,1.2,0.000
'260',15,10,1990,6940.0,14.0,23.6,1.685,3.1,0.0,1.2,0.000
'260',16,10,1990,8880.0,8.0,19.1,1.216,3.1,0.0,1.5,0.000
'260',17,10,1990,1920.0,9.8,16.6,1.456,2.6,6.3,0.3,0.146
'260',18,10,1990,3260.0,13.0,16.8,1.533,2.6,1.6,0.5,0.062
'260',19,10,1990,4860.0,12.0,18.2,1.440,1.5,0.0,0.8,0.000
'260',20,10,1990,6110.0,10.3,18.8,1.283,3.1,0.0,1.0,0.000
'260',21,10,1990,9310.0,5.6,11.9,0.809,6.2,0.0,1.3,0.000
'260',22,10,1990,10020.0,2.7,12.1,0.586,6.2,0.0,1.4,0.000
'260',23,10,1990,9070.0,2.5,13.8,0.673,3.1,0.0,1.2,0.000
'260',24,10,1990,8400.0,0.7,16.2,0.916,2.1,0.0,1.2,0.000
'260',25,10,1990,4970.0,6.9,14.4,1.108,2.6,1.1,0.7,0.117
'260',26,10,1990,4020.0,6.9,14.4,1.050,4.6,4.8,0.6,0.142
'260',27,10,1990,2990.0,6.5,11.8,1.006,4.6,0.0,0.4,0.000
'260',28,10,1990,790.0,7.8,11.6,1.075,5.1,17.5,0.1,0.392
'260',29,10,1990,7500.0,5.4,11.3,0.803,3.6,3.9,1.0,0.146
'260',30,10,1990,4120.0,5.0,11.9,0.990,5.7,4.6,0.6,0.100
'260',31,10,1990,4770.0,7.9,12.5,1.111,6.2,10.1,0.7,0.212
'260',01,11,1990,3500.0,7.7,11.9,1.088,3.1,7.2,0.5,0.208
'260',02,11,1990,2620.0,1.7,9.9,0.821,2.1,2.4,0.4,0.112
'260',03,11,1990,3630.0,1.4,9.7,0.810,1.5,3.7,0.5,0.117
'260',04,11,1990,4500.0,0.5,9.4,0.735,1.5,0.1,0.6,0.017
'260',05,11,1990,6700.0,-0.9,9.5,0.613,1.5,0.0,0.8,0.000
'260',06,11,1990,4240.0,-1.9,9.6,0.672,1.0,0.0,0.5,0.000
'260',07,11,1990,2000.0,5.5,9.5,0.958,0.5,0.0,0.3,0.000
'260',08,11,1990,1040.0,2.1,8.3,0.757,1.5,0.0,0.1,0.000
'260',09,11,1990,6270.0,1.2,7.8,0.666,3.6,0.0,0.8,0.000
'260',10,11,1990,1090.0,1.7,10.7,0.882,2.1,1.9,0.1,0.037
'260',11,11,1990,2810.0,9.5,13.3,1.217,1.5,9.3,0.4,0.208
'260',12,11,1990,1750.0,7.4,10.3,1.079,2.1,0.0,0.2,0.000
'260',13,11,1990,680.0,9.3,12.5,1.213,3.6,3.5,0.1,0.171
'260',14,11,1990,1030.0,10.0,12.6,1.238,2.6,6.7,0.2,0.225
'260',15,11,1990,2430.0,8.0,12.8,1.116,2.6,3.6,0.4,0.100
'260',16,11,1990,540.0,9.3,13.9,1.293,5.7,0.9,0.1,0.042
'260',17,11,1990,530.0,6.8,14.2,1.202,4.6,14.0,0.1,0.471
'260',18,11,1990,3140.0,7.2,10.4,0.939,6.2,2.1,0.4,0.083
'260',19,11,1990,2590.0,4.7,8.5,0.782,4.1,15.5,0.3,0.288
'260',20,11,1990,1780.0,2.5,8.5,0.773,3.6,8.8,0.2,0.192
'260',21,11,1990,4300.0,2.7,8.0,0.740,2.6,2.3,0.5,0.088
'260',22,11,1990,3280.0,-0.4,7.0,0.679,1.5,0.0,0.4,0.000
'260',23,11,1990,580.0,-0.1,2.3,0.599,2.6,0.0,0.1,0.000
'260',24,11,1990,960.0,0.5,5.4,0.641,5.1,1.6,0.1,0.100
'260',25,11,1990,1490.0,2.1,6.2,0.688,4.1,1.2,0.2,0.079
'260',26,11,1990,330.0,1.0,5.1,0.728,2.6,0.8,0.0,0.200
'260',27,11,1990,1350.0,-0.6,5.3,0.653,1.5,0.0,0.2,0.000
'260',28,11,1990,2670.0,-3.1,5.9,0.610,1.5,0.0,0.3,0.000
'260',29,11,1990,1050.0,-3.4,7.5,0.704,1.5,1.0,0.1,0.075
'260',30,11,1990,2600.0,-2.6,6.0,0.631,1.5,0.0,0.3,0.000
'260',01,12,1990,1680.0,-2.6,7.4,0.674,1.0,0.0,0.2,0.000
'260',02,12,1990,730.0,5.4,7.9,0.841,1.0,0.0,0.1,0.000
'260',03,12,1990,680.0,3.9,7.4,0.775,2.1,0.3,0.1,0.033
'260',04,12,1990,2620.0,3.2,8.6,0.792,2.1,0.7,0.3,0.046
'260',05,12,1990,2410.0,-1.2,7.0,0.640,1.5,0.0,0.3,0.000
'260',06,12,1990,2060.0,-1.9,6.7,0.634,2.1,0.0,0.2,0.000
'260',07,12,1990,2710.0,-1.1,4.5,0.502,3.6,0.0,0.3,0.000
'260',08,12,1990,580.0,-1.7,3.3,0.534,4.6,0.0,0.1,0.000
'260',09,12,1990,960.0,-0.7,1.6,0.514,4.1,0.0,0.1,0.000
'260',10,12,1990,320.0,-0.7,3.6,0.595,6.2,2.6,0.0,0.083
'260',11,12,1990,580.0,2.8,4.8,0.644,3.1,2.1,0.1,0.121
'260',12,12,1990,2190.0,2.4,7.3,0.677,5.1,9.0,0.3,0.288
'260',13,12,1990,1440.0,3.7,6.1,0.680,5.1,0.1,0.2,0.012
'260',14,12,1990,2250.0,0.0,4.6,0.555,1.5,0.0,0.3,0.000
'260',15,12,1990,1070.0,-1.5,6.6,0.641,3.1,0.7,0.1,0.042
'260',16,12,1990,1290.0,-3.2,1.8,0.520,1.5,0.0,0.1,0.000
'260',17,12,1990,820.0,-1.0,1.7,0.569,2.6,0.0,0.1,0.000
'260',18,12,1990,1290.0,-1.2,0.0,0.504,2.6,0.0,0.1,0.000
'260',19,12,1990,400.0,-0.5,3.1,0.634,1.5,0.0,0.0,0.000
'260',20,12,1990,910.0,1.7,8.2,0.794,5.1,10.6,0.1,0.263
'260',21,12,1990,2680.0,1.4,9.5,0.807,2.1,0.4,0.3,0.012
'260',22,12,1990,510.0,4.2,9.3,0.910,3.1,0.0,0.1,0.000
'260',23,12,1990,1820.0,6.6,9.0,0.885,3.6,0.0,0.3,0.000
'260',24,12,1990,750.0,6.1,7.0,0.859,3.1,0.0,0.1,0.000
'260',25,12,1990,1460.0,4.6,6.9,0.745,6.2,2.4,0.2,0.112
'260',26,12,1990,1070.0,2.4,9.3,0.748,7.2,16.6,0.1,0.296
'260',27,12,1990,1770.0,4.6,8.4,0.691,6.7,1.1,0.2,0.067
'260',28,12,1990,2130.0,1.6,8.9,0.703,5.7,0.2,0.3,0.071
'260',29,12,1990,600.0,6.8,10.6,0.993,5.7,11.5,0.1,0.379
'260',30,12,1990,3420.0,4.6,8.4,0.781,5.1,0.0,0.4,0.000
'260',31,12,1990,2130.0,1.2,7.2,0.713,3.6,0.9,0.3,0.062
