* Source of data    : Royal Netherlands Meterological Institute (www.knmi.nl)
* File content      : Meteo from www.knmi.nl; input file for Swap 3.2 (www.swap.alterra.nl)
* File generated by : Alterra - Wageningen-UR (www.alterra.wur.nl)
* File generated at : 2017-02-27 11:38:43
Station,DD,MM,YYYY,Rad,Tmin,Tmax,Hum,Wind,Rain,ETref,Wet
'260',01,01,1987,820.0,3.7,8.2,0.824,3.1,8.4,0.1,0.542
'260',02,01,1987,780.0,-2.9,7.4,0.595,6.2,1.8,0.1,0.121
'260',03,01,1987,3530.0,-5.6,5.2,0.516,2.1,0.2,0.4,0.025
'260',04,01,1987,560.0,1.1,5.6,0.685,5.1,7.9,0.1,0.417
'260',05,01,1987,1620.0,4.9,7.2,0.792,6.2,0.4,0.2,0.008
'260',06,01,1987,1750.0,-1.2,5.8,0.598,4.6,5.2,0.2,0.238
'260',07,01,1987,1780.0,-4.7,0.0,0.401,2.6,0.0,0.2,0.000
'260',08,01,1987,1440.0,-7.6,0.9,0.467,2.6,1.0,0.1,0.125
'260',09,01,1987,1700.0,-3.4,0.0,0.482,3.1,0.0,0.2,0.000
'260',10,01,1987,3050.0,-9.0,-3.4,0.315,6.2,0.0,0.2,0.000
'260',11,01,1987,4730.0,-13.3,-9.0,0.174,3.6,0.0,0.3,0.000
'260',12,01,1987,4880.0,-14.4,-7.6,0.203,2.6,0.0,0.3,0.000
'260',13,01,1987,3540.0,-14.5,-7.0,0.204,4.6,0.0,0.2,0.000
'260',14,01,1987,3950.0,-15.2,-10.6,0.145,6.7,0.0,0.2,0.000
'260',15,01,1987,3350.0,-12.1,-7.0,0.186,8.2,0.0,0.2,0.000
'260',16,01,1987,1210.0,-8.4,-6.8,0.251,4.6,0.0,0.1,0.000
'260',17,01,1987,1580.0,-9.1,-6.1,0.280,1.5,0.0,0.1,0.000
'260',18,01,1987,2430.0,-6.6,-4.8,0.334,2.1,0.0,0.2,0.000
'260',19,01,1987,1150.0,-6.6,-4.9,0.347,1.0,0.0,0.1,0.000
'260',20,01,1987,1210.0,-5.8,-3.0,0.409,1.0,0.0,0.1,0.000
'260',21,01,1987,1070.0,-3.2,0.2,0.512,1.5,0.0,0.1,0.000
'260',22,01,1987,920.0,0.1,1.8,0.642,1.0,0.2,0.1,0.029
'260',23,01,1987,1580.0,1.2,5.7,0.773,2.1,0.0,0.2,0.000
'260',24,01,1987,840.0,-0.2,3.9,0.681,2.1,0.0,0.1,0.000
'260',25,01,1987,560.0,0.4,3.2,0.656,2.6,0.0,0.1,0.000
'260',26,01,1987,2830.0,-2.7,4.9,0.568,2.1,0.1,0.3,0.037
'260',27,01,1987,4260.0,-4.7,2.2,0.498,1.5,0.0,0.4,0.000
'260',28,01,1987,3790.0,-2.1,4.5,0.543,2.6,0.0,0.4,0.000
'260',29,01,1987,6630.0,-8.0,0.8,0.327,2.6,0.0,0.6,0.000
'260',30,01,1987,6530.0,-10.4,-1.5,0.211,2.1,0.0,0.5,0.000
'260',31,01,1987,6640.0,-11.1,1.5,0.257,1.0,0.0,0.5,0.000
'260',01,02,1987,6100.0,-10.8,1.2,0.300,1.5,0.0,0.5,0.000
'260',02,02,1987,5820.0,-5.4,2.2,0.337,3.1,0.0,0.6,0.000
'260',03,02,1987,940.0,-2.9,1.9,0.495,1.5,0.2,0.1,0.050
'260',04,02,1987,2020.0,1.6,4.0,0.725,1.5,0.0,0.2,0.000
'260',05,02,1987,1700.0,2.1,5.9,0.727,3.6,0.0,0.2,0.000
'260',06,02,1987,490.0,3.4,8.6,0.889,6.7,2.3,0.1,0.071
'260',07,02,1987,5990.0,-1.8,6.7,0.588,2.6,0.0,0.7,0.000
'260',08,02,1987,810.0,-0.8,7.7,0.711,4.1,3.9,0.1,0.371
'260',09,02,1987,2140.0,4.7,10.4,0.995,2.6,2.2,0.3,0.163
'260',10,02,1987,4320.0,2.8,7.5,0.707,6.2,0.5,0.6,0.029
'260',11,02,1987,6720.0,-0.5,8.1,0.645,2.1,0.6,0.8,0.050
'260',12,02,1987,1250.0,2.4,4.1,0.736,2.1,2.1,0.1,0.175
'260',13,02,1987,6000.0,-0.4,6.6,0.625,2.6,0.0,0.7,0.000
'260',14,02,1987,3830.0,0.9,6.1,0.680,3.1,0.0,0.5,0.000
'260',15,02,1987,1470.0,0.4,2.4,0.638,4.6,5.8,0.2,0.537
'260',16,02,1987,6840.0,-1.8,3.9,0.531,3.1,0.0,0.7,0.000
'260',17,02,1987,6380.0,-2.5,3.1,0.492,2.6,0.0,0.7,0.000
'260',18,02,1987,1820.0,-1.4,0.4,0.504,3.6,1.6,0.2,0.292
'260',19,02,1987,8730.0,-2.7,1.2,0.437,4.1,0.3,0.9,0.125
'260',20,02,1987,3730.0,-4.7,-0.5,0.404,5.7,0.0,0.4,0.000
'260',21,02,1987,9200.0,-2.7,3.7,0.475,5.7,0.0,1.0,0.000
'260',22,02,1987,3350.0,0.7,6.1,0.732,2.1,1.0,0.4,0.121
'260',23,02,1987,8520.0,-2.9,4.6,0.431,2.1,0.0,0.9,0.000
'260',24,02,1987,8750.0,-4.9,3.3,0.424,2.1,0.0,0.9,0.000
'260',25,02,1987,10160.0,-4.9,3.2,0.326,3.1,0.0,1.0,0.000
'260',26,02,1987,8030.0,-3.6,5.8,0.499,2.6,2.3,0.9,0.079
'260',27,02,1987,1700.0,3.7,9.8,0.958,4.1,10.7,0.2,0.283
'260',28,02,1987,2620.0,6.4,9.7,1.011,2.6,0.0,0.4,0.000
'260',01,03,1987,2980.0,5.9,9.2,0.995,2.6,9.2,0.4,0.263
'260',02,03,1987,1280.0,-5.3,10.0,0.670,5.7,20.0,0.2,0.912
'260',03,03,1987,11500.0,-7.9,-2.0,0.285,4.6,0.0,1.0,0.000
'260',04,03,1987,5840.0,-8.3,-2.2,0.312,2.1,0.0,0.5,0.000
'260',05,03,1987,11300.0,-9.1,2.3,0.297,1.5,0.0,1.1,0.000
'260',06,03,1987,9730.0,-4.9,3.4,0.321,2.6,0.0,1.0,0.000
'260',07,03,1987,10930.0,-5.3,0.6,0.316,5.7,0.0,1.0,0.000
'260',08,03,1987,10980.0,-4.9,2.3,0.290,5.1,0.0,1.1,0.000
'260',09,03,1987,11850.0,-4.5,3.7,0.382,6.2,0.0,1.2,0.000
'260',10,03,1987,13360.0,-3.9,6.9,0.314,4.6,0.0,1.4,0.000
'260',11,03,1987,13440.0,-4.6,6.4,0.294,4.1,0.0,1.4,0.000
'260',12,03,1987,13330.0,-5.8,5.0,0.304,2.1,0.0,1.4,0.000
'260',13,03,1987,10550.0,-8.1,4.2,0.332,2.1,0.0,1.0,0.000
'260',14,03,1987,12840.0,-6.1,6.7,0.298,1.5,0.0,1.3,0.000
'260',15,03,1987,3670.0,-5.7,5.0,0.530,3.6,1.2,0.4,0.042
'260',16,03,1987,7450.0,-0.6,4.9,0.499,4.1,0.7,0.8,0.054
'260',17,03,1987,1920.0,0.3,6.5,0.743,4.6,10.4,0.2,0.638
'260',18,03,1987,8930.0,0.2,6.9,0.608,5.7,11.3,1.1,0.275
'260',19,03,1987,8020.0,-1.0,5.6,0.528,2.6,0.0,0.9,0.000
'260',20,03,1987,6980.0,-1.4,5.3,0.556,3.6,1.4,0.8,0.050
'260',21,03,1987,6720.0,-0.9,5.5,0.622,3.6,7.5,0.8,0.354
'260',22,03,1987,12970.0,0.2,8.7,0.639,3.1,0.4,1.6,0.025
'260',23,03,1987,2710.0,4.2,9.3,0.915,3.6,10.5,0.4,0.650
'260',24,03,1987,3160.0,6.5,11.3,1.042,2.1,0.9,0.4,0.088
'260',25,03,1987,3340.0,6.1,13.8,1.102,3.6,5.0,0.5,0.383
'260',26,03,1987,11300.0,2.1,11.1,0.702,5.1,0.0,1.6,0.000
'260',27,03,1987,4550.0,7.2,12.6,0.858,9.8,1.7,0.7,0.092
'260',28,03,1987,7640.0,2.9,9.8,0.688,8.2,5.0,1.0,0.246
'260',29,03,1987,13300.0,0.6,7.7,0.592,4.1,0.2,1.6,0.008
'260',30,03,1987,3510.0,0.3,7.7,0.722,2.1,0.2,0.4,0.008
'260',31,03,1987,8620.0,-0.8,8.2,0.674,2.1,0.0,1.0,0.000
'260',01,04,1987,16150.0,0.5,11.3,0.600,2.6,0.0,2.1,0.000
'260',02,04,1987,13550.0,2.9,11.5,0.606,4.1,0.0,1.8,0.000
'260',03,04,1987,9540.0,3.8,13.2,0.665,5.1,0.0,1.4,0.000
'260',04,04,1987,8180.0,6.8,13.3,0.867,5.1,0.1,1.2,0.037
'260',05,04,1987,13520.0,4.7,13.9,0.718,2.6,0.0,1.9,0.000
'260',06,04,1987,10460.0,3.9,15.6,0.861,2.1,4.2,1.5,0.021
'260',07,04,1987,7970.0,4.3,15.8,0.936,3.6,9.3,1.2,0.062
'260',08,04,1987,8770.0,5.5,14.2,0.946,3.1,6.5,1.3,0.058
'260',09,04,1987,11110.0,6.0,13.7,0.875,2.6,0.7,1.6,0.079
'260',10,04,1987,12090.0,2.7,11.0,0.740,3.1,1.3,1.6,0.067
'260',11,04,1987,10960.0,4.1,9.9,0.698,6.2,12.2,1.4,0.417
'260',12,04,1987,5780.0,4.4,8.2,0.773,5.1,3.5,0.7,0.171
'260',13,04,1987,11350.0,2.9,10.7,0.756,2.1,0.0,1.6,0.000
'260',14,04,1987,4640.0,6.1,11.6,0.987,2.1,0.1,0.6,0.021
'260',15,04,1987,15570.0,4.2,15.4,0.959,2.1,0.0,2.2,0.000
'260',16,04,1987,6560.0,8.0,15.7,1.063,1.0,0.0,1.0,0.000
'260',17,04,1987,10860.0,8.1,16.8,1.064,1.0,0.0,1.7,0.000
'260',18,04,1987,18740.0,6.4,22.2,1.059,1.5,0.0,3.0,0.000
'260',19,04,1987,5270.0,8.0,15.7,1.180,2.6,4.2,0.8,0.129
'260',20,04,1987,6070.0,5.9,11.9,0.922,4.6,3.5,0.9,0.150
'260',21,04,1987,13420.0,2.8,12.8,0.736,2.6,0.0,1.9,0.000
'260',22,04,1987,21720.0,1.4,16.6,0.782,1.5,0.0,3.2,0.000
'260',23,04,1987,21640.0,3.9,19.5,0.795,2.1,0.0,3.4,0.000
'260',24,04,1987,21930.0,5.3,22.5,0.801,2.1,0.0,3.7,0.000
'260',25,04,1987,19100.0,8.6,23.8,0.995,2.1,0.0,3.2,0.000
'260',26,04,1987,18960.0,6.6,19.5,0.916,2.1,0.0,3.0,0.000
'260',27,04,1987,23210.0,5.9,19.5,0.793,2.6,0.0,3.7,0.000
'260',28,04,1987,23730.0,5.4,22.5,0.609,3.1,0.0,4.0,0.000
'260',29,04,1987,17410.0,12.3,24.4,1.288,2.6,0.0,3.1,0.000
'260',30,04,1987,14740.0,11.4,21.4,1.275,3.1,0.2,2.5,0.017
'260',01,05,1987,4210.0,11.4,14.7,1.278,3.6,0.0,0.7,0.000
'260',02,05,1987,19210.0,4.8,13.4,0.716,3.6,0.3,2.8,0.021
'260',03,05,1987,3950.0,2.5,8.4,0.739,3.1,15.9,0.5,0.350
'260',04,05,1987,10310.0,5.8,10.4,0.781,6.7,0.1,1.4,0.021
'260',05,05,1987,14190.0,5.9,11.8,0.861,5.1,0.0,2.0,0.000
'260',06,05,1987,15170.0,5.7,11.2,0.842,4.1,0.0,2.1,0.000
'260',07,05,1987,21770.0,4.5,12.3,0.807,3.6,0.0,3.0,0.000
'260',08,05,1987,24090.0,0.5,16.9,0.894,1.0,0.0,3.4,0.000
'260',09,05,1987,25360.0,4.2,21.5,0.848,1.5,0.0,4.0,0.000
'260',10,05,1987,17290.0,3.8,14.4,0.808,3.1,0.0,2.5,0.000
'260',11,05,1987,7630.0,3.2,13.4,0.811,5.1,3.8,1.1,0.150
'260',12,05,1987,7890.0,5.5,12.6,0.992,3.6,15.2,1.1,0.350
'260',13,05,1987,17830.0,3.8,11.7,0.766,3.6,1.8,2.4,0.096
'260',14,05,1987,6500.0,4.1,10.4,0.875,3.6,11.4,0.9,0.375
'260',15,05,1987,6260.0,6.3,10.3,0.930,2.6,10.6,0.9,0.225
'260',16,05,1987,13460.0,3.6,11.7,0.781,3.1,2.6,1.8,0.108
'260',17,05,1987,18650.0,2.3,14.2,0.729,2.6,0.5,2.7,0.017
'260',18,05,1987,9160.0,7.8,12.7,0.999,2.6,1.2,1.3,0.029
'260',19,05,1987,23740.0,6.8,15.6,0.832,3.6,0.0,3.5,0.000
'260',20,05,1987,14690.0,5.2,11.4,0.843,4.6,1.6,2.0,0.062
'260',21,05,1987,11550.0,6.0,12.5,0.934,4.6,12.9,1.6,0.238
'260',22,05,1987,11040.0,5.7,13.2,0.953,2.1,4.3,1.6,0.154
'260',23,05,1987,23710.0,7.2,19.1,1.027,2.6,4.3,3.7,0.133
'260',24,05,1987,25520.0,4.9,21.3,1.028,2.1,0.0,4.1,0.000
'260',25,05,1987,26920.0,6.7,22.7,1.134,2.1,0.0,4.5,0.000
'260',26,05,1987,27350.0,8.5,21.3,0.928,2.6,0.0,4.6,0.000
'260',27,05,1987,21880.0,8.0,17.2,0.939,3.6,0.0,3.4,0.000
'260',28,05,1987,13480.0,8.1,13.3,0.973,3.1,0.5,2.0,0.050
'260',29,05,1987,13460.0,5.9,15.0,0.975,1.5,15.5,2.0,0.229
'260',30,05,1987,11270.0,6.4,19.6,1.094,2.6,1.9,1.8,0.192
'260',31,05,1987,10720.0,8.7,16.8,1.203,2.1,0.0,1.7,0.000
'260',01,06,1987,15040.0,9.0,17.7,1.202,2.6,2.7,2.4,0.079
'260',02,06,1987,9240.0,11.7,17.5,1.344,1.5,6.4,1.5,0.371
'260',03,06,1987,6240.0,10.6,16.6,1.332,3.1,1.2,1.0,0.083
'260',04,06,1987,15800.0,10.7,18.9,1.297,3.1,0.3,2.5,0.012
'260',05,06,1987,7560.0,10.2,14.4,1.157,2.1,1.5,1.2,0.088
'260',06,06,1987,14110.0,11.0,18.2,1.171,4.6,1.4,2.3,0.117
'260',07,06,1987,13280.0,10.1,17.6,1.165,5.1,6.2,2.1,0.158
'260',08,06,1987,7560.0,8.1,12.8,1.086,3.1,19.5,1.1,0.383
'260',09,06,1987,9300.0,7.3,15.5,1.154,2.6,4.0,1.4,0.037
'260',10,06,1987,20680.0,5.3,18.3,1.013,2.1,1.4,3.2,0.037
'260',11,06,1987,13030.0,7.4,17.1,1.149,3.6,2.5,2.1,0.058
'260',12,06,1987,22750.0,5.1,18.8,0.993,1.0,0.0,3.6,0.000
'260',13,06,1987,7330.0,8.2,17.1,1.216,1.0,4.7,1.1,0.279
'260',14,06,1987,16120.0,9.5,16.3,1.150,2.1,0.2,2.5,0.008
'260',15,06,1987,16290.0,7.7,15.9,1.095,3.1,0.0,2.5,0.000
'260',16,06,1987,16630.0,7.3,14.9,0.936,3.1,0.0,2.5,0.000
'260',17,06,1987,11790.0,6.4,15.7,0.986,2.6,1.5,1.8,0.033
'260',18,06,1987,16610.0,6.6,16.4,1.028,3.1,0.0,2.5,0.000
'260',19,06,1987,7600.0,7.0,15.2,1.193,2.1,4.0,1.2,0.250
'260',20,06,1987,13710.0,6.6,16.6,1.082,3.1,0.0,2.1,0.000
'260',21,06,1987,14970.0,4.6,17.4,1.050,1.5,5.9,2.3,0.217
'260',22,06,1987,9820.0,9.9,18.0,1.332,2.6,4.0,1.6,0.183
'260',23,06,1987,13330.0,11.3,16.9,1.275,2.1,0.0,2.1,0.000
'260',24,06,1987,12770.0,11.4,17.2,1.298,3.6,2.7,2.0,0.092
'260',25,06,1987,19160.0,9.5,18.7,1.234,3.1,3.8,3.1,0.167
'260',26,06,1987,15960.0,11.1,19.3,1.391,2.6,0.9,2.7,0.033
'260',27,06,1987,9120.0,11.2,19.8,1.437,3.1,2.4,1.6,0.179
'260',28,06,1987,9570.0,15.9,22.9,1.974,2.6,0.0,1.7,0.000
'260',29,06,1987,19090.0,18.9,28.9,2.212,1.5,0.0,3.7,0.000
'260',30,06,1987,19780.0,14.3,27.3,2.006,2.1,0.7,3.7,0.004
'260',01,07,1987,25690.0,10.2,20.7,1.220,2.6,0.2,4.4,0.012
'260',02,07,1987,19230.0,7.9,20.6,1.098,1.5,0.0,3.2,0.000
'260',03,07,1987,25880.0,10.0,20.9,1.201,3.1,0.0,4.4,0.000
'260',04,07,1987,27710.0,10.8,23.3,1.247,2.6,0.0,4.9,0.000
'260',05,07,1987,28160.0,12.9,26.2,1.256,2.6,0.0,5.2,0.000
'260',06,07,1987,27610.0,13.9,27.9,1.335,2.1,0.0,5.2,0.000
'260',07,07,1987,24300.0,14.2,27.1,1.638,2.1,0.0,4.5,0.000
'260',08,07,1987,20770.0,11.7,21.3,1.344,2.6,0.0,3.6,0.000
'260',09,07,1987,22170.0,10.6,18.5,1.172,3.1,0.0,3.6,0.000
'260',10,07,1987,9610.0,8.2,21.6,1.172,2.1,0.0,1.6,0.000
'260',11,07,1987,19620.0,15.5,25.9,1.429,3.6,0.0,3.6,0.000
'260',12,07,1987,25210.0,12.4,21.6,1.399,3.1,0.0,4.3,0.000
'260',13,07,1987,15270.0,11.7,21.5,1.378,1.0,0.0,2.6,0.000
'260',14,07,1987,25610.0,12.4,25.1,1.222,3.6,0.1,4.7,0.004
'260',15,07,1987,12040.0,16.5,23.4,1.875,2.6,7.4,2.2,0.062
'260',16,07,1987,14580.0,16.2,26.6,2.042,2.1,36.6,2.6,0.208
'260',17,07,1987,7720.0,14.1,18.4,1.667,2.6,14.0,1.3,0.321
'260',18,07,1987,17140.0,12.3,21.9,1.475,3.6,2.5,2.9,0.042
'260',19,07,1987,20260.0,12.0,21.0,1.356,3.1,2.1,3.5,0.054
'260',20,07,1987,10060.0,13.6,19.4,1.593,2.1,4.4,1.7,0.142
'260',21,07,1987,15360.0,13.8,21.2,1.617,1.5,17.9,2.6,0.079
'260',22,07,1987,12040.0,14.9,21.1,1.618,1.0,5.8,2.1,0.175
'260',23,07,1987,10790.0,14.5,20.1,1.691,1.5,33.0,1.8,0.142
'260',24,07,1987,5790.0,11.2,17.6,1.420,2.1,3.5,0.9,0.171
'260',25,07,1987,19900.0,9.0,17.4,1.169,3.1,0.4,3.2,0.033
'260',26,07,1987,20960.0,9.5,16.6,1.072,3.6,0.9,3.3,0.017
'260',27,07,1987,8070.0,12.1,17.0,1.431,4.1,15.1,1.3,0.329
'260',28,07,1987,8990.0,11.6,18.3,1.416,1.5,1.1,1.5,0.025
'260',29,07,1987,4280.0,12.0,18.8,1.627,2.6,17.4,0.7,0.283
'260',30,07,1987,12980.0,13.3,18.7,1.425,3.1,0.6,2.2,0.029
'260',31,07,1987,7060.0,13.4,18.8,1.620,3.6,1.4,1.2,0.050
'260',01,08,1987,9480.0,13.4,18.1,1.455,3.6,0.2,1.6,0.017
'260',02,08,1987,10060.0,10.0,18.6,1.286,2.1,0.1,1.6,0.004
'260',03,08,1987,11670.0,8.9,18.6,1.229,2.1,6.4,1.9,0.033
'260',04,08,1987,16330.0,7.8,17.5,1.089,2.6,0.4,2.6,0.012
'260',05,08,1987,16610.0,8.4,16.0,1.078,3.1,3.1,2.6,0.071
'260',06,08,1987,15120.0,5.8,16.2,1.037,2.1,1.7,2.3,0.025
'260',07,08,1987,14230.0,9.7,18.1,1.109,3.1,0.0,2.3,0.000
'260',08,08,1987,5440.0,11.9,16.4,1.389,3.1,1.7,0.9,0.200
'260',09,08,1987,5640.0,9.5,16.2,1.349,1.5,5.0,0.9,0.246
'260',10,08,1987,15910.0,8.6,19.0,1.207,2.1,0.0,2.6,0.000
'260',11,08,1987,18950.0,7.3,21.4,1.123,1.0,0.0,3.1,0.000
'260',12,08,1987,11540.0,13.9,20.0,1.460,1.5,0.3,2.0,0.029
'260',13,08,1987,8350.0,13.2,23.1,1.698,2.1,13.7,1.5,0.146
'260',14,08,1987,17930.0,16.0,21.4,1.639,2.6,0.0,3.2,0.000
'260',15,08,1987,17030.0,13.6,20.1,1.407,2.6,0.0,2.9,0.000
'260',16,08,1987,16720.0,14.1,24.9,1.512,2.1,0.0,3.0,0.000
'260',17,08,1987,13060.0,12.6,27.0,1.710,1.0,0.1,2.4,0.008
'260',18,08,1987,10000.0,16.1,23.6,1.945,1.5,8.5,1.8,0.158
'260',19,08,1987,14210.0,14.4,23.0,1.703,2.1,2.2,2.5,0.062
'260',20,08,1987,17050.0,13.6,23.8,1.655,1.5,0.0,3.0,0.000
'260',21,08,1987,19860.0,16.3,29.4,1.889,2.1,0.0,3.8,0.000
'260',22,08,1987,9380.0,17.0,24.3,1.919,2.6,1.6,1.7,0.042
'260',23,08,1987,12880.0,13.2,22.5,1.623,2.1,1.3,2.3,0.004
'260',24,08,1987,13830.0,10.8,22.0,1.414,2.6,21.4,2.4,0.229
'260',25,08,1987,8190.0,14.0,20.6,1.552,3.1,4.5,1.4,0.067
'260',26,08,1987,8060.0,13.9,18.8,1.486,4.6,4.4,1.3,0.254
'260',27,08,1987,6720.0,13.6,18.0,1.560,3.1,5.1,1.1,0.083
'260',28,08,1987,10830.0,13.8,19.2,1.460,3.1,0.1,1.8,0.004
'260',29,08,1987,7760.0,12.0,20.9,1.591,2.1,1.4,1.3,0.100
'260',30,08,1987,14560.0,8.4,22.0,1.331,1.5,0.0,2.4,0.000
'260',31,08,1987,15230.0,11.1,18.3,1.243,2.1,0.0,2.5,0.000
'260',01,09,1987,16810.0,9.3,23.7,1.488,1.5,0.0,2.8,0.000
'260',02,09,1987,8050.0,13.6,19.7,1.597,1.0,0.0,1.4,0.000
'260',03,09,1987,11110.0,13.2,24.6,1.818,1.5,0.0,2.0,0.000
'260',04,09,1987,6600.0,15.1,20.3,1.707,1.0,0.2,1.1,0.037
'260',05,09,1987,9560.0,10.6,19.3,1.400,2.1,0.5,1.6,0.017
'260',06,09,1987,14710.0,12.9,19.8,1.426,4.1,1.4,2.5,0.104
'260',07,09,1987,8450.0,9.0,18.2,1.258,3.6,1.3,1.4,0.092
'260',08,09,1987,14030.0,8.3,19.2,1.154,2.1,0.0,2.3,0.000
'260',09,09,1987,9880.0,11.0,18.7,1.405,2.1,0.7,1.6,0.025
'260',10,09,1987,6460.0,12.8,17.8,1.291,3.6,1.2,1.1,0.062
'260',11,09,1987,15380.0,12.8,20.5,1.307,3.6,0.5,2.6,0.042
'260',12,09,1987,9570.0,14.3,22.4,1.695,6.7,3.0,1.7,0.142
'260',13,09,1987,2270.0,14.0,18.7,1.773,2.1,7.9,0.4,0.388
'260',14,09,1987,14980.0,13.3,19.6,1.304,3.1,2.0,2.5,0.117
'260',15,09,1987,14850.0,10.5,19.6,1.232,2.1,0.0,2.4,0.000
'260',16,09,1987,6480.0,10.7,18.9,1.223,1.0,0.0,1.1,0.000
'260',17,09,1987,10390.0,11.8,25.0,1.796,2.6,0.0,1.8,0.000
'260',18,09,1987,9290.0,8.8,20.5,1.237,2.6,14.6,1.6,0.121
'260',19,09,1987,10150.0,6.6,17.5,0.992,1.0,9.1,1.6,0.171
'260',20,09,1987,8930.0,15.0,21.5,1.759,1.5,0.0,1.6,0.000
'260',21,09,1987,9370.0,15.8,23.7,1.926,2.1,0.0,1.7,0.000
'260',22,09,1987,6250.0,12.0,21.8,1.733,2.1,2.5,1.1,0.054
'260',23,09,1987,10070.0,12.2,19.4,1.251,1.5,0.0,1.7,0.000
'260',24,09,1987,7060.0,9.0,16.9,1.221,3.1,13.8,1.1,0.229
'260',25,09,1987,11440.0,5.4,16.3,0.977,2.6,0.4,1.7,0.017
'260',26,09,1987,11810.0,5.0,16.2,0.933,1.5,0.1,1.8,0.012
'260',27,09,1987,9480.0,4.3,14.2,0.824,2.1,0.2,1.4,0.004
'260',28,09,1987,9750.0,3.2,14.3,0.849,1.5,0.0,1.4,0.000
'260',29,09,1987,10710.0,2.7,15.4,0.852,1.5,0.0,1.5,0.000
'260',30,09,1987,13320.0,4.0,14.4,0.776,3.1,0.0,1.9,0.000
'260',01,10,1987,12640.0,6.3,15.0,0.868,4.1,0.0,1.9,0.000
'260',02,10,1987,13170.0,5.9,16.0,0.854,4.1,0.0,2.0,0.000
'260',03,10,1987,12160.0,5.8,14.6,0.854,3.6,0.0,1.8,0.000
'260',04,10,1987,9120.0,5.7,17.4,1.097,2.1,0.0,1.4,0.000
'260',05,10,1987,7300.0,9.2,18.9,1.384,2.6,7.8,1.2,0.292
'260',06,10,1987,3700.0,9.1,17.5,1.322,3.6,6.7,0.6,0.179
'260',07,10,1987,7110.0,7.4,14.0,1.017,5.7,9.2,1.1,0.342
'260',08,10,1987,4740.0,6.6,14.1,0.994,6.2,18.9,0.7,0.475
'260',09,10,1987,7150.0,5.6,15.3,0.974,5.1,0.5,1.1,0.058
'260',10,10,1987,7530.0,9.9,20.1,1.070,4.6,0.0,1.2,0.000
'260',11,10,1987,7160.0,4.7,16.6,1.013,3.6,0.0,1.0,0.000
'260',12,10,1987,3270.0,4.8,10.1,0.933,1.5,0.3,0.5,0.008
'260',13,10,1987,3590.0,5.3,15.0,1.097,2.6,2.9,0.5,0.021
'260',14,10,1987,8950.0,7.0,14.2,0.994,4.1,7.1,1.3,0.133
'260',15,10,1987,4000.0,11.1,17.7,1.414,6.7,18.9,0.6,0.496
'260',16,10,1987,7630.0,11.2,19.9,1.135,7.7,1.5,1.3,0.025
'260',17,10,1987,8400.0,7.6,16.2,1.058,3.1,0.0,1.3,0.000
'260',18,10,1987,9460.0,6.3,16.7,0.991,3.1,0.0,1.4,0.000
'260',19,10,1987,8710.0,7.5,15.5,1.053,3.6,0.0,1.3,0.000
'260',20,10,1987,5620.0,9.4,14.6,1.111,4.1,0.0,0.9,0.000
'260',21,10,1987,4000.0,8.8,17.4,1.153,3.6,1.6,0.6,0.062
'260',22,10,1987,8130.0,3.7,15.4,0.906,1.5,5.5,1.2,0.104
'260',23,10,1987,5620.0,1.5,12.7,0.832,1.0,0.0,0.8,0.000
'260',24,10,1987,5870.0,4.3,13.2,0.954,0.5,0.0,0.8,0.000
'260',25,10,1987,7060.0,2.9,12.7,0.883,1.0,0.0,0.9,0.000
'260',26,10,1987,7430.0,3.3,11.3,0.883,3.1,0.0,1.0,0.000
'260',27,10,1987,4900.0,7.2,14.4,1.061,4.6,0.0,0.7,0.000
'260',28,10,1987,750.0,10.7,13.4,1.231,2.1,4.1,0.1,0.242
'260',29,10,1987,880.0,8.6,11.8,1.216,1.0,11.5,0.1,0.258
'260',30,10,1987,2070.0,8.4,12.6,1.171,1.0,0.0,0.3,0.000
'260',31,10,1987,1600.0,10.1,12.4,1.240,1.0,0.0,0.2,0.000
'260',01,11,1987,3430.0,9.8,15.1,1.223,2.1,1.5,0.5,0.025
'260',02,11,1987,6670.0,5.5,14.4,0.944,1.0,0.0,1.0,0.000
'260',03,11,1987,3290.0,3.8,11.9,0.937,1.5,0.0,0.5,0.000
'260',04,11,1987,5790.0,3.8,10.7,0.826,2.1,0.0,0.8,0.000
'260',05,11,1987,3750.0,1.4,10.6,0.804,2.1,0.0,0.5,0.000
'260',06,11,1987,1730.0,7.6,9.8,0.911,1.0,0.0,0.2,0.000
'260',07,11,1987,2930.0,-0.6,8.0,0.689,1.0,0.0,0.4,0.000
'260',08,11,1987,750.0,-0.7,3.4,0.657,1.5,0.0,0.1,0.000
'260',09,11,1987,540.0,2.8,4.1,0.722,1.5,0.0,0.1,0.000
'260',10,11,1987,650.0,3.4,6.6,0.812,1.5,0.7,0.1,0.183
'260',11,11,1987,1120.0,6.1,10.9,1.022,4.6,7.0,0.2,0.492
'260',12,11,1987,3080.0,5.7,11.0,0.833,7.2,9.6,0.4,0.329
'260',13,11,1987,2400.0,5.3,8.5,0.870,3.6,4.4,0.3,0.312
'260',14,11,1987,5310.0,3.8,10.7,0.810,3.6,4.6,0.7,0.071
'260',15,11,1987,2340.0,4.3,8.4,0.812,4.6,3.7,0.3,0.383
'260',16,11,1987,2480.0,7.7,12.9,1.080,5.1,2.6,0.4,0.058
'260',17,11,1987,1450.0,7.6,11.9,0.937,4.1,0.0,0.2,0.000
'260',18,11,1987,2480.0,5.6,13.2,1.069,2.6,0.0,0.4,0.000
'260',19,11,1987,340.0,6.2,10.9,0.988,4.6,31.1,0.0,0.558
'260',20,11,1987,3030.0,6.2,10.6,0.896,4.6,7.7,0.4,0.196
'260',21,11,1987,2400.0,6.9,10.6,0.931,3.1,3.6,0.3,0.283
'260',22,11,1987,880.0,5.0,8.5,0.939,2.1,7.1,0.1,0.358
'260',23,11,1987,1840.0,4.4,7.1,0.828,1.5,2.5,0.2,0.154
'260',24,11,1987,780.0,2.0,6.0,0.696,4.6,0.0,0.1,0.000
'260',25,11,1987,210.0,1.7,5.0,0.687,5.1,2.4,0.0,0.567
'260',26,11,1987,330.0,4.0,5.1,0.807,1.0,2.2,0.0,0.292
'260',27,11,1987,670.0,1.2,5.9,0.738,1.5,1.5,0.1,0.212
'260',28,11,1987,1240.0,3.1,6.0,0.794,0.5,0.3,0.2,0.029
'260',29,11,1987,2390.0,3.9,6.8,0.775,2.1,0.0,0.3,0.000
'260',30,11,1987,2030.0,-2.3,7.4,0.618,0.5,0.0,0.2,0.000
'260',01,12,1987,1690.0,-1.9,4.4,0.604,2.1,0.0,0.2,0.000
'260',02,12,1987,2430.0,0.1,3.8,0.551,4.6,0.0,0.3,0.000
'260',03,12,1987,3490.0,-0.8,3.8,0.525,4.1,0.0,0.4,0.000
'260',04,12,1987,3000.0,-1.7,2.1,0.543,2.6,0.0,0.3,0.000
'260',05,12,1987,1080.0,-0.9,1.3,0.565,3.1,0.0,0.1,0.000
'260',06,12,1987,620.0,-2.4,1.4,0.531,3.1,0.3,0.1,0.033
'260',07,12,1987,3970.0,-5.7,3.2,0.417,2.6,0.0,0.4,0.000
'260',08,12,1987,3000.0,-7.7,0.5,0.400,1.0,0.6,0.3,0.025
'260',09,12,1987,2430.0,-7.7,-3.4,0.384,1.0,0.0,0.2,0.000
'260',10,12,1987,880.0,-3.4,5.7,0.647,2.1,0.6,0.1,0.008
'260',11,12,1987,1650.0,2.1,6.8,0.727,1.0,2.8,0.2,0.067
'260',12,12,1987,1280.0,-1.3,5.7,0.664,0.5,0.0,0.1,0.000
'260',13,12,1987,2600.0,-0.4,5.4,0.621,2.1,0.0,0.3,0.000
'260',14,12,1987,730.0,-3.4,-0.4,0.455,2.6,0.0,0.1,0.000
'260',15,12,1987,540.0,-3.8,2.4,0.546,3.1,0.0,0.1,0.000
'260',16,12,1987,390.0,2.4,10.9,0.972,3.1,10.4,0.1,0.500
'260',17,12,1987,1070.0,9.9,12.6,1.260,4.1,25.8,0.2,0.533
'260',18,12,1987,650.0,10.0,14.7,1.292,6.2,3.2,0.1,0.133
'260',19,12,1987,2370.0,7.2,10.3,0.976,4.1,0.8,0.3,0.092
'260',20,12,1987,960.0,8.2,10.3,1.032,4.6,0.2,0.1,0.037
'260',21,12,1987,600.0,8.2,9.8,1.048,3.6,0.6,0.1,0.075
'260',22,12,1987,3190.0,-0.7,10.0,0.732,1.5,0.1,0.4,0.021
'260',23,12,1987,2820.0,-0.7,6.6,0.651,2.6,0.0,0.3,0.000
'260',24,12,1987,360.0,-0.6,5.1,0.670,2.6,0.0,0.0,0.000
'260',25,12,1987,360.0,5.0,8.0,0.909,3.1,1.4,0.0,0.179
'260',26,12,1987,870.0,5.9,9.0,0.916,5.1,0.4,0.1,0.008
'260',27,12,1987,650.0,8.0,9.7,0.996,5.1,0.1,0.1,0.042
'260',28,12,1987,620.0,9.0,12.2,1.121,6.2,0.0,0.1,0.000
'260',29,12,1987,680.0,8.8,13.1,1.107,6.7,5.1,0.1,0.175
'260',30,12,1987,1670.0,7.3,11.4,1.062,3.6,5.7,0.2,0.125
'260',31,12,1987,2260.0,7.9,10.6,1.039,4.1,0.0,0.3,0.000
