* Source of data    : Royal Netherlands Meterological Institute (www.knmi.nl)
* File content      : Meteo from www.knmi.nl; input file for Swap 3.2 (www.swap.alterra.nl)
* File generated by : Alterra - Wageningen-UR (www.alterra.wur.nl)
* File generated at : 2017-02-27 11:38:43
Station,DD,MM,YYYY,Rad,Tmin,Tmax,Hum,Wind,Rain,ETref,Wet
'260',01,01,1981,2300.0,0.7,8.0,0.653,6.2,5.7,0.3,0.108
'260',02,01,1981,290.0,3.4,8.4,0.854,5.7,20.1,0.0,0.646
'260',03,01,1981,1520.0,3.8,10.4,0.780,7.7,7.5,0.2,0.121
'260',04,01,1981,2100.0,0.3,6.3,0.642,4.6,3.7,0.3,0.112
'260',05,01,1981,3180.0,0.2,4.5,0.588,2.6,0.6,0.4,0.050
'260',06,01,1981,2600.0,-2.4,2.3,0.560,2.6,4.9,0.3,0.175
'260',07,01,1981,4000.0,-3.1,2.9,0.519,1.5,0.0,0.4,0.000
'260',08,01,1981,870.0,-4.0,2.7,0.559,2.6,0.7,0.1,0.037
'260',09,01,1981,1140.0,2.7,7.0,0.822,3.6,11.0,0.1,0.554
'260',10,01,1981,2960.0,1.1,4.9,0.627,3.6,1.5,0.3,0.125
'260',11,01,1981,4620.0,-3.6,3.6,0.514,2.1,0.0,0.5,0.000
'260',12,01,1981,570.0,-3.5,1.3,0.525,4.1,10.0,0.1,0.292
'260',13,01,1981,4100.0,-2.5,2.5,0.540,2.6,1.3,0.4,0.046
'260',14,01,1981,380.0,-0.5,7.5,0.691,6.7,20.1,0.0,0.588
'260',15,01,1981,2550.0,-0.9,4.3,0.586,4.1,7.8,0.3,0.204
'260',16,01,1981,2870.0,-2.7,3.7,0.550,3.1,5.1,0.3,0.254
'260',17,01,1981,2110.0,2.3,5.7,0.724,3.6,1.1,0.3,0.133
'260',18,01,1981,3370.0,-0.1,3.0,0.532,2.6,0.0,0.4,0.000
'260',19,01,1981,1410.0,-0.1,6.3,0.666,5.1,5.4,0.2,0.200
'260',20,01,1981,2760.0,-1.1,2.8,0.569,2.1,1.2,0.3,0.037
'260',21,01,1981,2200.0,-1.6,1.6,0.560,2.6,0.1,0.2,0.004
'260',22,01,1981,800.0,1.3,3.8,0.708,2.1,0.8,0.1,0.183
'260',23,01,1981,1010.0,3.8,6.0,0.868,1.5,0.1,0.1,0.042
'260',24,01,1981,570.0,1.7,6.5,0.810,2.6,1.8,0.1,0.054
'260',25,01,1981,1860.0,1.1,6.5,0.742,2.6,0.0,0.2,0.000
'260',26,01,1981,4840.0,-2.4,7.0,0.604,1.0,2.5,0.6,0.108
'260',27,01,1981,970.0,3.3,7.4,0.886,1.5,1.1,0.1,0.083
'260',28,01,1981,1380.0,4.0,6.1,0.849,1.0,0.0,0.2,0.000
'260',29,01,1981,1260.0,3.2,5.3,0.763,1.0,0.0,0.2,0.000
'260',30,01,1981,1130.0,-0.6,4.8,0.658,1.5,0.0,0.1,0.000
'260',31,01,1981,4350.0,0.3,8.3,0.646,2.1,0.0,0.5,0.000
'260',01,02,1981,1590.0,-1.5,5.6,0.683,2.1,0.0,0.2,0.000
'260',02,02,1981,5750.0,-0.4,8.0,0.677,4.1,0.0,0.7,0.000
'260',03,02,1981,3890.0,4.8,9.3,0.823,5.7,15.9,0.5,0.337
'260',04,02,1981,2190.0,0.9,5.4,0.666,3.1,1.7,0.3,0.137
'260',05,02,1981,2210.0,-0.7,4.4,0.583,2.6,1.6,0.3,0.129
'260',06,02,1981,1350.0,3.8,9.4,0.896,3.6,1.6,0.2,0.079
'260',07,02,1981,2200.0,7.6,10.7,1.054,4.6,0.0,0.3,0.000
'260',08,02,1981,1740.0,7.3,9.6,0.974,4.1,0.6,0.2,0.029
'260',09,02,1981,1760.0,5.3,8.3,0.872,2.6,0.0,0.2,0.000
'260',10,02,1981,2630.0,0.4,5.6,0.581,6.2,5.6,0.3,0.425
'260',11,02,1981,5940.0,-2.4,4.2,0.503,2.1,0.6,0.6,0.046
'260',12,02,1981,4490.0,-4.2,3.1,0.521,1.0,0.1,0.5,0.042
'260',13,02,1981,8280.0,-4.1,2.2,0.426,2.1,0.0,0.8,0.000
'260',14,02,1981,7820.0,-6.5,2.3,0.411,0.5,0.0,0.7,0.000
'260',15,02,1981,6550.0,-4.0,3.6,0.500,0.5,0.0,0.7,0.000
'260',16,02,1981,6090.0,-6.1,3.3,0.418,1.0,0.0,0.6,0.000
'260',17,02,1981,2530.0,0.4,3.5,0.620,2.6,0.0,0.3,0.000
'260',18,02,1981,1940.0,-1.7,2.0,0.512,4.1,0.0,0.2,0.000
'260',19,02,1981,2040.0,-1.5,0.8,0.521,4.1,0.0,0.2,0.000
'260',20,02,1981,4460.0,-4.7,-0.2,0.419,3.6,1.2,0.4,0.208
'260',21,02,1981,9030.0,-6.9,-0.3,0.352,2.1,0.0,0.8,0.000
'260',22,02,1981,8450.0,-6.8,1.4,0.368,3.6,0.0,0.8,0.000
'260',23,02,1981,7760.0,-6.4,1.5,0.409,3.1,0.0,0.7,0.000
'260',24,02,1981,3110.0,-4.2,0.1,0.477,4.1,0.8,0.3,0.129
'260',25,02,1981,7660.0,-1.9,3.0,0.516,2.6,0.0,0.8,0.000
'260',26,02,1981,5860.0,-2.3,3.9,0.514,3.1,0.0,0.6,0.000
'260',27,02,1981,10010.0,-2.9,7.4,0.367,6.2,0.0,1.2,0.000
'260',28,02,1981,3430.0,0.0,3.6,0.481,6.7,8.6,0.4,0.321
'260',01,03,1981,7470.0,1.8,8.6,0.799,3.1,0.1,0.9,0.042
'260',02,03,1981,3200.0,4.8,8.5,0.914,2.6,0.5,0.4,0.088
'260',03,03,1981,1990.0,0.2,5.4,0.727,4.1,1.6,0.2,0.104
'260',04,03,1981,5230.0,-0.7,1.9,0.503,3.1,0.0,0.6,0.000
'260',05,03,1981,4760.0,-0.1,5.4,0.571,2.1,0.9,0.5,0.046
'260',06,03,1981,3000.0,1.9,8.3,0.774,3.1,0.8,0.4,0.037
'260',07,03,1981,1270.0,7.8,13.3,1.155,6.7,4.9,0.2,0.288
'260',08,03,1981,2300.0,9.2,14.0,1.206,6.7,5.3,0.3,0.229
'260',09,03,1981,1700.0,8.4,10.9,1.159,4.6,26.1,0.2,0.888
'260',10,03,1981,1180.0,7.9,14.7,1.252,3.6,15.1,0.2,0.567
'260',11,03,1981,1510.0,9.8,14.3,1.262,7.7,26.3,0.2,0.529
'260',12,03,1981,2960.0,8.3,11.2,1.102,4.1,7.9,0.4,0.212
'260',13,03,1981,4900.0,6.9,11.8,0.988,3.6,8.9,0.7,0.104
'260',14,03,1981,2250.0,6.3,8.7,0.936,3.6,8.7,0.3,0.479
'260',15,03,1981,2140.0,3.6,7.5,0.819,2.1,3.3,0.3,0.267
'260',16,03,1981,6580.0,0.1,8.0,0.655,1.5,3.4,0.8,0.167
'260',17,03,1981,9540.0,-1.7,6.4,0.613,1.0,0.3,1.1,0.017
'260',18,03,1981,5800.0,-1.3,6.7,0.611,3.6,0.8,0.7,0.133
'260',19,03,1981,4840.0,6.2,9.5,0.777,6.7,0.0,0.7,0.000
'260',20,03,1981,11390.0,6.1,12.1,0.833,4.6,0.0,1.6,0.000
'260',21,03,1981,9640.0,6.8,15.7,0.951,5.7,0.2,1.5,0.008
'260',22,03,1981,3710.0,2.0,14.2,0.738,6.2,1.9,0.5,0.083
'260',23,03,1981,3210.0,0.4,12.4,0.863,4.6,6.0,0.4,0.163
'260',24,03,1981,6270.0,9.2,12.8,1.034,5.7,2.5,0.9,0.229
'260',25,03,1981,4250.0,11.3,16.6,1.334,4.1,5.9,0.7,0.238
'260',26,03,1981,6520.0,4.6,15.1,0.931,4.1,1.5,0.9,0.067
'260',27,03,1981,17230.0,1.9,15.5,0.666,3.6,0.0,2.5,0.000
'260',28,03,1981,8940.0,8.9,16.1,0.767,3.1,0.0,1.4,0.000
'260',29,03,1981,10300.0,9.5,17.6,0.972,2.6,0.7,1.6,0.129
'260',30,03,1981,6200.0,7.5,15.1,1.073,2.1,0.7,0.9,0.058
'260',31,03,1981,5520.0,6.9,14.0,1.056,2.6,0.0,0.8,0.000
'260',01,04,1981,2660.0,7.8,11.2,1.067,2.1,0.0,0.4,0.000
'260',02,04,1981,3070.0,7.2,9.8,1.001,1.5,0.1,0.4,0.004
'260',03,04,1981,3620.0,7.5,10.5,1.046,3.1,0.0,0.5,0.000
'260',04,04,1981,2500.0,5.5,7.5,0.819,2.6,0.1,0.3,0.004
'260',05,04,1981,8410.0,4.3,9.5,0.784,2.6,0.0,1.1,0.000
'260',06,04,1981,11000.0,2.6,11.3,0.725,2.6,0.0,1.5,0.000
'260',07,04,1981,10170.0,3.6,14.9,0.914,1.5,0.0,1.5,0.000
'260',08,04,1981,11810.0,5.9,15.8,0.804,1.5,0.0,1.7,0.000
'260',09,04,1981,15600.0,4.1,19.1,0.936,1.0,0.0,2.4,0.000
'260',10,04,1981,18370.0,5.0,20.6,0.808,2.6,0.0,3.0,0.000
'260',11,04,1981,16030.0,9.2,20.9,1.133,3.1,0.0,2.6,0.000
'260',12,04,1981,9070.0,8.2,16.1,1.175,1.5,0.3,1.4,0.012
'260',13,04,1981,13700.0,4.2,14.8,0.766,4.6,0.0,2.0,0.000
'260',14,04,1981,21090.0,3.1,18.3,0.646,3.6,0.0,3.1,0.000
'260',15,04,1981,21990.0,4.1,17.2,0.646,3.6,0.0,3.2,0.000
'260',16,04,1981,20650.0,4.7,16.9,0.685,4.1,0.0,3.0,0.000
'260',17,04,1981,20130.0,1.3,10.4,0.479,4.1,0.0,2.6,0.000
'260',18,04,1981,14180.0,0.1,10.4,0.558,3.1,0.0,1.8,0.000
'260',19,04,1981,8800.0,3.9,8.8,0.735,5.1,2.3,1.1,0.071
'260',20,04,1981,19420.0,1.3,11.2,0.578,4.6,0.0,2.5,0.000
'260',21,04,1981,6920.0,0.4,8.2,0.604,2.6,0.0,0.9,0.000
'260',22,04,1981,14060.0,2.0,8.8,0.586,2.6,0.3,1.8,0.021
'260',23,04,1981,18200.0,-3.3,7.6,0.451,2.1,0.2,2.1,0.004
'260',24,04,1981,20150.0,-4.4,9.3,0.382,3.6,0.0,2.5,0.000
'260',25,04,1981,7770.0,4.5,13.5,0.602,3.1,0.1,1.1,0.004
'260',26,04,1981,8120.0,5.3,10.9,0.829,2.1,0.3,1.1,0.021
'260',27,04,1981,16650.0,3.5,13.2,0.775,4.6,0.0,2.3,0.000
'260',28,04,1981,7420.0,0.4,8.1,0.696,2.6,4.3,0.9,0.492
'260',29,04,1981,8540.0,6.6,12.6,0.969,3.1,0.6,1.2,0.108
'260',30,04,1981,2680.0,7.6,10.3,1.052,3.6,7.5,0.4,0.683
'260',01,05,1981,18370.0,2.2,10.4,0.651,3.6,0.1,2.4,0.004
'260',02,05,1981,17900.0,0.8,10.4,0.585,3.1,0.0,2.3,0.000
'260',03,05,1981,13110.0,-2.0,10.3,0.568,3.6,2.3,1.7,0.071
'260',04,05,1981,7520.0,4.2,10.8,0.828,3.1,8.5,1.0,0.258
'260',05,05,1981,7930.0,0.6,9.4,0.681,3.1,9.1,1.0,0.142
'260',06,05,1981,6820.0,1.0,15.3,0.892,2.6,0.7,1.0,0.083
'260',07,05,1981,20210.0,5.0,20.4,0.951,4.1,0.0,3.3,0.000
'260',08,05,1981,7980.0,10.3,17.0,1.247,2.6,5.4,1.3,0.083
'260',09,05,1981,18120.0,11.0,23.1,1.229,2.1,4.2,3.1,0.029
'260',10,05,1981,22810.0,13.2,27.1,1.183,2.6,0.0,4.2,0.000
'260',11,05,1981,23340.0,14.5,25.4,1.342,3.1,0.0,4.2,0.000
'260',12,05,1981,22140.0,13.0,21.5,1.307,2.1,1.9,3.8,0.008
'260',13,05,1981,17840.0,11.0,19.7,1.258,1.5,0.4,3.0,0.012
'260',14,05,1981,8160.0,11.2,15.9,1.203,1.5,0.6,1.3,0.058
'260',15,05,1981,20430.0,10.6,18.8,1.124,2.1,0.0,3.3,0.000
'260',16,05,1981,11310.0,7.8,17.9,1.118,2.6,2.5,1.8,0.042
'260',17,05,1981,18010.0,6.0,15.9,0.914,2.6,5.1,2.7,0.083
'260',18,05,1981,22040.0,4.9,18.1,0.938,2.1,0.0,3.5,0.000
'260',19,05,1981,14020.0,11.6,22.7,1.387,2.1,0.3,2.4,0.008
'260',20,05,1981,22250.0,13.1,27.2,1.340,2.6,0.0,4.1,0.000
'260',21,05,1981,19870.0,13.3,25.6,1.594,1.5,9.8,3.6,0.125
'260',22,05,1981,14310.0,9.1,17.5,1.256,2.1,17.7,2.3,0.188
'260',23,05,1981,11050.0,8.3,17.3,1.207,3.1,4.6,1.7,0.217
'260',24,05,1981,15030.0,8.3,14.1,1.132,3.1,7.7,2.3,0.125
'260',25,05,1981,11560.0,7.2,14.6,1.091,2.6,4.3,1.7,0.062
'260',26,05,1981,16090.0,7.1,16.0,1.035,2.1,0.4,2.5,0.012
'260',27,05,1981,16190.0,5.7,18.6,1.021,1.5,1.1,2.5,0.071
'260',28,05,1981,13950.0,8.9,17.0,1.061,2.6,2.5,2.1,0.129
'260',29,05,1981,19910.0,6.3,18.8,1.085,1.0,0.0,3.2,0.000
'260',30,05,1981,19590.0,12.8,20.9,1.335,1.5,0.0,3.3,0.000
'260',31,05,1981,20680.0,14.2,26.6,1.646,2.1,6.4,3.7,0.133
'260',01,06,1981,22840.0,13.5,24.9,1.561,1.0,0.0,4.1,0.000
'260',02,06,1981,20650.0,14.3,26.0,1.824,2.1,0.2,3.7,0.004
'260',03,06,1981,19360.0,13.6,20.9,1.323,2.1,0.4,3.3,0.012
'260',04,06,1981,24060.0,11.6,18.6,1.073,3.1,0.0,4.0,0.000
'260',05,06,1981,17650.0,11.4,18.4,1.126,3.1,6.7,2.9,0.250
'260',06,06,1981,19160.0,10.8,19.1,1.269,3.1,0.3,3.2,0.008
'260',07,06,1981,16670.0,11.2,18.2,1.166,2.6,0.2,2.8,0.004
'260',08,06,1981,10300.0,14.2,21.0,1.718,2.6,3.2,1.8,0.067
'260',09,06,1981,13860.0,12.8,18.2,1.264,3.6,0.0,2.3,0.000
'260',10,06,1981,18400.0,10.6,17.4,1.049,4.1,0.0,3.0,0.000
'260',11,06,1981,7010.0,10.6,17.4,1.316,2.6,6.6,1.1,0.246
'260',12,06,1981,14530.0,6.2,15.9,0.929,2.6,0.0,2.3,0.000
'260',13,06,1981,25130.0,4.2,20.1,0.844,2.1,0.0,4.0,0.000
'260',14,06,1981,11240.0,13.2,20.9,1.550,2.1,0.0,2.0,0.000
'260',15,06,1981,12850.0,13.6,21.7,1.573,3.1,0.1,2.2,0.004
'260',16,06,1981,17720.0,10.2,16.2,1.008,3.6,1.0,2.8,0.012
'260',17,06,1981,12710.0,9.1,15.2,1.073,3.1,4.8,1.9,0.142
'260',18,06,1981,9030.0,9.2,13.0,0.927,2.6,0.0,1.4,0.000
'260',19,06,1981,19370.0,9.0,16.1,0.990,1.5,0.0,3.0,0.000
'260',20,06,1981,7830.0,9.2,14.8,1.104,1.5,0.2,1.2,0.033
'260',21,06,1981,12580.0,7.2,14.0,0.908,2.6,0.1,1.9,0.008
'260',22,06,1981,18430.0,8.7,18.8,1.169,3.1,0.0,3.0,0.000
'260',23,06,1981,19430.0,8.8,20.9,1.104,1.5,0.0,3.2,0.000
'260',24,06,1981,21390.0,9.2,22.3,1.122,1.0,0.0,3.6,0.000
'260',25,06,1981,11380.0,12.0,17.3,1.376,2.6,0.0,1.9,0.000
'260',26,06,1981,2080.0,11.0,13.0,1.235,3.1,10.1,0.3,0.413
'260',27,06,1981,9510.0,10.8,16.1,1.284,2.1,0.2,1.5,0.017
'260',28,06,1981,2440.0,11.5,12.7,1.348,3.6,17.1,0.4,0.800
'260',29,06,1981,5560.0,9.0,12.6,1.091,4.1,8.4,0.8,0.421
'260',30,06,1981,6090.0,8.6,15.1,1.226,3.6,1.3,1.0,0.067
'260',01,07,1981,11890.0,12.4,18.0,1.375,3.6,0.0,2.0,0.000
'260',02,07,1981,7940.0,12.1,18.4,1.450,1.5,16.8,1.3,0.233
'260',03,07,1981,16570.0,12.0,18.0,1.386,3.1,0.9,2.7,0.088
'260',04,07,1981,15610.0,12.2,19.9,1.344,3.1,0.8,2.6,0.012
'260',05,07,1981,18260.0,12.2,22.1,1.514,2.1,0.0,3.2,0.000
'260',06,07,1981,17020.0,13.1,22.0,1.483,2.6,0.0,3.0,0.000
'260',07,07,1981,20940.0,12.9,22.6,1.416,1.5,0.0,3.6,0.000
'260',08,07,1981,25860.0,13.8,28.0,1.578,1.5,0.0,4.9,0.000
'260',09,07,1981,20080.0,17.8,28.9,1.893,1.5,4.5,3.8,0.088
'260',10,07,1981,13360.0,16.9,23.3,1.940,1.5,7.0,2.4,0.046
'260',11,07,1981,15670.0,15.2,22.2,1.699,2.1,0.0,2.8,0.000
'260',12,07,1981,13360.0,11.5,19.6,1.445,2.6,0.0,2.2,0.000
'260',13,07,1981,15670.0,11.3,21.8,1.440,1.5,0.8,2.6,0.017
'260',14,07,1981,12940.0,11.2,19.6,1.403,2.6,0.0,2.2,0.000
'260',15,07,1981,16670.0,13.2,20.6,1.362,1.5,0.0,2.8,0.000
'260',16,07,1981,7070.0,12.3,19.0,1.588,3.1,18.7,1.2,0.167
'260',17,07,1981,22650.0,9.3,17.7,1.131,2.6,0.1,3.7,0.004
'260',18,07,1981,17390.0,9.4,17.5,1.158,1.5,0.2,2.8,0.008
'260',19,07,1981,21080.0,12.0,19.9,1.170,2.6,0.0,3.5,0.000
'260',20,07,1981,11450.0,14.4,18.9,1.554,2.1,1.7,2.0,0.033
'260',21,07,1981,8420.0,12.1,18.5,1.529,2.1,2.9,1.4,0.112
'260',22,07,1981,12650.0,12.3,20.6,1.453,2.6,0.0,2.2,0.000
'260',23,07,1981,18680.0,10.9,19.8,1.164,2.6,8.1,3.1,0.092
'260',24,07,1981,6150.0,10.1,15.0,1.318,3.1,16.4,1.0,0.333
'260',25,07,1981,8590.0,11.9,17.0,1.461,2.6,24.3,1.4,0.275
'260',26,07,1981,10880.0,8.0,18.0,1.196,2.6,0.1,1.8,0.012
'260',27,07,1981,24780.0,11.6,20.9,1.241,3.1,0.0,4.2,0.000
'260',28,07,1981,20410.0,12.0,23.4,1.400,1.5,0.0,3.6,0.000
'260',29,07,1981,17360.0,12.5,23.9,1.637,2.1,0.0,3.0,0.000
'260',30,07,1981,19090.0,9.4,19.2,1.207,1.5,0.0,3.1,0.000
'260',31,07,1981,17990.0,8.0,22.0,1.197,1.5,6.1,3.1,0.046
'260',01,08,1981,6710.0,13.3,18.2,1.506,2.6,2.0,1.1,0.029
'260',02,08,1981,18940.0,11.0,19.6,1.311,2.6,0.0,3.1,0.000
'260',03,08,1981,24920.0,8.8,23.0,1.432,1.0,0.0,4.2,0.000
'260',04,08,1981,24120.0,10.9,28.0,1.427,1.0,0.0,4.4,0.000
'260',05,08,1981,21280.0,15.6,28.9,1.829,1.5,0.0,4.0,0.000
'260',06,08,1981,19920.0,17.6,29.2,2.020,2.1,0.0,3.8,0.000
'260',07,08,1981,17750.0,17.8,26.9,2.047,1.5,0.0,3.3,0.000
'260',08,08,1981,5210.0,15.9,19.7,1.797,2.1,0.0,0.9,0.000
'260',09,08,1981,8970.0,15.2,20.4,1.692,1.5,0.0,1.5,0.000
'260',10,08,1981,4110.0,14.8,17.9,1.676,2.6,1.4,0.7,0.204
'260',11,08,1981,5710.0,14.2,18.0,1.585,2.1,1.2,1.0,0.092
'260',12,08,1981,20780.0,11.2,23.4,1.400,1.0,0.0,3.6,0.000
'260',13,08,1981,15880.0,10.7,23.8,1.410,0.5,0.0,2.8,0.000
'260',14,08,1981,19930.0,13.8,26.5,1.543,1.0,0.0,3.6,0.000
'260',15,08,1981,15130.0,15.3,27.0,1.754,1.0,0.0,2.8,0.000
'260',16,08,1981,18100.0,10.8,20.3,1.192,2.6,0.0,3.0,0.000
'260',17,08,1981,19000.0,7.8,19.2,1.047,2.1,0.0,3.0,0.000
'260',18,08,1981,16660.0,7.8,22.8,1.072,2.6,0.0,2.9,0.000
'260',19,08,1981,10010.0,14.2,19.8,1.490,2.6,4.9,1.7,0.092
'260',20,08,1981,12150.0,11.6,18.1,1.348,3.6,9.9,2.0,0.246
'260',21,08,1981,13530.0,11.6,17.6,1.280,2.6,1.3,2.2,0.037
'260',22,08,1981,10920.0,11.0,16.8,1.249,3.1,2.7,1.8,0.071
'260',23,08,1981,14350.0,10.0,18.9,1.223,2.1,0.2,2.3,0.008
'260',24,08,1981,10610.0,8.2,17.4,1.159,1.0,0.0,1.7,0.000
'260',25,08,1981,16260.0,6.6,21.9,1.289,1.0,0.0,2.7,0.000
'260',26,08,1981,15340.0,11.1,20.8,1.390,2.1,0.0,2.6,0.000
'260',27,08,1981,13570.0,10.0,21.3,1.323,1.5,0.0,2.3,0.000
'260',28,08,1981,11340.0,14.4,19.4,1.527,1.5,0.0,1.9,0.000
'260',29,08,1981,9860.0,11.1,19.1,1.304,1.5,0.0,1.6,0.000
'260',30,08,1981,18140.0,10.8,20.9,1.251,1.5,0.0,3.0,0.000
'260',31,08,1981,12360.0,9.1,20.2,1.294,1.0,0.0,2.0,0.000
'260',01,09,1981,16300.0,12.1,19.1,1.238,1.5,0.0,2.7,0.000
'260',02,09,1981,18150.0,8.4,21.6,1.071,2.1,0.0,3.0,0.000
'260',03,09,1981,17310.0,9.2,20.6,1.153,2.6,0.0,2.8,0.000
'260',04,09,1981,19040.0,6.4,22.6,0.969,1.0,0.0,3.1,0.000
'260',05,09,1981,18740.0,6.3,23.8,1.003,1.0,0.0,3.1,0.000
'260',06,09,1981,17570.0,5.1,24.1,0.995,0.5,0.0,2.9,0.000
'260',07,09,1981,14590.0,8.5,24.8,1.185,1.5,0.0,2.5,0.000
'260',08,09,1981,11250.0,14.1,23.3,1.724,2.1,3.3,2.0,0.050
'260',09,09,1981,4790.0,11.2,19.3,1.565,1.0,0.0,0.8,0.000
'260',10,09,1981,15700.0,10.3,24.2,1.397,1.5,0.0,2.7,0.000
'260',11,09,1981,6810.0,11.2,20.0,1.367,1.5,3.1,1.1,0.058
'260',12,09,1981,12360.0,11.3,21.1,1.401,2.1,4.9,2.1,0.054
'260',13,09,1981,14560.0,11.0,17.8,1.167,3.1,3.5,2.3,0.100
'260',14,09,1981,12730.0,9.3,17.6,1.116,2.6,1.4,2.0,0.017
'260',15,09,1981,3820.0,11.0,16.6,1.456,2.1,6.2,0.6,0.150
'260',16,09,1981,9280.0,11.0,20.2,1.443,1.5,7.5,1.6,0.046
'260',17,09,1981,6720.0,9.7,17.9,1.232,1.5,0.0,1.1,0.000
'260',18,09,1981,6490.0,12.2,18.5,1.420,2.6,3.6,1.1,0.146
'260',19,09,1981,10020.0,11.1,19.0,1.276,3.1,4.9,1.6,0.142
'260',20,09,1981,4310.0,13.2,17.1,1.477,4.1,9.3,0.7,0.525
'260',21,09,1981,9690.0,11.7,19.1,1.366,2.1,1.1,1.6,0.042
'260',22,09,1981,8330.0,11.1,19.4,1.349,1.5,0.1,1.4,0.012
'260',23,09,1981,11130.0,9.1,17.1,1.132,2.1,1.9,1.8,0.042
'260',24,09,1981,14170.0,9.0,18.3,1.032,3.1,0.0,2.3,0.000
'260',25,09,1981,3890.0,10.6,16.3,1.281,2.6,0.0,0.6,0.000
'260',26,09,1981,5330.0,10.6,19.3,1.322,4.1,0.5,0.9,0.100
'260',27,09,1981,10600.0,8.6,17.9,1.168,2.6,0.8,1.7,0.008
'260',28,09,1981,11480.0,6.0,18.3,1.062,1.0,0.0,1.7,0.000
'260',29,09,1981,13000.0,4.8,18.1,0.976,1.0,0.0,2.0,0.000
'260',30,09,1981,9290.0,8.3,17.2,1.087,3.1,0.0,1.5,0.000
'260',01,10,1981,12810.0,9.3,19.5,1.162,3.1,0.0,2.1,0.000
'260',02,10,1981,5640.0,11.0,17.0,1.308,2.1,5.6,0.9,0.088
'260',03,10,1981,8040.0,8.0,13.1,0.934,4.1,2.7,1.2,0.062
'260',04,10,1981,2340.0,6.1,12.1,0.988,4.1,18.4,0.3,0.283
'260',05,10,1981,11690.0,8.9,16.9,1.177,2.6,0.2,1.8,0.017
'260',06,10,1981,2690.0,9.7,16.1,1.270,3.1,21.3,0.4,0.112
'260',07,10,1981,10020.0,9.2,14.6,0.983,5.1,0.4,1.5,0.021
'260',08,10,1981,4680.0,8.9,14.7,1.197,4.1,0.8,0.7,0.125
'260',09,10,1981,3990.0,10.1,16.7,1.234,5.1,6.1,0.6,0.133
'260',10,10,1981,7090.0,6.9,12.6,0.908,5.1,6.1,1.0,0.325
'260',11,10,1981,6920.0,5.8,12.1,0.909,4.1,11.7,1.0,0.217
'260',12,10,1981,3530.0,3.6,9.1,0.840,2.6,18.9,0.5,0.325
'260',13,10,1981,3640.0,3.4,10.9,0.871,3.6,14.7,0.5,0.300
'260',14,10,1981,6570.0,1.4,11.4,0.850,2.1,0.2,0.9,0.004
'260',15,10,1981,3540.0,0.1,8.8,0.738,1.0,0.0,0.4,0.000
'260',16,10,1981,4180.0,-0.4,10.3,0.723,1.0,0.0,0.5,0.000
'260',17,10,1981,4480.0,2.3,9.7,0.765,2.1,7.9,0.6,0.362
'260',18,10,1981,1000.0,3.6,7.5,0.848,1.5,1.3,0.1,0.021
'260',19,10,1981,2700.0,0.6,11.9,0.897,3.6,3.9,0.4,0.271
'260',20,10,1981,1400.0,4.2,13.2,1.007,4.6,18.6,0.2,0.600
'260',21,10,1981,5150.0,2.1,9.2,0.750,2.1,2.9,0.7,0.046
'260',22,10,1981,3540.0,3.8,8.6,0.860,3.6,22.7,0.5,0.292
'260',23,10,1981,8420.0,-0.3,11.1,0.695,1.0,0.0,1.1,0.000
'260',24,10,1981,3130.0,-0.5,8.5,0.733,2.1,0.7,0.4,0.017
'260',25,10,1981,2930.0,1.9,9.2,0.815,2.1,5.5,0.4,0.163
'260',26,10,1981,4080.0,0.9,7.9,0.811,0.5,0.0,0.5,0.000
'260',27,10,1981,3110.0,3.5,7.8,0.821,2.6,0.4,0.4,0.012
'260',28,10,1981,6160.0,3.7,10.8,0.886,3.6,3.4,0.9,0.104
'260',29,10,1981,3910.0,7.1,11.5,0.985,3.6,8.3,0.6,0.200
'260',30,10,1981,6270.0,6.6,11.5,0.909,3.6,3.5,0.9,0.108
'260',31,10,1981,3940.0,6.3,14.2,0.960,4.1,2.2,0.6,0.083
'260',01,11,1981,1050.0,7.1,13.5,1.183,3.1,0.7,0.2,0.025
'260',02,11,1981,1300.0,10.0,14.2,1.199,3.6,0.0,0.2,0.000
'260',03,11,1981,2030.0,11.5,13.3,1.211,2.6,0.0,0.3,0.000
'260',04,11,1981,3480.0,4.1,12.5,0.916,2.6,2.6,0.5,0.158
'260',05,11,1981,5300.0,1.9,11.7,0.787,2.1,0.1,0.7,0.008
'260',06,11,1981,5350.0,2.2,10.9,0.712,2.1,0.0,0.7,0.000
'260',07,11,1981,6590.0,-2.7,9.2,0.515,1.5,0.0,0.8,0.000
'260',08,11,1981,7100.0,-3.7,6.1,0.470,1.0,0.0,0.8,0.000
'260',09,11,1981,2160.0,-2.3,6.4,0.614,1.0,0.0,0.3,0.000
'260',10,11,1981,1930.0,-3.1,5.0,0.601,3.1,2.4,0.2,0.212
'260',11,11,1981,990.0,3.5,7.6,0.793,4.6,3.7,0.1,0.300
'260',12,11,1981,2260.0,5.7,10.9,0.942,1.5,0.0,0.3,0.000
'260',13,11,1981,3580.0,4.4,9.7,0.796,3.1,3.3,0.5,0.058
'260',14,11,1981,4150.0,0.0,10.0,0.705,2.1,0.4,0.5,0.017
'260',15,11,1981,5980.0,-1.4,6.6,0.583,1.5,0.0,0.7,0.000
'260',16,11,1981,3040.0,-1.0,3.8,0.557,3.1,0.0,0.3,0.000
'260',17,11,1981,730.0,1.2,7.5,0.687,3.6,5.4,0.1,0.154
'260',18,11,1981,2670.0,6.6,11.6,0.999,5.7,8.6,0.4,0.304
'260',19,11,1981,5290.0,2.6,10.9,0.788,2.1,1.5,0.7,0.125
'260',20,11,1981,1190.0,4.4,15.3,1.031,7.7,1.7,0.2,0.075
'260',21,11,1981,1670.0,6.1,12.7,0.914,3.1,1.5,0.2,0.100
'260',22,11,1981,1460.0,10.8,12.7,1.192,4.1,0.0,0.2,0.000
'260',23,11,1981,2360.0,5.5,13.7,0.835,5.7,2.8,0.3,0.046
'260',24,11,1981,2690.0,2.0,7.1,0.575,5.1,2.2,0.3,0.042
'260',25,11,1981,1300.0,2.1,6.2,0.627,4.6,5.6,0.2,0.133
'260',26,11,1981,1400.0,5.6,10.5,0.946,4.6,0.4,0.2,0.029
'260',27,11,1981,360.0,6.1,10.6,0.877,5.7,6.5,0.1,0.238
'260',28,11,1981,1360.0,1.7,7.7,0.708,3.1,5.4,0.2,0.137
'260',29,11,1981,2850.0,3.2,8.2,0.769,3.6,4.5,0.4,0.104
'260',30,11,1981,460.0,0.9,8.7,0.794,3.6,12.8,0.1,0.371
'260',01,12,1981,2180.0,0.9,6.9,0.638,3.1,0.6,0.3,0.029
'260',02,12,1981,2330.0,1.1,7.9,0.756,1.0,0.4,0.3,0.037
'260',03,12,1981,2260.0,-0.5,9.1,0.815,2.1,0.6,0.3,0.046
'260',04,12,1981,690.0,1.4,9.0,0.712,4.1,19.0,0.1,0.433
'260',05,12,1981,1850.0,1.0,4.6,0.655,2.1,2.5,0.2,0.062
'260',06,12,1981,1400.0,2.1,5.2,0.738,2.1,8.7,0.2,0.246
'260',07,12,1981,1750.0,-0.7,4.5,0.638,2.1,5.1,0.2,0.137
'260',08,12,1981,720.0,-0.4,2.1,0.611,1.5,4.9,0.1,0.233
'260',09,12,1981,3180.0,-1.2,2.6,0.521,2.6,9.6,0.3,0.200
'260',10,12,1981,3120.0,-4.4,1.6,0.522,1.5,1.6,0.3,0.058
'260',11,12,1981,890.0,-4.2,0.0,0.509,2.1,3.5,0.1,0.192
'260',12,12,1981,3770.0,-7.3,0.6,0.484,1.0,1.3,0.3,0.025
'260',13,12,1981,3490.0,-4.7,-1.5,0.380,3.6,0.0,0.3,0.000
'260',14,12,1981,940.0,-3.1,2.5,0.515,5.1,9.3,0.1,0.421
'260',15,12,1981,3840.0,-7.1,-1.4,0.405,2.6,0.0,0.3,0.000
'260',16,12,1981,4760.0,-10.7,-5.3,0.324,1.5,0.0,0.4,0.000
'260',17,12,1981,3350.0,-11.6,-7.9,0.288,1.5,0.0,0.2,0.000
'260',18,12,1981,1640.0,-12.3,-6.7,0.300,2.6,0.0,0.1,0.000
'260',19,12,1981,3200.0,-6.8,0.5,0.481,1.0,0.2,0.3,0.008
'260',20,12,1981,2620.0,-6.4,-1.3,0.421,3.1,0.0,0.2,0.000
'260',21,12,1981,2190.0,-6.9,-2.4,0.367,4.1,3.0,0.2,0.179
'260',22,12,1981,920.0,-7.1,-4.9,0.388,2.1,2.3,0.1,0.067
'260',23,12,1981,1090.0,-5.1,0.5,0.520,1.0,0.0,0.1,0.000
'260',24,12,1981,1780.0,-3.3,0.7,0.517,2.6,0.0,0.2,0.000
'260',25,12,1981,2750.0,-4.0,3.4,0.548,1.5,0.8,0.3,0.025
'260',26,12,1981,1870.0,-5.0,-0.5,0.494,1.0,0.0,0.2,0.000
'260',27,12,1981,1680.0,-3.6,-0.6,0.495,3.1,0.0,0.2,0.000
'260',28,12,1981,1530.0,-1.3,2.0,0.557,2.6,0.0,0.2,0.000
'260',29,12,1981,490.0,1.5,5.5,0.696,4.6,5.7,0.1,0.229
'260',30,12,1981,2440.0,3.8,7.1,0.689,4.6,2.5,0.3,0.125
'260',31,12,1981,1040.0,0.1,8.0,0.766,2.6,5.6,0.1,0.158
