* Source of data    : Zavalla local weather station 
* File content      : Meteo input file for Swap 3.2 (www.swap.alterra.nl) 
* File generated at :  Mon Oct 03 22:18:27 2016 
station,DD,MM,YYYY,Rad,Tmin,Tmax,Hum,Wind,Rain,ETref 
'Zavalla',1,1,2002, 8100.0,16.8,30.4,2.3,2.5,0.0,2.7
'Zavalla',2,1,2002,30800.0,17.4,32.0,2.2,2.2,0.0,6.6
'Zavalla',3,1,2002,19700.0,17.2,30.6,2.5,1.7,0.0,4.3
'Zavalla',4,1,2002, 8100.0,19.1,24.2,2.3,3.3,27.2,2.3
'Zavalla',5,1,2002, 8100.0,16.2,20.0,2.0,4.2,1.6,1.9
'Zavalla',6,1,2002,29700.0,14.1,25.9,1.9,2.2,0.0,5.4
'Zavalla',7,1,2002,30600.0,14.4,29.9,2.1,1.7,0.0,5.9
'Zavalla',8,1,2002,30300.0,17.9,32.4,2.4,1.4,0.0,6.4
'Zavalla',9,1,2002,27800.0,17.4,31.4,2.4,2.5,0.0,6.1
'Zavalla',10,1,2002,30200.0,16.9,31.1,2.5,3.6,0.0,6.4
'Zavalla',11,1,2002,29000.0,21.9,34.0,2.8,3.3,0.0,7.2
'Zavalla',12,1,2002,26700.0,23.3,34.9,3.0,2.5,0.0,6.8
'Zavalla',13,1,2002,24300.0,20.7,33.2,2.8,4.4,11.5,6.1
'Zavalla',14,1,2002,29800.0,17.1,24.9,1.6,3.1,0.0,6.2
'Zavalla',15,1,2002,29500.0,11.9,26.3,1.7,1.1,0.0,5.1
'Zavalla',16,1,2002,29400.0,13.0,27.9,1.9,1.4,0.0,5.3
'Zavalla',17,1,2002,26200.0,16.0,27.9,2.1,1.4,0.0,5.1
'Zavalla',18,1,2002,29500.0,15.4,29.0,2.0,3.1,0.0,6.0
'Zavalla',19,1,2002, 7900.0,16.5,31.3,2.1,2.5,0.0,3.0
'Zavalla',20,1,2002, 7900.0,19.6,28.3,2.5,1.9,0.0,2.3
'Zavalla',21,1,2002,29600.0,17.0,30.0,2.3,1.1,0.0,5.8
'Zavalla',22,1,2002,29700.0,16.4,32.8,2.5,1.1,0.0,6.0
'Zavalla',23,1,2002,25200.0,16.8,34.9,2.5,1.9,0.0,5.7
'Zavalla',24,1,2002,20400.0,23.2,33.1,2.7,1.9,0.5,5.3
'Zavalla',25,1,2002,23600.0,18.7,32.8,2.6,1.4,0.0,5.2
'Zavalla',26,1,2002,16200.0,20.4,31.0,2.5,4.7,0.0,4.8
'Zavalla',27,1,2002,28400.0,18.7,29.5,2.2,2.5,0.0,6.1
'Zavalla',28,1,2002,27800.0,19.1,33.7,2.5,2.2,0.0,6.3
'Zavalla',29,1,2002,22400.0,19.4,32.0,2.0,3.3,0.0,6.0
'Zavalla',30,1,2002,25600.0,20.1,35.1,2.6,4.2,15.3,6.8
'Zavalla',31,1,2002,23600.0,20.4,30.4,2.5,3.1,0.0,5.6
'Zavalla',1,2,2002,28800.0,16.0,28.0,2.0,1.9,0.0,5.6
'Zavalla',2,2,2002,27800.0,11.8,27.7,1.9,1.7,0.0,4.9
'Zavalla',3,2,2002,29100.0,12.0,30.0,1.8,3.3,0.0,5.8
'Zavalla',4,2,2002,14100.0,18.3,28.0,2.4,3.3,3.0,3.5
'Zavalla',5,2,2002,11300.0,15.1,23.7,1.6,3.3,0.0,3.3
'Zavalla',6,2,2002,14900.0,13.8,23.7,1.8,3.1,8.8,3.2
'Zavalla',7,2,2002,17800.0,17.3,26.7,2.1,1.7,16.5,3.8
'Zavalla',8,2,2002,17900.0,17.2,26.9,2.3,2.2,0.0,3.7
'Zavalla',9,2,2002,27300.0,15.8,27.8,2.2,1.9,0.0,5.1
'Zavalla',10,2,2002,26700.0,16.0,31.0,2.4,1.4,0.0,5.2
'Zavalla',11,2,2002,17300.0,17.9,28.3,2.4,1.4,0.0,3.6
'Zavalla',12,2,2002,26300.0,16.0,30.3,2.3,1.9,0.0,5.2
'Zavalla',13,2,2002,26600.0,16.4,30.8,2.3,1.4,0.0,5.2
'Zavalla',14,2,2002,25100.0,18.5,33.2,2.7,2.5,0.0,5.6
'Zavalla',15,2,2002,25200.0,18.6,28.4,2.0,4.4,0.0,5.9
'Zavalla',16,2,2002,23000.0,14.0,26.2,1.7,4.2,0.0,4.8
'Zavalla',17,2,2002,26900.0,14.2,27.3,1.8,2.5,0.0,5.1
'Zavalla',18,2,2002,15400.0,16.7,26.9,1.9,1.9,0.0,3.5
'Zavalla',19,2,2002,19000.0,15.0,27.4,2.2,2.2,10.8,3.7
'Zavalla',20,2,2002,13800.0,19.0,27.5,2.3,2.5,4.0,3.3
'Zavalla',21,2,2002,22400.0,16.4,25.6,2.2,2.2,0.0,4.1
'Zavalla',22,2,2002,25000.0,15.4,28.7,2.2,2.2,0.5,4.7
'Zavalla',23,2,2002, 7900.0,17.4,22.7,1.9,3.1,3.5,2.3
'Zavalla',24,2,2002,21400.0,12.1,24.7,1.6,2.5,0.0,3.9
'Zavalla',25,2,2002,23800.0,16.4,32.0,2.4,4.2,0.0,5.3
'Zavalla',26,2,2002,22000.0,22.7,33.5,3.0,3.1,0.0,5.5
'Zavalla',27,2,2002,24500.0,22.0,35.2,3.0,4.7,18.2,6.4
'Zavalla',28,2,2002, 8300.0,19.4,29.4,2.1,3.1,0.0,3.2
'Zavalla',1,3,2002,24400.0,10.6,24.2,1.4,1.4,0.0,3.9
'Zavalla',2,3,2002,24100.0,11.6,28.0,1.9,3.1,0.0,4.3
'Zavalla',3,3,2002,21900.0,18.7,32.2,2.9,2.5,0.0,4.7
'Zavalla',4,3,2002,10700.0,23.6,28.2,3.1,3.6,36.5,2.7
'Zavalla',5,3,2002,10800.0,16.7,25.6,2.1,1.9,0.0,2.5
'Zavalla',6,3,2002,12500.0,16.9,26.5,2.6,1.7,0.0,2.3
'Zavalla',7,3,2002,22400.0,20.9,31.9,3.3,1.9,0.3,4.7
'Zavalla',8,3,2002,21100.0,24.0,30.0,3.4,3.6,0.0,4.6
'Zavalla',9,3,2002,21900.0,25.0,30.9,3.4,2.8,0.0,5.0
'Zavalla',10,3,2002,17000.0,23.4,34.9,3.3,2.2,35.5,4.4
'Zavalla',11,3,2002, 6200.0,21.6,24.5,2.7,3.6,0.0,1.6
'Zavalla',12,3,2002, 9600.0,18.5,26.5,2.5,2.5,0.0,2.1
'Zavalla',13,3,2002,15900.0,19.5,30.7,3.0,1.7,0.0,3.3
'Zavalla',14,3,2002,21000.0,21.1,34.0,3.4,3.1,0.0,4.7
'Zavalla',15,3,2002,19100.0,24.6,33.6,3.5,2.2,0.0,4.6
'Zavalla',16,3,2002,15200.0,22.3,31.9,3.1,2.8,29.0,3.6
'Zavalla',17,3,2002, 6100.0,19.5,25.7,2.6,3.9,3.5,1.5
'Zavalla',18,3,2002, 7400.0,20.4,24.4,2.5,4.7,32.0,1.9
'Zavalla',19,3,2002,11200.0,17.3,24.4,2.2,4.2,0.2,2.4
'Zavalla',20,3,2002,19700.0,15.5,22.1,1.8,1.7,0.0,3.2
'Zavalla',21,3,2002,19900.0,11.1,23.3,1.9,1.9,0.0,2.7
'Zavalla',22,3,2002,11500.0,12.5,24.4,2.0,0.6,0.0,1.9
'Zavalla',23,3,2002,19900.0,15.1,27.8,2.2,1.4,0.0,3.4
'Zavalla',24,3,2002,13700.0,19.3,28.4,2.5,2.5,44.0,3.0
'Zavalla',25,3,2002, 8000.0,16.6,20.3,1.9,2.8,10.3,1.7
'Zavalla',26,3,2002, 7600.0,14.6,20.0,1.9,4.2,0.3,1.4
'Zavalla',27,3,2002, 7000.0,15.5,18.6,1.7,5.3,4.5,1.8
'Zavalla',28,3,2002, 5500.0,16.6,24.1,2.4,2.2,38.0,1.1
'Zavalla',29,3,2002, 7400.0,19.3,23.6,2.5,3.9,13.0,1.6
'Zavalla',30,3,2002,15600.0,14.5,24.4,1.6,4.2,0.0,3.5
'Zavalla',31,3,2002,17400.0,9.0,17.2,1.2,2.5,0.0,2.4
'Zavalla',1,4,2002,19500.0,4.8,18.9,1.1,1.1,0.0,2.2
'Zavalla',2,4,2002,19000.0,8.2,24.5,1.7,1.1,0.0,2.4
'Zavalla',3,4,2002,19500.0,13.5,25.5,1.8,1.4,0.0,3.0
'Zavalla',4,4,2002, 6700.0,12.6,21.9,1.9,1.7,2.3,1.2
'Zavalla',5,4,2002,15700.0,16.1,26.1,2.1,2.2,0.0,2.8
'Zavalla',6,4,2002,13400.0,19.9,29.6,2.7,4.7,5.6,3.2
'Zavalla',7,4,2002, 8100.0,19.4,23.5,2.2,2.2,3.1,1.8
'Zavalla',8,4,2002,13000.0,18.4,27.7,2.5,1.7,0.0,2.5
'Zavalla',9,4,2002, 8000.0,20.3,24.6,2.5,3.3,32.0,1.8
'Zavalla',10,4,2002, 4900.0,18.9,21.2,2.2,3.3,19.5,1.1
'Zavalla',11,4,2002, 6500.0,15.3,20.2,1.9,3.9,0.7,1.3
'Zavalla',12,4,2002, 7000.0,12.7,18.3,1.5,3.3,0.0,1.6
'Zavalla',13,4,2002,12800.0,10.7,19.1,1.5,1.7,0.0,1.7
'Zavalla',14,4,2002, 5300.0,12.0,19.2,1.5,0.8,0.0,1.2
'Zavalla',15,4,2002, 5100.0,11.0,21.8,1.8,2.8,23.0,0.9
'Zavalla',16,4,2002, 4600.0,18.2,22.6,2.3,3.9,12.0,1.1
'Zavalla',17,4,2002,16100.0,14.7,24.9,1.5,2.2,0.0,2.8
'Zavalla',18,4,2002,16900.0,9.6,23.5,1.6,2.2,0.0,2.1
'Zavalla',19,4,2002,12000.0,13.0,24.4,1.9,2.5,0.0,1.9
'Zavalla',20,4,2002,15500.0,9.0,19.5,0.9,2.8,0.0,2.6
'Zavalla',21,4,2002, 5100.0,3.6,17.9,1.0,1.9,0.1,1.2
'Zavalla',22,4,2002, 4400.0,12.0,14.9,1.5,2.8,3.0,0.8
'Zavalla',23,4,2002, 4900.0,10.7,16.2,1.4,1.7,1.5,1.0
'Zavalla',24,4,2002, 9200.0,5.4,18.9,1.2,1.4,0.0,1.2
'Zavalla',25,4,2002,13300.0,4.9,22.5,1.2,1.9,0.0,1.7
'Zavalla',26,4,2002,15400.0,8.9,19.1,0.9,2.5,0.0,2.3
'Zavalla',27,4,2002,15600.0,1.7,20.3,1.0,2.5,0.0,1.5
'Zavalla',28,4,2002, 7500.0,6.3,22.0,1.6,1.9,5.0,1.0
'Zavalla',29,4,2002,13300.0,12.7,22.5,1.6,1.4,0.0,1.8
'Zavalla',30,4,2002,13100.0,7.3,20.6,1.1,1.1,0.0,1.5
'Zavalla',1,5,2002,15100.0,6.0,22.8,1.4,2.5,0.0,1.6
'Zavalla',2,5,2002,15100.0,9.0,23.2,1.6,2.5,0.0,1.7
'Zavalla',3,5,2002,15700.0,11.5,25.5,1.6,1.7,0.0,2.0
'Zavalla',4,5,2002,12700.0,9.8,25.9,1.7,0.6,0.0,1.5
'Zavalla',5,5,2002,11800.0,11.8,25.1,1.7,0.8,0.0,1.5
'Zavalla',6,5,2002,14200.0,7.9,24.7,1.5,1.1,0.0,1.5
'Zavalla',7,5,2002,14400.0,9.2,25.0,1.6,1.1,0.0,1.5
'Zavalla',8,5,2002,14200.0,7.8,24.1,1.6,2.2,0.0,1.5
'Zavalla',9,5,2002,13600.0,11.4,22.5,1.6,2.2,0.0,1.6
'Zavalla',10,5,2002,13900.0,11.9,24.5,1.9,2.2,0.0,1.6
'Zavalla',11,5,2002,13500.0,15.5,26.5,2.4,3.1,0.0,1.8
'Zavalla',12,5,2002,12000.0,22.5,29.8,2.8,3.1,4.7,2.6
'Zavalla',13,5,2002,10100.0,19.9,26.5,2.6,4.7,0.0,1.9
'Zavalla',14,5,2002, 6800.0,16.5,29.2,2.2,4.4,0.8,2.1
'Zavalla',15,5,2002, 3900.0,13.9,17.7,1.7,4.4,2.0,1.0
'Zavalla',16,5,2002, 3900.0,13.2,16.6,1.7,2.8,7.8,0.6
'Zavalla',17,5,2002, 3700.0,14.5,18.7,1.9,2.8,12.5,0.6
'Zavalla',18,5,2002, 4700.0,12.3,16.8,1.5,3.9,0.2,1.1
'Zavalla',19,5,2002, 8200.0,6.0,15.1,1.2,2.5,0.0,0.7
'Zavalla',20,5,2002, 9800.0,8.9,14.7,1.1,1.4,0.0,0.9
'Zavalla',21,5,2002,12500.0,3.3,16.3,1.0,1.9,0.0,0.8
'Zavalla',22,5,2002,11300.0,6.9,17.5,1.3,3.3,0.0,0.9
'Zavalla',23,5,2002,12400.0,9.0,18.8,1.4,3.1,0.0,1.1
'Zavalla',24,5,2002, 9300.0,12.1,21.8,1.8,4.2,0.0,1.1
'Zavalla',25,5,2002, 6400.0,14.2,21.6,1.9,4.7,0.0,1.0
'Zavalla',26,5,2002, 3300.0,15.9,20.1,1.8,1.4,0.0,0.9
'Zavalla',27,5,2002,10600.0,10.6,24.5,1.9,3.9,44.5,1.0
'Zavalla',28,5,2002, 3700.0,10.3,19.4,1.3,5.6,0.0,1.8
'Zavalla',29,5,2002, 5700.0,7.5,13.4,1.0,3.6,0.0,1.2
'Zavalla',30,5,2002,12300.0,3.2,15.5,1.0,0.8,0.0,0.5
'Zavalla',31,5,2002, 9300.0,2.1,16.6,1.1,0.0,0.0,0.4
'Zavalla',1,6,2002, 3200.0,10.5,18.1,1.8,2.5,1.0,0.5
'Zavalla',2,6,2002, 3200.0,14.3,16.9,1.7,3.1,0.0,0.7
'Zavalla',3,6,2002, 7000.0,15.4,21.0,1.9,1.9,0.0,1.0
'Zavalla',4,6,2002, 3200.0,16.5,21.5,2.1,3.1,0.5,0.7
'Zavalla',5,6,2002, 8900.0,9.8,19.9,1.3,3.1,0.0,1.3
'Zavalla',6,6,2002,11100.0,3.3,15.3,1.1,1.1,0.0,0.4
'Zavalla',7,6,2002,11200.0,8.1,19.2,1.1,0.8,0.0,0.8
'Zavalla',8,6,2002,11800.0,3.0,18.7,1.2,2.5,0.0,0.6
'Zavalla',9,6,2002, 7200.0,5.0,13.3,0.8,3.6,0.0,1.2
'Zavalla',10,6,2002,11400.0,-2.7,10.9,0.6,0.8,0.0,0.6
'Zavalla',11,6,2002,10500.0,2.8,12.4,0.8,1.4,0.0,0.5
'Zavalla',12,6,2002,11800.0,-2.2,11.8,0.6,1.1,0.0,0.5
'Zavalla',13,6,2002,11300.0,1.2,15.7,0.7,1.7,0.0,0.9
'Zavalla',14,6,2002,10900.0,-0.3,13.6,0.7,1.7,0.0,0.6
'Zavalla',15,6,2002,11300.0,-1.0,14.9,0.7,1.4,0.0,0.7
'Zavalla',16,6,2002,10500.0,-2.0,15.6,0.8,0.8,0.0,0.4
'Zavalla',17,6,2002, 6200.0,5.7,15.9,1.0,2.8,0.0,1.1
'Zavalla',18,6,2002,11900.0,3.0,18.0,0.8,1.7,0.0,0.9
'Zavalla',19,6,2002,11200.0,2.3,18.8,1.0,2.5,0.0,0.8
'Zavalla',20,6,2002,11600.0,6.1,18.5,1.1,3.9,0.0,1.0
'Zavalla',21,6,2002, 9900.0,0.2,11.2,0.7,2.2,0.0,0.7
'Zavalla',22,6,2002,10400.0,-2.8,7.9,0.6,1.1,0.0,0.4
'Zavalla',23,6,2002, 5400.0,-3.2,10.7,0.6,0.6,0.0,0.5
'Zavalla',24,6,2002,10400.0,-2.8,12.2,0.6,1.4,0.0,0.5
'Zavalla',25,6,2002,11300.0,0.4,13.4,0.8,3.9,0.0,0.8
'Zavalla',26,6,2002, 3200.0,4.9,12.2,0.9,3.3,0.0,1.0
'Zavalla',27,6,2002,10900.0,7.1,20.3,1.2,1.4,0.0,0.8
'Zavalla',28,6,2002, 7900.0,4.9,20.1,1.4,4.7,0.0,0.5
'Zavalla',29,6,2002, 3600.0,8.3,14.8,1.1,5.3,0.0,1.4
'Zavalla',30,6,2002, 3500.0,3.8,9.0,0.8,3.6,0.0,0.8
'Zavalla',1,7,2002, 3100.0,5.5,8.1,0.9,4.4,5.8,0.5
'Zavalla',2,7,2002, 3100.0,8.1,11.8,1.2,2.2,12.0,0.4
'Zavalla',3,7,2002, 3100.0,8.2,10.4,1.1,5.0,0.6,0.5
'Zavalla',4,7,2002, 3100.0,7.7,13.2,1.1,4.2,11.3,0.8
'Zavalla',5,7,2002, 5400.0,7.4,12.2,1.1,1.7,0.0,0.6
'Zavalla',6,7,2002, 4100.0,2.9,8.2,0.9,3.3,0.0,0.4
'Zavalla',7,7,2002, 9900.0,1.0,15.1,0.9,2.5,0.0,0.6
'Zavalla',8,7,2002, 5200.0,1.2,11.6,0.8,2.5,1.6,0.6
'Zavalla',9,7,2002, 8300.0,4.5,11.2,0.8,1.1,0.0,0.6
'Zavalla',10,7,2002, 4500.0,2.2,11.3,0.9,1.7,0.0,0.5
'Zavalla',11,7,2002, 6700.0,3.0,13.8,1.0,2.2,0.0,0.6
'Zavalla',12,7,2002,11800.0,3.9,18.0,1.0,3.6,0.0,1.0
'Zavalla',13,7,2002,11600.0,5.1,21.4,1.3,2.5,0.0,0.9
'Zavalla',14,7,2002,12000.0,8.3,22.5,1.4,2.5,0.0,1.2
'Zavalla',15,7,2002, 9500.0,6.9,20.6,1.3,1.7,0.0,0.9
'Zavalla',16,7,2002,11300.0,5.0,18.8,1.1,4.4,0.0,1.2
'Zavalla',17,7,2002, 7400.0,6.3,12.2,1.0,2.5,0.0,0.9
'Zavalla',18,7,2002, 7400.0,2.7,16.2,1.1,2.2,0.0,0.7
'Zavalla',19,7,2002, 7700.0,1.7,17.5,1.3,2.8,0.0,0.5
'Zavalla',20,7,2002, 9800.0,11.4,21.1,1.6,2.8,0.0,1.1
'Zavalla',21,7,2002, 3700.0,7.3,17.3,1.5,4.7,0.0,0.5
'Zavalla',22,7,2002,11400.0,2.1,16.2,0.8,1.9,0.0,1.0
'Zavalla',23,7,2002, 3600.0,6.1,13.5,1.1,3.6,0.0,0.7
'Zavalla',24,7,2002, 6200.0,7.0,14.3,1.0,4.4,0.0,1.3
'Zavalla',25,7,2002,12500.0,0.0,17.7,0.7,0.6,0.0,0.8
'Zavalla',26,7,2002, 3500.0,-0.5,13.7,0.9,1.7,0.0,0.7
'Zavalla',27,7,2002,13500.0,-0.5,14.0,0.6,2.8,0.0,1.2
'Zavalla',28,7,2002,12200.0,-1.2,16.4,0.8,3.6,0.0,1.2
'Zavalla',29,7,2002, 9100.0,4.4,20.2,0.9,3.3,0.0,1.7
'Zavalla',30,7,2002,11900.0,6.1,19.4,1.1,3.3,0.0,1.4
'Zavalla',31,7,2002,12500.0,4.7,12.4,0.8,4.2,0.0,1.5
'Zavalla',1,8,2002, 5300.0,4.2,9.5,0.8,1.7,0.0,0.9
'Zavalla',2,8,2002,12700.0,-2.8,13.4,0.8,1.7,0.0,0.7
'Zavalla',3,8,2002,12300.0,0.8,14.5,0.9,2.5,0.0,0.8
'Zavalla',4,8,2002,13300.0,4.5,17.6,0.9,2.2,0.0,1.4
'Zavalla',5,8,2002,12900.0,0.6,14.2,0.8,1.9,0.0,1.1
'Zavalla',6,8,2002,13200.0,0.8,14.6,0.9,3.1,0.0,1.1
'Zavalla',7,8,2002,10800.0,3.9,15.2,1.2,4.2,0.0,0.7
'Zavalla',8,8,2002, 7800.0,7.0,16.4,1.1,4.7,0.0,1.4
'Zavalla',9,8,2002,14000.0,4.7,18.1,0.8,3.6,0.0,2.1
'Zavalla',10,8,2002,14300.0,8.3,22.3,1.0,3.9,0.0,2.6
'Zavalla',11,8,2002,13300.0,7.4,23.0,1.2,1.9,0.0,1.8
'Zavalla',12,8,2002,10200.0,2.6,19.2,1.0,1.1,0.0,1.1
'Zavalla',13,8,2002,14500.0,2.0,20.3,0.8,2.5,0.0,1.8
'Zavalla',14,8,2002,14400.0,1.3,13.9,0.8,1.9,0.0,1.2
'Zavalla',15,8,2002,10100.0,1.8,16.3,1.0,3.1,0.0,1.1
'Zavalla',16,8,2002, 5500.0,7.8,17.1,1.5,2.2,0.0,0.7
'Zavalla',17,8,2002, 9900.0,12.5,25.0,1.9,4.4,30.7,1.7
'Zavalla',18,8,2002, 5800.0,18.5,24.1,2.2,3.80,21.3,-9.9
'Zavalla',19,8,2002,11800.0,11.0,20.3,1.3,3.70,0.0,-9.9
'Zavalla',20,8,2002,16300.0,5.8,17.1,0.9,2.90,0.0,-9.9
'Zavalla',21,8,2002,13700.0,2.0,18.9,1.1,1.90,0.0,-9.9
'Zavalla',22,8,2002,13000.0,6.5,18.7,1.1,3.20,0.0,-9.9
'Zavalla',23,8,2002,14000.0,9.5,23.3,1.4,2.70,0.0,-9.9
'Zavalla',24,8,2002,13600.0,15.1,26.8,2.3,3.80,0.0,-9.9
'Zavalla',25,8,2002,11600.0,19.0,29.8,2.5,2.40,0.0,-9.9
'Zavalla',26,8,2002,12900.0,18.4,29.9,2.4,3.70,0.0,-9.9
'Zavalla',27,8,2002,15100.0,17.4,30.3,2.1,4.70,7.0,-9.9
'Zavalla',28,8,2002, 4500.0,14.9,25.0,1.8,4.70,28.5,-9.9
'Zavalla',29,8,2002,12700.0,8.1,15.5,1.2,4.50,0.0,-9.9
'Zavalla',30,8,2002, 9400.0,2.7,12.4,0.8,3.50,0.0,-9.9
'Zavalla',31,8,2002,13500.0,1.9,10.2,0.8,4.00,0.0,-9.9
'Zavalla',1,9,2002,18100.0,-0.5,10.7,0.7,2.40,0.0,-9.9
'Zavalla',2,9,2002,17200.0,-0.2,16.5,0.9,2.60,0.0,-9.9
'Zavalla',3,9,2002,16500.0,5.1,17.2,1.0,2.40,0.0,-9.9
'Zavalla',4,9,2002,16800.0,6.8,20.9,1.2,2.70,0.0,-9.9
'Zavalla',5,9,2002,11000.0,8.1,19.5,1.3,4.00,5.0,-9.9
'Zavalla',6,9,2002,13300.0,7.8,16.9,1.0,3.00,0.0,-9.9
'Zavalla',7,9,2002,17100.0,2.7,17.7,0.9,1.70,0.0,-9.9
'Zavalla',8,9,2002, 6200.0,3.1,18.9,0.9,2.90,0.0,-9.9
'Zavalla',9,9,2002,18500.0,5.7,18.9,1.1,3.30,0.0,-9.9
'Zavalla',10,9,2002,16000.0,10.1,21.3,1.7,2.80,0.1,-9.9
'Zavalla',11,9,2002, 5100.0,13.9,17.3,1.6,3.90,0.7,-9.9
'Zavalla',12,9,2002,19400.0,4.0,19.9,1.0,1.90,0.0,-9.9
'Zavalla',13,9,2002,11000.0,5.4,17.2,1.2,1.70,0.0,-9.9
'Zavalla',14,9,2002,14600.0,3.0,20.1,1.1,2.20,0.0,-9.9
'Zavalla',15,9,2002,14600.0,7.7,19.8,1.3,3.30,0.0,-9.9
'Zavalla',16,9,2002,16300.0,7.7,20.8,1.6,3.00,0.0,-9.9
'Zavalla',17,9,2002,14300.0,12.7,24.6,1.9,3.20,0.0,-9.9
'Zavalla',18,9,2002,10300.0,16.4,24.3,2.2,4.20,4.6,-9.9
'Zavalla',19,9,2002,19300.0,8.3,19.9,1.1,4.20,0.0,-9.9
'Zavalla',20,9,2002,20900.0,3.7,18.7,0.9,2.70,0.0,-9.9
'Zavalla',21,9,2002,20100.0,4.7,22.9,1.1,2.20,0.0,-9.9
'Zavalla',22,9,2002,18500.0,8.6,21.0,1.3,1.90,0.0,-9.9
'Zavalla',23,9,2002,21300.0,6.9,23.3,1.2,1.90,0.0,-9.9
'Zavalla',24,9,2002,18800.0,13.1,25.4,1.6,4.20,0.0,-9.9
'Zavalla',25,9,2002,21200.0,12.3,25.3,1.6,2.10,0.0,-9.9
'Zavalla',26,9,2002,20000.0,12.0,26.4,1.8,2.30,0.0,-9.9
'Zavalla',27,9,2002,21400.0,12.0,29.0,1.8,3.30,0.0,-9.9
'Zavalla',28,9,2002,12600.0,15.7,23.0,2.1,2.10,8.3,-9.9
'Zavalla',29,9,2002, 6300.0,13.7,17.6,1.7,2.20,21.0,-9.9
'Zavalla',30,9,2002,15700.0,10.4,21.4,1.7,1.70,0.0,-9.9
'Zavalla',1,10,2002,21800.0,11.1,24.8,1.9,4.10,0.0,-9.9
'Zavalla',2,10,2002, 6400.0,15.2,24.3,1.9,4.40,2.0,-9.9
'Zavalla',3,10,2002, 6100.0,7.0,22.2,1.8,2.90,0.0,-9.9
'Zavalla',4,10,2002,13100.0,15.6,26.3,2.2,3.10,0.0,-9.9
'Zavalla',5,10,2002,22500.0,14.0,26.8,1.9,4.00,0.0,-9.9
'Zavalla',6,10,2002,21300.0,19.3,34.5,2.5,5.00,0.0,-9.9
'Zavalla',7,10,2002,22200.0,13.3,24.1,1.6,3.20,0.0,-9.9
'Zavalla',8,10,2002,19100.0,15.2,25.9,2.2,2.70,0.0,-9.9
'Zavalla',9,10,2002,12800.0,20.0,26.3,2.5,2.70,0.0,-9.9
'Zavalla',10,10,2002,10300.0,17.5,25.4,2.3,3.20,0.0,-9.9
'Zavalla',11,10,2002,19600.0,17.6,29.3,2.2,1.70,2.2,-9.9
'Zavalla',12,10,2002,16800.0,18.9,30.2,2.8,3.00,0.0,-9.9
'Zavalla',13,10,2002,20300.0,22.3,31.6,2.8,4.00,0.0,-9.9
'Zavalla',14,10,2002, 6800.0,22.0,29.2,2.6,2.60,102.6,-9.9
'Zavalla',15,10,2002, 7600.0,13.9,25.0,2.3,3.60,57.5,-9.9
'Zavalla',16,10,2002,17400.0,13.7,21.6,1.5,3.20,0.0,-9.9
'Zavalla',17,10,2002,25900.0,10.6,22.3,1.3,3.20,0.0,-9.9
'Zavalla',18,10,2002,18000.0,12.7,24.9,2.0,2.40,0.0,-9.9
'Zavalla',19,10,2002, 8800.0,17.1,22.5,2.1,4.00,40.6,-9.9
'Zavalla',20,10,2002, 7400.0,8.6,17.1,1.3,5.90,12.0,-9.9
'Zavalla',21,10,2002,25600.0,4.3,15.7,1.0,3.10,0.0,-9.9
'Zavalla',22,10,2002,25200.0,7.5,20.4,1.2,2.90,0.0,-9.9
'Zavalla',23,10,2002,23600.0,10.0,23.1,1.4,2.80,0.0,-9.9
'Zavalla',24,10,2002,25900.0,11.1,26.7,1.8,2.00,0.0,-9.9
'Zavalla',25,10,2002,20900.0,13.0,27.5,2.0,2.30,0.0,-9.9
'Zavalla',26,10,2002,18400.0,17.4,26.9,2.4,3.00,25.0,-9.9
'Zavalla',27,10,2002,11800.0,18.8,25.1,2.4,2.20,15.8,-9.9
'Zavalla',28,10,2002, 7500.0,16.2,21.7,1.9,4.00,19.0,-9.9
'Zavalla',29,10,2002, 8000.0,12.1,17.2,1.1,2.80,0.0,-9.9
'Zavalla',30,10,2002,26600.0,5.5,21.5,1.3,2.10,0.0,-9.9
'Zavalla',31,10,2002,27200.0,11.2,23.9,1.7,2.50,0.0,-9.9
'Zavalla',1,11,2002,27500.0,14.8,26.8,1.9,3.40,0.0,-9.9
'Zavalla',2,11,2002,26600.0,15.0,28.3,2.0,3.50,12.4,-9.9
'Zavalla',3,11,2002,20700.0,15.4,23.3,1.5,4.70,0.0,-9.9
'Zavalla',4,11,2002,26800.0,9.3,19.3,1.1,2.90,0.0,-9.9
'Zavalla',5,11,2002,28300.0,7.0,20.6,1.2,2.30,0.0,-9.9
'Zavalla',6,11,2002,28100.0,8.7,24.2,1.3,3.80,0.0,-9.9
'Zavalla',7,11,2002,27400.0,13.7,27.1,1.8,3.20,0.0,-9.9
'Zavalla',8,11,2002,20000.0,19.7,30.2,2.2,2.90,13.0,-9.9
'Zavalla',9,11,2002,14600.0,13.0,19.9,1.5,5.70,0.0,-9.9
'Zavalla',10,11,2002,26100.0,9.0,20.2,1.0,5.70,0.0,-9.9
'Zavalla',11,11,2002,26900.0,10.1,26.8,1.2,2.90,0.0,-9.9
'Zavalla',12,11,2002,28600.0,13.6,30.6,1.6,4.20,0.0,-9.9
'Zavalla',13,11,2002,28900.0,16.8,30.9,1.9,3.40,0.0,-9.9
'Zavalla',14,11,2002,25300.0,16.4,35.1,2.3,2.80,15.0,-9.9
'Zavalla',15,11,2002,23300.0,17.9,29.3,2.4,2.40,0.0,-9.9
'Zavalla',16,11,2002,10700.0,20.9,32.0,2.6,3.70,0.0,-9.9
'Zavalla',17,11,2002,10500.0,22.7,31.2,2.5,1.90,0.0,-9.9
'Zavalla',18,11,2002,25800.0,17.5,30.0,2.1,2.70,0.0,-9.9
'Zavalla',19,11,2002,21400.0,18.1,30.8,2.5,2.50,1.5,-9.9
'Zavalla',20,11,2002,20300.0,18.9,27.7,2.1,4.30,2.2,-9.9
'Zavalla',21,11,2002,25300.0,15.8,26.8,1.4,2.40,0.0,-9.9
'Zavalla',22,11,2002,30600.0,14.7,28.6,1.8,2.5,0.0,6.0
'Zavalla',23,11,2002,12300.0,17.0,32.9,2.3,1.4,0.0,3.4
'Zavalla',24,11,2002,12100.0,21.4,31.6,2.7,3.3,26.3,3.7
'Zavalla',25,11,2002,18600.0,19.2,26.2,2.3,2.2,0.6,4.1
'Zavalla',26,11,2002,29700.0,14.8,30.0,2.4,2.8,0.1,5.7
'Zavalla',27,11,2002,14100.0,17.2,24.8,1.6,1.9,0.0,3.7
'Zavalla',28,11,2002,29600.0,13.6,25.0,1.6,2.5,0.0,5.6
'Zavalla',29,11,2002,11100.0,15.7,26.0,2.3,0.6,0.1,2.3
'Zavalla',30,11,2002,10600.0,20.3,26.8,2.6,3.1,14.5,2.8
'Zavalla',1,12,2002,19800.0,18.6,23.3,2.1,3.6,0.0,4.2
'Zavalla',2,12,2002,30600.0,13.2,25.3,1.8,1.9,0.0,5.4
'Zavalla',3,12,2002,15800.0,15.1,25.3,2.1,2.8,13.3,3.3
'Zavalla',4,12,2002, 8000.0,17.3,21.7,2.3,1.9,0.3,1.6
'Zavalla',5,12,2002,10700.0,18.5,25.6,2.5,1.4,0.0,2.4
'Zavalla',6,12,2002,12700.0,17.9,30.0,2.6,2.5,0.0,3.1
'Zavalla',7,12,2002,23500.0,18.4,27.8,1.7,4.2,0.0,6.1
'Zavalla',8,12,2002,20000.0,16.3,24.0,1.6,2.5,0.0,4.4
'Zavalla',9,12,2002,22300.0,17.4,25.7,1.9,2.5,0.0,4.8
'Zavalla',10,12,2002,24000.0,17.2,27.3,2.1,1.7,0.0,4.9
'Zavalla',11,12,2002,28000.0,15.3,30.1,2.1,1.4,0.0,5.6
'Zavalla',12,12,2002,30000.0,17.1,29.9,2.2,1.9,0.0,6.2
'Zavalla',13,12,2002,28800.0,16.9,28.4,2.1,2.2,0.0,5.9
'Zavalla',14,12,2002,30800.0,17.2,29.5,2.2,1.9,0.0,6.3
'Zavalla',15,12,2002,21900.0,17.9,31.2,2.2,2.8,7.5,5.3
'Zavalla',16,12,2002,29600.0,16.8,30.4,2.2,2.2,0.0,6.2
'Zavalla',17,12,2002,20000.0,16.6,27.0,2.3,3.3,0.0,4.2
'Zavalla',18,12,2002,28600.0,17.0,32.9,2.1,6.4,66.0,7.6
'Zavalla',19,12,2002,26900.0,18.9,28.8,2.0,2.8,0.0,6.1
'Zavalla',20,12,2002,27400.0,13.9,26.4,2.0,2.2,0.0,5.1
'Zavalla',21,12,2002,30600.0,15.3,28.4,2.0,2.8,20.8,6.1
'Zavalla',22,12,2002,11300.0,19.5,23.6,2.4,4.7,67.5,2.6
'Zavalla',23,12,2002,26200.0,15.1,24.1,1.4,2.2,0.0,5.2
'Zavalla',24,12,2002,30900.0,12.6,25.9,1.7,2.5,0.0,5.6
'Zavalla',25,12,2002,30400.0,14.3,27.7,1.9,2.8,0.0,5.9
'Zavalla',26,12,2002,30900.0,17.7,29.8,2.4,2.5,0.0,6.4
'Zavalla',27,12,2002,28600.0,18.7,33.1,3.0,4.2,0.5,6.4
'Zavalla',28,12,2002,10800.0,18.5,26.9,2.4,2.8,42.0,2.8
'Zavalla',29,12,2002, 8300.0,20.3,24.8,2.6,3.9,15.4,2.1
'Zavalla',30,12,2002,11800.0,16.0,23.0,1.9,4.2,0.0,2.9
'Zavalla',31,12,2002,12500.0,17.3,22.1,2.2,1.7,0.3,2.4
