* Source of data    : Zavalla local weather station 
* File content      : Meteo input file for Swap 3.2 (www.swap.alterra.nl) 
* File generated at :  Mon Oct 03 22:18:27 2016 
station,DD,MM,YYYY,Rad,Tmin,Tmax,Hum,Wind,Rain,ETref 
'Zavalla',1,1,1999,30800.0,11.3,30.9,2.0,2.8,0.0,5.9
'Zavalla',2,1,1999,14000.0,20.9,29.7,2.8,3.1,0.0,3.5
'Zavalla',3,1,1999,16700.0,19.0,30.5,3.0,2.5,0.0,3.6
'Zavalla',4,1,1999,21000.0,20.2,30.5,2.2,2.8,0.0,5.3
'Zavalla',5,1,1999,26900.0,13.2,26.5,1.9,1.9,0.0,4.9
'Zavalla',6,1,1999,29800.0,10.5,26.1,1.9,2.2,0.0,5.0
'Zavalla',7,1,1999,30200.0,15.1,28.5,2.1,2.8,0.0,5.9
'Zavalla',8,1,1999,25800.0,19.4,30.4,2.4,3.6,0.0,6.0
'Zavalla',9,1,1999,12700.0,14.5,22.4,1.4,3.1,0.0,3.5
'Zavalla',10,1,1999,30300.0,10.1,23.0,1.4,2.2,0.0,5.0
'Zavalla',11,1,1999,29700.0,11.3,27.0,2.0,3.1,0.0,5.1
'Zavalla',12,1,1999,14500.0,18.0,28.5,2.6,2.8,19.0,3.3
'Zavalla',13,1,1999,16900.0,18.6,26.6,2.4,2.5,0.9,3.6
'Zavalla',14,1,1999,30200.0,12.4,26.0,1.6,1.9,0.0,5.4
'Zavalla',15,1,1999,29500.0,11.4,28.3,1.8,1.1,0.0,5.2
'Zavalla',16,1,1999,29800.0,11.9,29.1,2.0,1.4,0.0,5.3
'Zavalla',17,1,1999,22900.0,16.0,31.3,2.2,1.7,0.0,4.9
'Zavalla',18,1,1999, 7900.0,19.4,25.8,2.3,1.9,5.0,2.2
'Zavalla',19,1,1999,14700.0,18.5,26.2,2.3,1.9,0.0,3.2
'Zavalla',20,1,1999,28600.0,17.3,29.1,2.4,1.7,0.0,5.6
'Zavalla',21,1,1999,14300.0,18.1,28.2,2.5,1.7,0.0,3.1
'Zavalla',22,1,1999,25800.0,19.3,32.0,2.9,2.5,0.0,5.6
'Zavalla',23,1,1999,14100.0,22.8,30.9,3.0,2.2,50.9,3.7
'Zavalla',24,1,1999,15800.0,21.0,28.7,2.7,1.1,0.0,3.5
'Zavalla',25,1,1999,30000.0,19.9,29.4,2.6,1.7,0.0,6.1
'Zavalla',26,1,1999,29100.0,17.1,27.3,2.3,1.7,0.0,5.5
'Zavalla',27,1,1999,14500.0,16.6,26.6,2.5,1.4,0.0,2.8
'Zavalla',28,1,1999,16500.0,18.6,24.8,2.4,2.5,0.3,3.3
'Zavalla',29,1,1999,21100.0,18.6,26.9,2.4,1.4,0.0,4.2
'Zavalla',30,1,1999,27000.0,16.2,30.5,2.7,2.2,9.8,5.2
'Zavalla',31,1,1999,25800.0,13.6,26.3,1.4,1.7,6.2,4.9
'Zavalla',1,2,1999, 8400.0,12.4,18.1,1.6,1.9,43.0,1.7
'Zavalla',2,2,1999,26300.0,12.2,24.4,1.8,1.1,0.0,4.3
'Zavalla',3,2,1999,15500.0,15.8,23.0,2.2,1.4,2.0,2.7
'Zavalla',4,2,1999,27900.0,14.8,27.8,2.0,1.1,0.0,5.0
'Zavalla',5,2,1999,25700.0,16.4,30.6,3.0,2.5,0.0,4.9
'Zavalla',6,2,1999,14000.0,22.9,32.5,3.1,4.2,23.5,4.0
'Zavalla',7,2,1999,17100.0,15.8,23.5,1.6,1.9,0.0,3.7
'Zavalla',8,2,1999,28200.0,10.8,24.5,1.7,0.8,0.0,4.4
'Zavalla',9,2,1999,27400.0,12.1,27.0,1.9,1.1,0.0,4.6
'Zavalla',10,2,1999,27500.0,15.9,31.1,2.6,3.1,8.3,5.4
'Zavalla',11,2,1999,18900.0,13.7,25.1,1.8,1.9,0.0,3.6
'Zavalla',12,2,1999, 9900.0,15.1,22.5,2.1,2.5,10.5,1.9
'Zavalla',13,2,1999,19000.0,17.0,26.5,2.2,1.4,0.0,3.7
'Zavalla',14,2,1999,26700.0,17.6,25.9,2.2,1.4,0.0,4.9
'Zavalla',15,2,1999,25800.0,16.5,30.7,2.5,1.1,0.0,5.0
'Zavalla',16,2,1999,26700.0,18.8,31.5,2.5,0.8,0.0,5.4
'Zavalla',17,2,1999,26700.0,18.7,32.2,2.8,1.1,0.0,5.4
'Zavalla',18,2,1999,26400.0,19.9,32.8,2.6,1.4,0.0,5.6
'Zavalla',19,2,1999,26800.0,19.7,33.1,2.5,1.4,0.0,5.7
'Zavalla',20,2,1999,24600.0,19.7,33.3,2.9,1.4,0.0,5.3
'Zavalla',21,2,1999,23500.0,22.2,32.6,2.9,2.2,0.0,5.4
'Zavalla',22,2,1999,21400.0,19.5,32.0,2.4,1.1,0.0,4.6
'Zavalla',23,2,1999,24800.0,18.0,32.4,2.7,0.8,0.0,5.0
'Zavalla',24,2,1999,23800.0,17.5,31.8,2.7,1.1,0.0,4.7
'Zavalla',25,2,1999,24300.0,19.1,31.4,2.7,1.9,0.0,5.0
'Zavalla',26,2,1999,21200.0,18.8,30.7,2.5,1.7,0.0,4.4
'Zavalla',27,2,1999,24100.0,17.3,30.6,2.5,1.1,0.0,4.6
'Zavalla',28,2,1999,24200.0,17.6,29.5,2.5,1.7,0.0,4.6
'Zavalla',1,3,1999,19700.0,17.9,33.5,2.6,1.9,2.5,4.4
'Zavalla',2,3,1999,21600.0,19.6,30.7,2.5,2.5,0.0,4.7
'Zavalla',3,3,1999,20800.0,18.6,31.3,2.6,2.5,3.5,4.5
'Zavalla',4,3,1999,19300.0,21.2,31.0,3.2,2.2,15.8,4.1
'Zavalla',5,3,1999, 9300.0,20.6,26.0,2.8,1.9,36.0,2.0
'Zavalla',6,3,1999,22500.0,21.8,33.0,3.5,2.2,0.0,4.9
'Zavalla',7,3,1999,23200.0,21.8,32.7,3.3,2.2,0.0,5.1
'Zavalla',8,3,1999, 6400.0,17.9,23.5,2.4,3.6,0.0,1.4
'Zavalla',9,3,1999, 9900.0,15.7,23.9,1.8,1.7,0.0,2.3
'Zavalla',10,3,1999,23000.0,13.0,26.6,2.0,1.7,0.0,3.7
'Zavalla',11,3,1999,22200.0,13.8,25.5,2.1,1.4,0.0,3.5
'Zavalla',12,3,1999,22800.0,11.9,26.3,1.9,1.4,0.0,3.5
'Zavalla',13,3,1999,18600.0,13.8,27.0,2.0,1.9,0.0,3.3
'Zavalla',14,3,1999,17400.0,17.6,29.4,2.5,1.4,0.0,3.4
'Zavalla',15,3,1999,21400.0,19.7,30.5,2.7,2.8,23.2,4.4
'Zavalla',16,3,1999, 6000.0,19.7,24.7,2.3,1.9,11.2,1.7
'Zavalla',17,3,1999,13600.0,18.3,27.2,2.5,1.7,0.0,2.7
'Zavalla',18,3,1999, 5900.0,19.6,23.1,2.4,3.3,0.1,1.4
'Zavalla',19,3,1999, 5900.0,17.6,20.7,2.2,1.7,1.8,1.2
'Zavalla',20,3,1999,13200.0,17.5,25.3,2.3,0.8,0.0,2.4
'Zavalla',21,3,1999,19700.0,17.1,28.0,2.3,1.4,0.0,3.5
'Zavalla',22,3,1999,21100.0,16.6,29.5,2.6,1.1,0.0,3.7
'Zavalla',23,3,1999,20400.0,18.0,30.9,2.8,1.4,0.0,3.8
'Zavalla',24,3,1999,17300.0,19.8,26.8,2.7,3.1,25.2,3.2
'Zavalla',25,3,1999,11900.0,18.2,24.5,2.0,3.3,0.0,2.9
'Zavalla',26,3,1999,18900.0,15.2,24.4,2.0,3.1,0.0,3.2
'Zavalla',27,3,1999,10200.0,17.4,25.5,2.5,3.9,43.2,1.9
'Zavalla',28,3,1999, 7900.0,15.6,24.1,1.9,2.5,0.0,2.0
'Zavalla',29,3,1999,17400.0,9.8,24.1,1.5,1.1,0.0,2.5
'Zavalla',30,3,1999,12900.0,11.5,22.8,1.6,0.8,0.0,2.1
'Zavalla',31,3,1999,15900.0,12.1,24.2,1.7,2.2,0.0,2.5
'Zavalla',1,4,1999, 5300.0,14.4,18.5,1.8,2.2,0.7,1.0
'Zavalla',2,4,1999, 5400.0,15.4,19.8,1.7,2.5,0.1,1.6
'Zavalla',3,4,1999, 5200.0,15.2,17.6,1.9,3.3,2.0,0.9
'Zavalla',4,4,1999, 5300.0,16.3,19.7,1.9,0.8,0.0,1.1
'Zavalla',5,4,1999,17200.0,13.2,25.7,1.5,2.2,0.0,3.0
'Zavalla',6,4,1999,18500.0,6.4,18.8,1.2,1.4,0.0,2.0
'Zavalla',7,4,1999,11700.0,12.4,20.7,1.4,1.7,0.0,2.0
'Zavalla',8,4,1999,17200.0,10.9,21.1,1.4,2.5,0.0,2.4
'Zavalla',9,4,1999, 4900.0,11.4,20.1,1.4,3.1,3.0,1.6
'Zavalla',10,4,1999, 4900.0,13.8,16.3,1.7,2.8,4.9,0.8
'Zavalla',11,4,1999, 7500.0,14.5,20.5,1.8,1.9,0.2,1.3
'Zavalla',12,4,1999,17400.0,10.6,22.9,1.4,1.4,0.0,2.3
'Zavalla',13,4,1999,16700.0,8.5,24.5,1.5,1.7,0.0,2.2
'Zavalla',14,4,1999,15000.0,13.2,26.2,1.7,3.3,0.0,2.8
'Zavalla',15,4,1999, 4900.0,7.1,20.4,0.9,3.1,0.0,2.3
'Zavalla',16,4,1999,16700.0,4.8,15.3,0.7,3.3,0.0,2.4
'Zavalla',17,4,1999,17100.0,0.9,19.1,0.7,1.4,0.0,1.8
'Zavalla',18,4,1999,17200.0,4.8,23.2,0.9,0.8,0.0,1.9
'Zavalla',19,4,1999,16700.0,4.6,23.9,1.0,1.7,0.0,2.1
'Zavalla',20,4,1999,15900.0,7.3,24.3,1.3,1.7,0.0,2.1
'Zavalla',21,4,1999,16500.0,9.9,24.9,1.4,1.7,0.0,2.2
'Zavalla',22,4,1999, 4400.0,10.1,26.5,1.7,1.7,0.0,1.4
'Zavalla',23,4,1999, 4400.0,14.3,28.0,2.0,1.7,4.1,1.5
'Zavalla',24,4,1999, 4300.0,16.6,22.5,1.9,4.4,60.2,1.7
'Zavalla',25,4,1999, 4300.0,16.5,18.1,1.9,4.4,21.5,0.9
'Zavalla',26,4,1999, 9100.0,12.1,20.6,1.6,3.3,0.0,1.6
'Zavalla',27,4,1999, 6800.0,9.0,18.7,1.3,2.8,0.0,1.4
'Zavalla',28,4,1999, 9500.0,10.9,18.4,1.3,1.9,0.0,1.4
'Zavalla',29,4,1999,15700.0,6.7,19.4,1.3,1.4,0.0,1.4
'Zavalla',30,4,1999,13900.0,8.0,22.9,1.7,1.7,0.0,1.3
'Zavalla',1,5,1999, 8900.0,15.5,25.9,2.1,2.2,0.0,1.6
'Zavalla',2,5,1999,10300.0,19.6,28.0,2.5,2.5,0.0,2.1
'Zavalla',3,5,1999, 9200.0,19.9,29.7,2.3,3.3,24.0,2.6
'Zavalla',4,5,1999,12100.0,10.7,19.9,1.0,1.4,0.0,1.7
'Zavalla',5,5,1999,14200.0,5.1,21.8,1.0,1.9,0.0,1.6
'Zavalla',6,5,1999,13000.0,11.7,23.3,1.2,2.8,0.0,2.2
'Zavalla',7,5,1999,14300.0,12.3,23.7,1.3,1.9,0.0,2.0
'Zavalla',8,5,1999,14700.0,9.4,24.6,1.5,1.4,0.0,1.5
'Zavalla',9,5,1999, 7200.0,12.7,22.1,1.6,1.1,0.0,1.2
'Zavalla',10,5,1999,13700.0,8.9,23.2,1.4,1.1,0.0,1.4
'Zavalla',11,5,1999,12900.0,9.3,23.3,1.2,2.2,0.0,1.7
'Zavalla',12,5,1999,12800.0,4.6,17.6,0.9,1.1,0.0,1.1
'Zavalla',13,5,1999,11500.0,5.3,17.6,1.1,1.7,0.0,1.0
'Zavalla',14,5,1999,12900.0,6.1,19.0,1.2,1.7,0.0,1.1
'Zavalla',15,5,1999,12200.0,4.5,21.9,1.3,1.1,0.0,0.9
'Zavalla',16,5,1999, 4000.0,11.8,20.3,1.6,1.4,4.5,0.9
'Zavalla',17,5,1999, 3600.0,13.1,16.5,1.5,3.1,8.0,1.0
'Zavalla',18,5,1999, 3500.0,8.3,13.1,1.1,2.5,0.0,0.9
'Zavalla',19,5,1999,11800.0,4.3,13.4,0.9,1.7,0.0,0.9
'Zavalla',20,5,1999,12000.0,2.2,13.4,0.9,0.8,0.0,0.6
'Zavalla',21,5,1999, 3500.0,5.2,12.2,1.1,1.1,0.0,0.4
'Zavalla',22,5,1999, 3400.0,8.4,13.9,1.1,0.8,0.0,0.7
'Zavalla',23,5,1999, 3400.0,9.3,12.3,1.1,0.6,0.0,0.7
'Zavalla',24,5,1999, 5000.0,6.2,14.0,1.1,1.4,0.0,0.6
'Zavalla',25,5,1999, 3400.0,7.5,15.9,1.2,1.4,0.0,0.7
'Zavalla',26,5,1999,10100.0,8.1,18.5,1.2,0.8,0.0,0.8
'Zavalla',27,5,1999, 8600.0,7.2,17.1,1.2,3.3,1.2,0.9
'Zavalla',28,5,1999, 3300.0,9.7,13.7,1.3,3.1,0.0,0.7
'Zavalla',29,5,1999, 9100.0,9.4,14.7,1.1,3.3,0.0,1.0
'Zavalla',30,5,1999,12200.0,5.6,12.9,0.9,1.4,0.0,0.6
'Zavalla',31,5,1999,11100.0,3.5,13.5,1.0,2.2,0.0,0.6
'Zavalla',1,6,1999, 8700.0,6.4,12.8,1.2,2.8,0.0,0.4
'Zavalla',2,6,1999,10700.0,6.9,13.4,1.2,1.7,0.0,0.4
'Zavalla',3,6,1999,10700.0,4.9,11.5,0.8,1.9,0.0,0.7
'Zavalla',4,6,1999, 5500.0,-0.1,11.0,0.8,0.8,0.0,0.5
'Zavalla',5,6,1999, 6200.0,5.5,12.3,0.9,1.1,0.0,0.7
'Zavalla',6,6,1999, 4200.0,6.8,13.5,0.9,1.4,0.0,0.8
'Zavalla',7,6,1999,11100.0,5.0,16.4,0.9,1.9,0.0,0.9
'Zavalla',8,6,1999, 7700.0,4.7,14.7,0.9,1.7,0.0,0.7
'Zavalla',9,6,1999, 7000.0,4.0,13.1,0.9,3.3,0.0,0.9
'Zavalla',10,6,1999,11300.0,-0.6,16.2,0.8,3.3,0.0,0.9
'Zavalla',11,6,1999,11700.0,5.4,19.1,0.9,2.5,0.0,1.1
'Zavalla',12,6,1999,11700.0,4.5,17.3,0.8,1.4,0.0,0.8
'Zavalla',13,6,1999,11100.0,3.2,18.6,1.0,2.2,0.0,0.7
'Zavalla',14,6,1999, 5000.0,7.8,19.0,1.6,2.2,0.0,0.4
'Zavalla',15,6,1999, 3100.0,9.9,16.6,1.6,1.7,0.0,0.4
'Zavalla',16,6,1999, 4900.0,9.9,15.4,1.2,3.1,0.0,0.9
'Zavalla',17,6,1999, 3100.0,8.8,12.8,1.2,2.8,0.6,0.7
'Zavalla',18,6,1999, 3100.0,8.0,11.8,1.2,1.4,0.0,0.4
'Zavalla',19,6,1999, 3100.0,9.0,10.7,1.1,3.9,0.0,0.6
'Zavalla',20,6,1999, 7800.0,7.4,15.6,1.2,3.6,0.0,0.7
'Zavalla',21,6,1999, 7900.0,8.0,18.5,1.3,2.8,0.0,0.8
'Zavalla',22,6,1999, 5900.0,10.3,19.2,1.4,2.2,0.0,0.9
'Zavalla',23,6,1999, 3700.0,11.7,16.5,1.6,2.2,0.0,0.5
'Zavalla',24,6,1999, 5900.0,10.5,17.7,1.3,1.9,0.0,0.8
'Zavalla',25,6,1999, 8200.0,7.2,15.2,1.2,2.8,0.0,0.6
'Zavalla',26,6,1999, 8200.0,7.9,19.5,1.6,2.8,25.5,0.4
'Zavalla',27,6,1999, 3100.0,13.5,16.7,1.7,3.9,0.7,0.6
'Zavalla',28,6,1999, 3100.0,6.9,14.7,1.1,5.3,21.3,1.1
'Zavalla',29,6,1999, 3300.0,5.3,10.9,0.9,1.4,0.0,0.7
'Zavalla',30,6,1999, 3800.0,3.8,10.5,1.0,1.7,0.0,0.4
'Zavalla',1,7,1999, 3100.0,5.5,12.2,1.1,2.5,0.0,0.4
'Zavalla',2,7,1999, 7400.0,8.9,12.9,1.2,3.3,0.0,0.7
'Zavalla',3,7,1999, 7400.0,6.3,12.9,1.1,2.5,0.0,0.5
'Zavalla',4,7,1999, 9400.0,0.1,10.3,0.8,1.1,0.0,0.3
'Zavalla',5,7,1999,11000.0,-1.0,13.8,0.8,1.9,0.0,0.4
'Zavalla',6,7,1999,11800.0,2.3,14.1,0.9,1.7,0.0,0.5
'Zavalla',7,7,1999,11100.0,-1.5,17.2,0.9,0.8,0.0,0.4
'Zavalla',8,7,1999,10000.0,0.9,15.7,0.9,1.1,0.0,0.5
'Zavalla',9,7,1999, 9200.0,0.4,15.3,1.0,2.2,0.0,0.5
'Zavalla',10,7,1999, 3200.0,7.0,14.1,1.3,2.5,0.0,0.4
'Zavalla',11,7,1999, 6900.0,11.2,22.6,1.7,2.5,0.0,1.0
'Zavalla',12,7,1999, 3200.0,10.9,18.1,1.3,3.6,6.5,1.3
'Zavalla',13,7,1999, 3200.0,9.6,10.9,1.1,3.9,1.2,0.7
'Zavalla',14,7,1999, 3300.0,8.0,10.1,1.1,3.9,2.8,0.6
'Zavalla',15,7,1999, 4800.0,3.6,10.1,0.8,3.1,0.0,0.8
'Zavalla',16,7,1999, 8000.0,0.0,9.9,0.7,1.7,0.0,0.6
'Zavalla',17,7,1999,11500.0,-0.3,12.5,0.7,1.1,0.0,0.6
'Zavalla',18,7,1999, 9400.0,0.9,11.7,0.8,1.4,0.0,0.6
'Zavalla',19,7,1999, 3400.0,2.8,11.1,0.9,2.5,0.0,0.6
'Zavalla',20,7,1999,10000.0,5.0,12.6,0.9,2.2,0.0,0.8
'Zavalla',21,7,1999, 7200.0,3.4,14.1,0.9,1.4,0.0,0.8
'Zavalla',22,7,1999,12700.0,0.8,14.8,0.8,1.7,0.0,0.7
'Zavalla',23,7,1999,12800.0,1.7,15.6,0.9,2.2,0.0,0.7
'Zavalla',24,7,1999,12600.0,5.7,19.3,1.1,2.2,0.0,1.1
'Zavalla',25,7,1999,12800.0,7.7,21.7,1.1,2.2,0.0,1.4
'Zavalla',26,7,1999,11700.0,6.3,24.0,1.4,2.5,0.0,1.3
'Zavalla',27,7,1999,13000.0,4.3,14.9,0.9,3.6,0.0,1.2
'Zavalla',28,7,1999, 4500.0,7.0,17.6,1.5,4.7,0.0,0.5
'Zavalla',29,7,1999, 8300.0,8.3,17.6,1.0,4.4,0.0,1.9
'Zavalla',30,7,1999,13600.0,3.6,16.4,0.7,1.7,0.0,1.2
'Zavalla',31,7,1999,13900.0,0.0,16.5,0.8,2.8,0.0,1.2
'Zavalla',1,8,1999,13400.0,3.3,19.4,1.0,1.7,0.0,1.1
'Zavalla',2,8,1999,13000.0,2.3,22.2,1.2,2.5,0.0,1.2
'Zavalla',3,8,1999,13300.0,11.3,25.5,1.3,2.5,0.0,2.1
'Zavalla',4,8,1999,11500.0,10.7,25.6,1.5,2.2,0.0,1.8
'Zavalla',5,8,1999,10400.0,13.7,27.5,1.7,4.2,0.0,2.5
'Zavalla',6,8,1999, 3800.0,6.5,19.6,1.0,4.4,3.2,2.0
'Zavalla',7,8,1999,15000.0,2.3,13.3,0.7,2.2,0.0,1.3
'Zavalla',8,8,1999,14500.0,-1.3,16.6,0.8,3.3,0.0,1.2
'Zavalla',9,8,1999, 9100.0,6.6,21.5,0.9,3.6,0.0,2.2
'Zavalla',10,8,1999,14800.0,11.6,26.9,1.2,1.7,0.0,2.2
'Zavalla',11,8,1999,14200.0,10.2,23.2,1.1,3.6,0.0,2.5
'Zavalla',12,8,1999, 4000.0,4.4,13.3,0.7,3.9,0.0,1.9
'Zavalla',13,8,1999,15200.0,-0.7,9.2,0.5,4.4,0.0,1.6
'Zavalla',14,8,1999,14600.0,-1.4,8.7,0.5,2.8,0.0,1.2
'Zavalla',15,8,1999,15700.0,-4.2,11.0,0.6,1.9,0.0,1.0
'Zavalla',16,8,1999,14600.0,-0.8,14.8,0.7,2.8,0.0,1.4
'Zavalla',17,8,1999,14300.0,2.8,18.4,0.8,1.9,0.0,1.6
'Zavalla',18,8,1999,14400.0,3.8,22.0,1.1,4.2,0.0,2.0
'Zavalla',19,8,1999,12200.0,11.9,25.0,1.5,3.1,0.0,2.3
'Zavalla',20,8,1999,10000.0,12.4,27.0,1.7,1.9,0.0,2.0
'Zavalla',21,8,1999, 4400.0,12.3,18.8,1.3,5.0,0.0,2.1
'Zavalla',22,8,1999,13100.0,5.0,16.8,0.8,3.6,0.0,2.1
'Zavalla',23,8,1999, 4400.0,6.4,12.7,1.1,5.6,28.0,0.8
'Zavalla',24,8,1999, 4500.0,9.7,13.3,1.2,4.4,2.8,1.0
'Zavalla',25,8,1999,16500.0,4.1,17.4,0.9,3.9,0.0,2.1
'Zavalla',26,8,1999,16300.0,4.9,21.7,1.0,1.4,0.0,1.9
'Zavalla',27,8,1999,16500.0,4.7,23.1,1.0,1.1,0.0,1.9
'Zavalla',28,8,1999,16500.0,4.4,21.7,1.2,1.4,0.0,1.8
'Zavalla',29,8,1999,13500.0,6.6,20.3,1.4,2.5,0.0,1.6
'Zavalla',30,8,1999, 4700.0,13.9,26.2,2.0,2.5,0.0,1.5
'Zavalla',31,8,1999,16800.0,12.7,22.9,1.2,2.8,0.0,2.9
'Zavalla',1,9,1999,15500.0,7.2,20.3,1.3,2.8,0.0,2.0
'Zavalla',2,9,1999,16900.0,8.7,24.2,1.2,2.8,0.0,2.7
'Zavalla',3,9,1999,14500.0,10.4,20.2,1.2,3.6,0.0,2.6
'Zavalla',4,9,1999, 7000.0,9.7,17.0,1.4,4.2,0.0,1.3
'Zavalla',5,9,1999, 5000.0,13.9,18.3,1.9,1.1,0.0,0.8
'Zavalla',6,9,1999, 7800.0,15.4,22.4,1.9,3.3,22.0,1.8
'Zavalla',7,9,1999, 8100.0,11.1,17.9,1.2,2.5,0.0,1.9
'Zavalla',8,9,1999, 9300.0,6.4,17.7,1.0,2.5,0.4,1.8
'Zavalla',9,9,1999, 7000.0,4.7,14.0,0.9,1.4,0.0,1.2
'Zavalla',10,9,1999,18800.0,2.3,17.7,0.9,3.6,0.0,2.3
'Zavalla',11,9,1999,15200.0,10.2,19.3,1.0,3.1,0.0,2.8
'Zavalla',12,9,1999,16000.0,8.9,21.6,1.3,3.6,0.0,2.7
'Zavalla',13,9,1999,16300.0,10.9,19.6,1.0,3.1,0.0,3.0
'Zavalla',14,9,1999,18900.0,5.6,19.1,0.9,2.5,0.0,2.6
'Zavalla',15,9,1999,19300.0,5.6,25.0,0.9,3.1,0.0,3.4
'Zavalla',16,9,1999,19700.0,7.8,22.2,1.1,1.7,0.0,2.8
'Zavalla',17,9,1999,19000.0,5.7,27.2,1.3,2.5,0.0,3.0
'Zavalla',18,9,1999,18400.0,10.3,27.2,1.4,3.3,0.0,3.6
'Zavalla',19,9,1999,19400.0,5.6,19.6,1.1,2.5,0.0,2.6
'Zavalla',20,9,1999,19000.0,8.8,27.3,1.6,1.4,0.0,2.9
'Zavalla',21,9,1999,19200.0,12.3,27.9,1.7,3.1,0.0,3.7
'Zavalla',22,9,1999,20300.0,10.3,23.0,1.4,4.4,0.0,3.6
'Zavalla',23,9,1999,20700.0,12.0,22.9,1.2,4.2,0.0,4.0
'Zavalla',24,9,1999,12500.0,12.8,22.4,1.6,2.8,27.0,2.5
'Zavalla',25,9,1999, 6300.0,15.9,19.4,1.8,2.5,6.2,1.6
'Zavalla',26,9,1999, 6600.0,15.7,20.1,1.8,3.1,0.0,1.6
'Zavalla',27,9,1999, 8300.0,11.7,20.9,1.6,1.7,0.0,1.6
'Zavalla',28,9,1999,16200.0,14.7,23.9,1.7,3.3,0.0,3.2
'Zavalla',29,9,1999,21600.0,6.2,17.9,0.9,1.9,0.0,3.0
'Zavalla',30,9,1999,17400.0,8.1,23.7,1.4,2.8,0.0,2.9
'Zavalla',1,10,1999, 6200.0,9.3,17.1,0.9,3.6,0.0,2.5
'Zavalla',2,10,1999,20800.0,2.3,15.3,0.8,3.1,0.0,2.8
'Zavalla',3,10,1999,22100.0,2.7,13.9,0.6,1.7,0.0,2.7
'Zavalla',4,10,1999,21000.0,0.7,15.6,0.8,2.5,0.0,2.6
'Zavalla',5,10,1999,17400.0,6.5,17.3,1.0,2.5,0.0,2.7
'Zavalla',6,10,1999,12900.0,6.3,20.0,1.3,2.5,0.0,2.0
'Zavalla',7,10,1999,10900.0,11.4,21.4,1.5,2.8,0.0,2.4
'Zavalla',8,10,1999, 9200.0,8.4,19.8,1.4,2.2,0.0,1.8
'Zavalla',9,10,1999,16300.0,9.0,20.8,1.4,3.1,0.0,2.8
'Zavalla',10,10,1999,13000.0,11.0,21.2,1.4,2.8,0.0,2.6
'Zavalla',11,10,1999,21800.0,10.2,23.3,1.4,2.5,0.0,3.6
'Zavalla',12,10,1999,15600.0,14.3,26.2,1.8,4.2,0.0,3.6
'Zavalla',13,10,1999,19300.0,14.2,26.0,1.0,3.1,0.0,4.7
'Zavalla',14,10,1999,15100.0,8.7,21.7,1.2,3.6,0.0,3.2
'Zavalla',15,10,1999,20100.0,13.9,24.4,1.3,2.8,0.0,4.2
'Zavalla',16,10,1999,24800.0,8.3,26.0,1.1,1.9,0.0,4.2
'Zavalla',17,10,1999,24900.0,11.2,29.9,1.1,2.8,0.0,5.2
'Zavalla',18,10,1999,25000.0,10.0,31.2,1.4,1.4,0.0,4.5
'Zavalla',19,10,1999,24700.0,14.0,31.7,1.6,2.5,0.0,5.2
'Zavalla',20,10,1999,23700.0,13.8,31.0,1.7,2.5,0.0,4.9
'Zavalla',21,10,1999,25100.0,15.6,28.4,1.2,3.1,0.0,5.6
'Zavalla',22,10,1999,24700.0,9.6,26.8,1.7,3.1,0.0,4.2
'Zavalla',23,10,1999,24900.0,13.0,26.0,1.4,2.8,0.0,4.8
'Zavalla',24,10,1999,21600.0,12.5,27.2,1.8,2.5,0.0,4.1
'Zavalla',25,10,1999,25900.0,15.4,27.8,2.0,2.5,0.0,4.9
'Zavalla',26,10,1999,25600.0,16.9,29.1,2.1,2.5,0.0,5.2
'Zavalla',27,10,1999,23900.0,15.9,29.9,2.0,2.5,0.8,5.0
'Zavalla',28,10,1999, 7900.0,16.8,24.4,2.1,4.4,10.3,2.3
'Zavalla',29,10,1999, 7100.0,17.5,20.2,2.1,4.7,7.0,1.6
'Zavalla',30,10,1999, 7200.0,17.3,22.5,2.0,4.4,0.0,2.0
'Zavalla',31,10,1999, 7200.0,17.3,21.9,2.0,5.3,6.5,2.2
'Zavalla',1,11,1999, 7200.0,14.3,21.2,1.8,8.1,9.8,2.3
'Zavalla',2,11,1999,13200.0,14.0,20.7,1.4,3.9,0.0,3.3
'Zavalla',3,11,1999,18800.0,9.6,21.6,1.4,2.2,0.8,3.3
'Zavalla',4,11,1999,19600.0,12.5,20.9,1.1,1.4,0.0,3.7
'Zavalla',5,11,1999,27400.0,7.4,27.3,1.4,2.5,0.0,4.7
'Zavalla',6,11,1999,27900.0,15.1,31.4,1.4,3.1,12.0,6.3
'Zavalla',7,11,1999,21300.0,15.1,23.4,1.0,4.2,0.0,5.5
'Zavalla',8,11,1999,24400.0,9.5,18.5,1.0,0.3,0.0,3.5
'Zavalla',9,11,1999,28300.0,6.9,19.1,0.9,5.3,0.0,5.2
'Zavalla',10,11,1999,28500.0,6.7,22.7,1.0,2.8,0.0,4.7
'Zavalla',11,11,1999,26700.0,9.6,27.2,1.2,1.7,0.0,4.8
'Zavalla',12,11,1999,16300.0,10.6,28.5,1.5,1.9,0.0,3.7
'Zavalla',13,11,1999,28700.0,13.5,29.9,1.7,3.1,0.0,5.9
'Zavalla',14,11,1999,28400.0,13.2,31.9,1.7,3.1,0.0,6.1
'Zavalla',15,11,1999,26900.0,14.4,31.6,1.8,3.1,0.0,6.0
'Zavalla',16,11,1999,19700.0,17.1,32.9,2.0,2.8,0.0,5.1
'Zavalla',17,11,1999,12900.0,16.4,33.2,2.2,2.2,1.8,3.7
'Zavalla',18,11,1999,12600.0,19.1,26.1,2.1,1.9,0.1,3.1
'Zavalla',19,11,1999,24200.0,15.0,29.9,1.5,2.5,0.0,5.5
'Zavalla',20,11,1999,20000.0,12.8,27.9,1.5,1.9,0.0,4.3
'Zavalla',21,11,1999,29100.0,13.7,28.0,1.2,2.2,0.0,5.8
'Zavalla',22,11,1999,25400.0,10.1,28.7,1.4,1.9,0.0,4.9
'Zavalla',23,11,1999,27800.0,11.2,28.0,1.6,1.9,0.0,5.1
'Zavalla',24,11,1999,25800.0,13.6,29.1,1.7,1.9,0.0,5.2
'Zavalla',25,11,1999,21400.0,14.3,30.1,1.8,1.7,0.0,4.6
'Zavalla',26,11,1999,27900.0,12.0,29.3,1.7,1.9,0.0,5.3
'Zavalla',27,11,1999,29500.0,13.8,32.7,1.9,1.9,0.0,6.0
'Zavalla',28,11,1999,29500.0,19.4,34.4,1.8,2.2,0.0,6.9
'Zavalla',29,11,1999,21500.0,20.1,34.7,2.1,3.3,0.0,6.2
'Zavalla',30,11,1999, 7900.0,21.9,34.0,1.9,5.3,11.0,5.4
'Zavalla',1,12,1999, 8000.0,17.2,27.0,1.9,2.2,11.0,2.7
'Zavalla',2,12,1999,19700.0,13.8,24.5,1.7,5.0,0.0,4.4
'Zavalla',3,12,1999,25500.0,16.9,29.0,2.0,2.2,0.0,5.5
'Zavalla',4,12,1999,30000.0,13.8,37.2,1.4,4.2,5.8,7.9
'Zavalla',5,12,1999,21700.0,12.4,24.8,1.1,2.5,0.0,4.9
'Zavalla',6,12,1999,30600.0,5.8,24.0,0.9,1.4,0.0,4.9
'Zavalla',7,12,1999,29400.0,8.6,26.3,1.2,1.7,0.0,5.2
'Zavalla',8,12,1999,30400.0,12.0,29.1,1.5,1.9,0.0,5.8
'Zavalla',9,12,1999,30900.0,13.0,31.4,1.7,3.3,0.0,6.6
'Zavalla',10,12,1999,22600.0,16.2,31.2,1.9,3.3,0.0,5.6
'Zavalla',11,12,1999, 8100.0,18.6,24.4,2.2,2.8,25.5,2.3
'Zavalla',12,12,1999,14300.0,16.6,26.1,2.1,1.9,9.6,3.2
'Zavalla',13,12,1999,25600.0,16.7,27.7,2.1,2.2,0.0,5.2
'Zavalla',14,12,1999,30800.0,16.7,31.6,1.9,2.5,0.0,6.8
'Zavalla',15,12,1999,30800.0,16.1,34.2,2.0,2.5,0.0,6.9
'Zavalla',16,12,1999,31100.0,17.3,33.3,2.2,2.2,0.0,6.8
'Zavalla',17,12,1999,29900.0,18.6,34.5,2.4,3.1,0.0,7.2
'Zavalla',18,12,1999,26900.0,20.0,27.8,2.4,2.5,13.3,5.8
'Zavalla',19,12,1999,26900.0,15.0,30.5,1.9,1.4,0.0,5.5
'Zavalla',20,12,1999,20000.0,18.5,30.9,1.6,2.5,0.0,5.5
'Zavalla',21,12,1999,11900.0,16.8,27.9,2.0,3.1,0.0,3.4
'Zavalla',22,12,1999,30400.0,15.5,29.3,1.2,2.8,0.0,6.7
'Zavalla',23,12,1999,30200.0,12.4,28.2,1.4,1.9,0.0,5.8
'Zavalla',24,12,1999,29900.0,13.8,33.7,1.9,2.2,0.0,6.4
'Zavalla',25,12,1999,19500.0,18.4,36.4,2.0,1.9,0.0,5.4
'Zavalla',26,12,1999,23500.0,22.9,39.2,2.8,1.7,0.7,6.5
'Zavalla',27,12,1999, 9600.0,24.0,31.1,2.8,3.3,0.0,3.6
'Zavalla',28,12,1999,11900.0,21.4,28.1,2.6,2.5,0.3,3.1
'Zavalla',29,12,1999,22500.0,19.9,31.5,2.5,1.9,0.0,5.3
'Zavalla',30,12,1999, 8100.0,16.5,31.4,2.1,2.5,0.0,3.0
'Zavalla',31,12,1999,31100.0,17.3,31.7,1.8,1.9,0.0,6.7
