* Source of data    : Zavalla local weather station 
* File content      : Meteo input file for Swap 3.2 (www.swap.alterra.nl) 
* File generated at :  Mon Oct 03 22:18:27 2016 
station,DD,MM,YYYY,Rad,Tmin,Tmax,Hum,Wind,Rain,ETref 
'Zavalla',1,1,2001,28800.0,18.4,32.7,2.4,1.7,0.0,6.3
'Zavalla',2,1,2001,25800.0,20.3,33.9,2.6,1.9,0.0,6.1
'Zavalla',3,1,2001,25300.0,21.0,32.0,2.5,1.9,0.0,5.9
'Zavalla',4,1,2001,30000.0,20.2,36.5,2.9,1.4,0.0,7.0
'Zavalla',5,1,2001,29500.0,21.7,35.2,3.0,2.5,0.0,7.1
'Zavalla',6,1,2001,30900.0,23.9,36.5,3.1,4.7,16.0,8.5
'Zavalla',7,1,2001,27200.0,20.3,29.8,2.8,1.7,0.0,5.7
'Zavalla',8,1,2001,25900.0,20.5,31.3,2.3,3.1,1.1,6.3
'Zavalla',9,1,2001,22500.0,16.0,31.7,2.7,3.1,39.0,4.8
'Zavalla',10,1,2001,27100.0,16.1,28.0,1.6,2.5,0.0,5.9
'Zavalla',11,1,2001,27000.0,10.5,25.8,1.4,1.1,0.0,4.8
'Zavalla',12,1,2001,30100.0,12.3,26.1,1.9,2.2,0.0,5.3
'Zavalla',13,1,2001,30100.0,14.2,29.0,2.1,1.1,0.0,5.6
'Zavalla',14,1,2001,28800.0,18.0,31.1,2.7,1.9,0.0,6.0
'Zavalla',15,1,2001,30200.0,19.8,31.4,2.8,1.9,0.0,6.5
'Zavalla',16,1,2001,27700.0,21.5,32.6,3.0,1.9,0.0,6.3
'Zavalla',17,1,2001,21900.0,21.2,33.2,3.0,3.1,98.5,5.4
'Zavalla',18,1,2001,15800.0,18.8,28.1,2.6,1.9,7.5,3.5
'Zavalla',19,1,2001,29700.0,15.9,25.1,1.7,2.5,0.0,5.7
'Zavalla',20,1,2001,17400.0,12.2,26.5,2.0,2.5,0.0,3.4
'Zavalla',21,1,2001,28600.0,16.8,28.5,2.5,1.7,0.0,5.5
'Zavalla',22,1,2001,27100.0,18.6,31.0,2.6,0.8,0.0,5.6
'Zavalla',23,1,2001,28700.0,19.5,31.2,3.0,1.1,0.0,5.9
'Zavalla',24,1,2001,25300.0,20.0,32.6,2.9,1.1,0.0,5.5
'Zavalla',25,1,2001,27600.0,19.5,33.6,3.0,0.8,0.5,5.9
'Zavalla',26,1,2001,27500.0,22.0,29.1,2.9,2.5,15.0,5.9
'Zavalla',27,1,2001,22300.0,21.2,29.5,2.5,1.4,0.2,4.9
'Zavalla',28,1,2001,19600.0,20.5,29.0,2.4,1.4,0.0,4.4
'Zavalla',29,1,2001,22100.0,19.7,28.7,2.7,1.1,0.0,4.5
'Zavalla',30,1,2001,26500.0,18.6,30.2,2.7,2.5,0.0,5.5
'Zavalla',31,1,2001,16700.0,21.9,31.1,2.8,3.3,0.0,4.4
'Zavalla',1,2,2001,16600.0,19.8,29.7,2.9,1.4,0.0,3.6
'Zavalla',2,2,2001,27100.0,23.0,32.8,2.7,3.6,0.0,6.8
'Zavalla',3,2,2001,25400.0,13.0,26.8,1.9,1.1,0.0,4.5
'Zavalla',4,2,2001,27200.0,12.8,29.4,2.0,1.1,0.0,4.9
'Zavalla',5,2,2001,28400.0,16.8,33.0,2.4,1.9,0.0,6.0
'Zavalla',6,2,2001,27600.0,21.4,36.0,3.1,1.9,0.0,6.6
'Zavalla',7,2,2001,26800.0,21.4,34.2,3.2,1.7,2.8,6.1
'Zavalla',8,2,2001, 9700.0,21.6,28.7,2.7,2.8,44.4,2.8
'Zavalla',9,2,2001,24800.0,21.3,32.4,3.5,3.6,33.5,5.4
'Zavalla',10,2,2001, 8000.0,19.9,29.9,2.2,2.5,0.2,3.0
'Zavalla',11,2,2001, 8600.0,16.1,22.2,1.9,2.5,7.5,2.1
'Zavalla',12,2,2001,27600.0,11.4,25.3,1.9,1.4,0.0,4.4
'Zavalla',13,2,2001,26400.0,12.7,26.0,2.1,1.7,0.0,4.4
'Zavalla',14,2,2001,27100.0,17.3,29.6,2.6,0.8,0.0,5.1
'Zavalla',15,2,2001,24600.0,18.1,29.9,2.6,1.1,0.0,4.8
'Zavalla',16,2,2001,26700.0,16.9,31.0,2.5,0.6,0.0,5.1
'Zavalla',17,2,2001,27200.0,16.6,30.0,2.3,0.8,0.0,5.1
'Zavalla',18,2,2001,27000.0,15.2,28.0,3.0,0.8,0.0,5.0
'Zavalla',19,2,2001,26900.0,23.3,31.2,2.8,0.8,0.0,5.8
'Zavalla',20,2,2001,26800.0,20.3,33.1,3.0,2.2,0.0,5.9
'Zavalla',21,2,2001,26000.0,22.5,34.3,3.0,1.7,0.0,6.0
'Zavalla',22,2,2001,25400.0,22.3,34.0,3.2,1.9,0.0,5.9
'Zavalla',23,2,2001,24300.0,22.8,32.3,3.2,1.9,0.0,5.5
'Zavalla',24,2,2001,14300.0,21.9,32.6,3.1,2.2,0.0,3.6
'Zavalla',25,2,2001,11600.0,21.3,29.9,2.4,3.1,0.0,3.6
'Zavalla',26,2,2001,15600.0,21.3,29.4,3.0,3.1,0.0,3.5
'Zavalla',27,2,2001,19600.0,24.7,31.0,3.2,1.9,0.0,4.7
'Zavalla',28,2,2001,21500.0,24.6,33.8,3.5,3.1,0.0,5.3
'Zavalla',1,3,2001, 7300.0,21.7,29.3,2.9,2.2,79.4,2.0
'Zavalla',2,3,2001,11200.0,21.0,26.8,2.8,1.9,26.0,2.4
'Zavalla',3,3,2001,23200.0,23.2,34.9,3.3,1.7,0.0,5.5
'Zavalla',4,3,2001,24000.0,23.3,34.9,3.3,2.2,34.0,5.7
'Zavalla',5,3,2001, 6900.0,18.8,27.7,2.2,1.9,26.4,2.3
'Zavalla',6,3,2001,22300.0,16.9,28.5,2.5,1.1,0.0,4.1
'Zavalla',7,3,2001,23200.0,18.5,29.0,2.5,1.7,0.0,4.4
'Zavalla',8,3,2001,23600.0,17.2,30.1,2.7,1.4,0.0,4.4
'Zavalla',9,3,2001,22500.0,20.3,32.6,3.1,2.2,0.0,4.8
'Zavalla',10,3,2001,14300.0,22.6,31.8,2.9,3.6,6.0,3.9
'Zavalla',11,3,2001, 6400.0,19.8,26.0,2.5,2.8,0.3,1.8
'Zavalla',12,3,2001,22800.0,20.1,29.7,2.7,1.7,0.0,4.5
'Zavalla',13,3,2001,20900.0,19.3,30.6,2.7,0.8,0.0,4.1
'Zavalla',14,3,2001,21300.0,20.1,29.7,2.7,0.8,0.0,4.2
'Zavalla',15,3,2001,20800.0,19.9,32.0,3.1,1.1,0.0,4.2
'Zavalla',16,3,2001,15400.0,21.8,30.7,3.1,1.9,0.0,3.4
'Zavalla',17,3,2001,21800.0,21.2,31.7,3.1,1.7,0.0,4.5
'Zavalla',18,3,2001, 6300.0,20.7,25.8,2.6,3.6,20.5,1.8
'Zavalla',19,3,2001,17400.0,13.7,23.3,1.6,2.2,57.0,3.1
'Zavalla',20,3,2001, 5900.0,16.2,19.9,1.9,4.2,16.0,1.4
'Zavalla',21,3,2001, 5800.0,17.3,21.0,2.1,3.3,49.6,1.4
'Zavalla',22,3,2001, 8600.0,18.0,22.0,2.2,3.1,1.6,1.8
'Zavalla',23,3,2001, 6800.0,17.7,22.8,2.1,3.3,4.0,1.8
'Zavalla',24,3,2001, 5700.0,13.9,21.7,1.8,2.5,0.0,1.5
'Zavalla',25,3,2001, 7000.0,14.3,21.2,1.7,1.4,0.0,1.6
'Zavalla',26,3,2001,20000.0,10.7,24.3,1.6,1.1,0.0,2.9
'Zavalla',27,3,2001,18000.0,9.8,24.4,1.5,0.6,0.0,2.6
'Zavalla',28,3,2001,19500.0,10.6,25.2,1.6,0.6,0.0,2.8
'Zavalla',29,3,2001,19800.0,10.5,25.0,1.8,0.8,0.0,2.7
'Zavalla',30,3,2001,19000.0,12.3,24.9,1.8,0.8,0.0,2.8
'Zavalla',31,3,2001,18700.0,13.2,27.0,2.0,0.8,0.0,2.9
'Zavalla',1,4,2001,18900.0,12.7,28.6,2.0,0.6,0.0,2.9
'Zavalla',2,4,2001,19400.0,15.4,28.7,1.9,1.4,0.0,3.4
'Zavalla',3,4,2001, 9700.0,16.5,24.1,2.0,3.6,0.0,2.2
'Zavalla',4,4,2001, 5200.0,12.6,19.6,1.7,2.8,16.5,1.2
'Zavalla',5,4,2001, 7500.0,15.6,22.0,1.7,2.5,0.0,2.0
'Zavalla',6,4,2001,18500.0,11.3,23.1,1.5,1.1,0.0,2.5
'Zavalla',7,4,2001, 9800.0,9.7,25.0,2.0,1.1,1.0,1.4
'Zavalla',8,4,2001, 7800.0,17.6,24.7,2.2,1.4,66.7,1.7
'Zavalla',9,4,2001,14600.0,14.5,24.7,1.9,0.3,0.0,2.2
'Zavalla',10,4,2001,16900.0,10.9,26.0,1.9,1.1,0.0,2.3
'Zavalla',11,4,2001,13000.0,15.2,26.7,2.1,1.1,0.0,2.2
'Zavalla',12,4,2001,15300.0,16.1,27.7,2.3,1.7,0.0,2.6
'Zavalla',13,4,2001,13400.0,20.7,30.6,2.9,3.6,43.6,3.0
'Zavalla',14,4,2001,12100.0,19.9,26.8,2.2,2.2,0.0,2.6
'Zavalla',15,4,2001,12200.0,14.2,23.6,2.9,1.9,0.0,1.9
'Zavalla',16,4,2001,11500.0,16.8,27.0,3.0,1.9,0.0,1.9
'Zavalla',17,4,2001,10200.0,17.1,30.0,3.0,1.7,0.0,1.8
'Zavalla',18,4,2001,14400.0,19.3,30.0,2.6,3.6,0.0,3.0
'Zavalla',19,4,2001,15100.0,12.8,24.9,1.4,1.4,0.0,2.4
'Zavalla',20,4,2001,16600.0,11.9,25.4,1.3,1.9,0.0,2.6
'Zavalla',21,4,2001,16900.0,8.0,21.2,1.0,1.7,0.0,2.2
'Zavalla',22,4,2001, 9100.0,5.7,22.1,1.4,2.5,0.0,1.4
'Zavalla',23,4,2001,10000.0,9.2,18.2,1.0,2.8,0.0,2.1
'Zavalla',24,4,2001,16100.0,3.6,18.2,1.0,1.1,0.0,1.5
'Zavalla',25,4,2001,11500.0,4.4,19.6,1.2,1.4,0.0,1.3
'Zavalla',26,4,2001,15500.0,5.1,23.4,1.3,0.8,0.0,1.5
'Zavalla',27,4,2001,15400.0,5.4,24.1,1.3,2.8,0.0,1.9
'Zavalla',28,4,2001, 4200.0,10.9,15.9,0.9,4.7,0.0,2.4
'Zavalla',29,4,2001, 8200.0,6.6,15.2,1.0,3.6,5.5,1.6
'Zavalla',30,4,2001, 4100.0,10.9,14.1,1.4,2.2,7.0,0.7
'Zavalla',1,5,2001, 4100.0,8.2,12.7,1.1,3.1,0.4,0.9
'Zavalla',2,5,2001,12100.0,7.0,17.8,1.0,1.9,0.0,1.6
'Zavalla',3,5,2001, 6200.0,6.2,15.0,1.0,1.9,0.0,1.2
'Zavalla',4,5,2001,14900.0,1.4,14.1,0.8,0.8,0.0,1.0
'Zavalla',5,5,2001,12900.0,0.1,15.9,0.9,1.4,0.0,1.0
'Zavalla',6,5,2001, 8400.0,6.1,18.8,1.2,1.4,0.0,1.1
'Zavalla',7,5,2001,12100.0,8.0,20.4,1.3,1.9,3.0,1.4
'Zavalla',8,5,2001, 6600.0,10.9,17.8,1.4,1.1,4.0,1.0
'Zavalla',9,5,2001, 5100.0,7.7,15.7,1.3,1.1,0.0,0.7
'Zavalla',10,5,2001,11900.0,6.7,20.1,1.2,2.2,0.0,1.3
'Zavalla',11,5,2001,11900.0,6.7,15.6,1.0,1.7,0.0,1.1
'Zavalla',12,5,2001, 7900.0,4.4,15.1,1.0,0.8,0.0,0.9
'Zavalla',13,5,2001, 8200.0,5.4,15.2,0.8,0.8,0.0,1.0
'Zavalla',14,5,2001,12100.0,0.4,13.9,0.9,1.9,0.0,0.8
'Zavalla',15,5,2001, 3900.0,4.0,14.3,1.2,2.2,0.0,0.5
'Zavalla',16,5,2001, 6000.0,6.9,13.8,1.2,1.7,1.6,0.6
'Zavalla',17,5,2001,11400.0,2.3,15.5,1.1,1.4,0.0,0.6
'Zavalla',18,5,2001,12300.0,5.1,18.2,1.2,1.1,0.0,0.9
'Zavalla',19,5,2001,11000.0,4.2,18.8,1.2,1.4,0.0,0.8
'Zavalla',20,5,2001, 5600.0,5.6,19.3,1.4,1.9,0.6,0.6
'Zavalla',21,5,2001, 5800.0,12.9,21.1,1.7,1.1,0.0,1.0
'Zavalla',22,5,2001, 7100.0,9.9,17.8,1.3,0.6,0.0,0.8
'Zavalla',23,5,2001, 9500.0,6.0,20.8,1.2,1.1,0.0,0.9
'Zavalla',24,5,2001,12300.0,9.1,22.3,1.6,2.5,0.0,1.1
'Zavalla',25,5,2001, 8400.0,12.0,24.6,2.0,3.1,0.0,1.0
'Zavalla',26,5,2001,11300.0,17.8,26.8,2.2,1.9,0.0,1.7
'Zavalla',27,5,2001, 3800.0,15.9,24.5,2.0,2.2,0.0,1.1
'Zavalla',28,5,2001,11800.0,15.5,25.4,1.8,4.4,0.0,2.0
'Zavalla',29,5,2001, 9500.0,16.6,25.1,2.0,1.9,0.0,1.5
'Zavalla',30,5,2001, 7100.0,16.6,25.1,2.2,1.7,0.0,1.2
'Zavalla',31,5,2001, 3300.0,15.8,19.4,1.8,4.2,17.7,1.0
'Zavalla',1,6,2001, 3500.0,11.5,16.1,1.4,2.5,0.0,0.9
'Zavalla',2,6,2001, 3300.0,10.6,15.9,1.6,1.7,8.0,0.5
'Zavalla',3,6,2001, 3200.0,14.5,15.6,1.6,2.8,0.0,0.7
'Zavalla',4,6,2001, 4900.0,10.4,16.6,1.3,2.2,8.9,0.9
'Zavalla',5,6,2001, 9800.0,10.3,18.6,1.4,1.7,0.0,0.9
'Zavalla',6,6,2001,11900.0,2.6,18.5,0.9,1.7,0.0,0.8
'Zavalla',7,6,2001, 4600.0,7.9,15.9,1.5,3.1,0.0,0.5
'Zavalla',8,6,2001, 7700.0,15.9,23.0,2.0,2.5,0.0,1.1
'Zavalla',9,6,2001, 5300.0,16.2,22.4,2.0,2.2,0.0,1.0
'Zavalla',10,6,2001, 3200.0,16.0,21.0,2.1,2.5,0.0,0.5
'Zavalla',11,6,2001, 4500.0,17.1,24.6,2.2,3.3,0.0,1.1
'Zavalla',12,6,2001, 5200.0,16.4,25.1,2.2,1.4,0.0,1.0
'Zavalla',13,6,2001, 9300.0,16.7,25.7,2.1,1.9,0.0,1.3
'Zavalla',14,6,2001, 3100.0,13.6,16.3,1.7,3.6,5.0,0.5
'Zavalla',15,6,2001, 3200.0,8.1,13.6,1.2,3.3,0.0,0.8
'Zavalla',16,6,2001, 8500.0,3.6,10.7,0.9,4.7,0.0,0.5
'Zavalla',17,6,2001, 9700.0,5.5,10.1,0.8,3.1,0.0,0.9
'Zavalla',18,6,2001, 5600.0,4.7,9.7,0.7,0.8,11.6,0.7
'Zavalla',19,6,2001, 3600.0,2.8,8.9,0.7,0.8,0.0,0.7
'Zavalla',20,6,2001,11900.0,-0.4,13.4,0.8,1.9,0.0,0.6
'Zavalla',21,6,2001,11100.0,-1.1,12.1,0.8,0.8,0.0,0.3
'Zavalla',22,6,2001,11900.0,-0.5,15.4,0.8,1.7,0.0,0.6
'Zavalla',23,6,2001, 8800.0,4.1,14.9,1.0,1.9,0.0,0.6
'Zavalla',24,6,2001, 8900.0,3.8,13.1,0.9,2.2,0.0,0.7
'Zavalla',25,6,2001,10300.0,0.3,13.2,0.8,1.4,0.0,0.5
'Zavalla',26,6,2001,11800.0,-0.9,18.2,1.0,1.1,0.0,0.4
'Zavalla',27,6,2001,10700.0,2.0,17.7,0.9,1.7,0.0,0.7
'Zavalla',28,6,2001,10700.0,4.0,17.9,1.0,1.9,0.0,0.8
'Zavalla',29,6,2001, 8500.0,4.3,18.6,1.3,1.7,0.0,0.5
'Zavalla',30,6,2001, 7000.0,4.9,18.2,1.3,1.7,0.0,0.5
'Zavalla',1,7,2001, 3100.0,6.3,16.5,1.0,2.5,0.0,1.1
'Zavalla',2,7,2001, 6100.0,0.7,11.5,1.1,2.5,0.0,0.3
'Zavalla',3,7,2001, 3200.0,11.3,16.9,1.7,2.8,0.0,0.5
'Zavalla',4,7,2001, 4300.0,4.9,16.1,0.7,2.8,0.0,1.7
'Zavalla',5,7,2001,11100.0,-2.4,13.1,0.7,1.4,0.0,0.5
'Zavalla',6,7,2001,10100.0,0.7,15.3,1.0,3.1,0.0,0.5
'Zavalla',7,7,2001, 7900.0,12.2,20.1,1.6,1.9,0.0,1.0
'Zavalla',8,7,2001, 9600.0,11.7,24.1,1.7,3.6,0.0,1.4
'Zavalla',9,7,2001, 4900.0,7.4,19.2,1.2,3.9,0.0,1.4
'Zavalla',10,7,2001, 3200.0,-0.1,9.3,0.8,2.5,0.0,0.5
'Zavalla',11,7,2001,11900.0,0.5,15.3,0.6,1.9,0.0,1.1
'Zavalla',12,7,2001, 7100.0,-0.5,15.8,0.6,1.9,0.0,1.2
'Zavalla',13,7,2001,12100.0,0.6,16.3,0.8,1.9,0.0,0.8
'Zavalla',14,7,2001,10900.0,-0.1,19.2,0.8,1.1,0.0,0.8
'Zavalla',15,7,2001,11600.0,2.3,20.8,1.3,1.7,0.0,0.6
'Zavalla',16,7,2001, 9800.0,9.6,23.2,1.8,2.5,0.0,0.9
'Zavalla',17,7,2001, 9900.0,15.5,26.4,2.1,3.3,0.0,1.6
'Zavalla',18,7,2001, 8900.0,7.4,19.1,1.2,1.9,0.0,1.0
'Zavalla',19,7,2001, 3400.0,7.9,17.9,1.6,2.8,0.0,0.5
'Zavalla',20,7,2001, 9800.0,8.8,20.6,1.1,1.4,0.0,1.2
'Zavalla',21,7,2001, 6700.0,4.5,12.4,1.0,2.5,0.0,0.7
'Zavalla',22,7,2001, 3700.0,3.3,10.1,0.8,1.7,0.0,0.9
'Zavalla',23,7,2001, 3500.0,5.8,9.3,0.8,1.9,0.0,1.0
'Zavalla',24,7,2001, 5900.0,5.5,12.4,0.8,2.5,0.0,1.2
'Zavalla',25,7,2001, 4600.0,5.8,13.5,1.1,2.5,0.5,0.8
'Zavalla',26,7,2001, 5400.0,3.1,9.5,0.8,3.3,0.0,0.9
'Zavalla',27,7,2001,13600.0,-2.8,9.6,0.6,1.7,0.0,0.8
'Zavalla',28,7,2001,12200.0,-1.8,12.3,0.7,3.6,0.0,1.1
'Zavalla',29,7,2001,12600.0,1.6,15.4,0.8,3.1,0.0,1.3
'Zavalla',30,7,2001,12000.0,2.0,22.1,1.3,1.7,0.0,0.9
'Zavalla',31,7,2001,11100.0,10.0,24.2,1.5,1.1,0.0,1.4
'Zavalla',1,8,2001, 9700.0,11.1,26.4,1.8,1.7,0.0,1.4
'Zavalla',2,8,2001,12600.0,14.4,30.6,1.9,1.7,0.0,2.2
'Zavalla',3,8,2001,12900.0,14.0,28.2,1.9,1.7,0.0,2.0
'Zavalla',4,8,2001,11100.0,12.6,26.1,1.9,3.1,0.0,1.8
'Zavalla',5,8,2001, 6900.0,12.4,25.5,1.6,5.0,19.6,2.3
'Zavalla',6,8,2001, 9800.0,7.1,14.2,1.0,2.5,0.0,1.2
'Zavalla',7,8,2001,14700.0,3.1,20.0,1.1,1.9,0.0,1.3
'Zavalla',8,8,2001,14500.0,5.7,20.0,1.1,1.4,0.0,1.4
'Zavalla',9,8,2001, 5800.0,7.0,20.0,1.2,1.7,0.0,1.2
'Zavalla',10,8,2001,12300.0,7.2,20.8,1.5,3.3,0.0,1.3
'Zavalla',11,8,2001,11400.0,14.7,25.8,1.8,4.7,0.0,2.7
'Zavalla',12,8,2001, 4100.0,15.8,23.1,1.9,2.8,18.2,1.4
'Zavalla',13,8,2001, 4400.0,15.1,20.2,1.8,1.4,0.0,1.0
'Zavalla',14,8,2001, 5000.0,13.2,19.0,1.7,2.8,36.0,1.0
'Zavalla',15,8,2001, 4200.0,11.2,16.1,1.4,4.2,0.6,1.3
'Zavalla',16,8,2001, 4200.0,10.3,11.2,1.3,5.3,7.0,0.7
'Zavalla',17,8,2001, 4300.0,8.6,16.7,1.2,2.8,0.6,1.2
'Zavalla',18,8,2001, 4300.0,6.8,10.3,1.0,4.4,6.0,1.0
'Zavalla',19,8,2001,15800.0,3.6,16.5,1.0,1.4,0.0,1.4
'Zavalla',20,8,2001,15500.0,2.0,19.1,0.8,0.8,0.0,1.5
'Zavalla',21,8,2001,16600.0,6.3,20.4,1.2,2.2,0.0,1.8
'Zavalla',22,8,2001,15000.0,6.4,21.4,1.2,2.5,0.0,2.0
'Zavalla',23,8,2001,16800.0,6.5,21.5,1.3,1.7,0.0,1.8
'Zavalla',24,8,2001,16100.0,5.8,21.6,1.3,1.7,0.0,1.8
'Zavalla',25,8,2001,11200.0,10.4,22.7,1.6,2.8,0.0,1.9
'Zavalla',26,8,2001, 5700.0,13.6,25.2,2.0,5.3,43.3,1.7
'Zavalla',27,8,2001,15700.0,8.5,17.7,1.0,1.9,0.0,2.1
'Zavalla',28,8,2001,16700.0,4.3,17.8,1.1,3.3,0.0,1.9
'Zavalla',29,8,2001,15500.0,7.6,22.1,1.6,1.7,0.0,1.8
'Zavalla',30,8,2001,13300.0,9.2,22.3,1.7,3.9,0.0,1.7
'Zavalla',31,8,2001, 4800.0,11.1,15.3,1.4,3.3,6.5,1.1
'Zavalla',1,9,2001, 4900.0,8.7,11.9,1.2,4.4,12.0,0.8
'Zavalla',2,9,2001, 4900.0,9.8,13.6,1.3,3.9,0.2,0.9
'Zavalla',3,9,2001, 5000.0,9.8,12.2,1.3,3.3,0.8,0.8
'Zavalla',4,9,2001,15900.0,6.9,17.1,1.0,3.9,0.0,2.4
'Zavalla',5,9,2001,16800.0,3.0,16.7,1.1,3.9,0.0,1.9
'Zavalla',6,9,2001, 7700.0,8.3,17.4,1.5,1.9,0.9,1.1
'Zavalla',7,9,2001, 7100.0,12.4,18.6,1.7,2.2,0.0,1.3
'Zavalla',8,9,2001,19100.0,4.4,19.3,1.0,0.8,0.0,2.1
'Zavalla',9,9,2001,18900.0,4.8,19.8,1.2,1.1,0.0,2.1
'Zavalla',10,9,2001,19400.0,6.6,21.2,1.3,1.9,0.0,2.4
'Zavalla',11,9,2001,17500.0,5.4,19.2,1.0,1.7,0.0,2.3
'Zavalla',12,9,2001,16800.0,7.4,21.4,1.3,1.7,0.0,2.3
'Zavalla',13,9,2001,10400.0,11.1,22.2,1.6,3.3,0.0,2.1
'Zavalla',14,9,2001,19400.0,6.5,16.2,0.9,3.6,0.0,2.8
'Zavalla',15,9,2001,18500.0,7.5,13.9,0.8,4.7,0.0,3.2
'Zavalla',16,9,2001,19900.0,-0.2,13.0,0.8,1.7,0.0,1.9
'Zavalla',17,9,2001,15600.0,3.3,15.2,0.9,2.2,0.0,2.0
'Zavalla',18,9,2001,19500.0,5.1,22.0,1.1,1.4,0.0,2.6
'Zavalla',19,9,2001,19000.0,7.3,25.3,1.4,1.9,0.0,2.8
'Zavalla',20,9,2001,17200.0,10.0,26.7,1.8,1.1,0.0,2.7
'Zavalla',21,9,2001,19400.0,11.1,27.0,1.7,1.7,0.0,3.2
'Zavalla',22,9,2001,18000.0,13.5,27.3,2.1,2.2,0.0,3.1
'Zavalla',23,9,2001,20400.0,15.1,27.1,1.9,2.5,9.5,3.8
'Zavalla',24,9,2001, 9900.0,15.7,21.8,1.8,3.1,0.4,2.2
'Zavalla',25,9,2001, 5900.0,11.9,16.1,1.4,3.3,0.0,1.6
'Zavalla',26,9,2001,12200.0,8.7,17.8,1.2,3.9,0.6,2.3
'Zavalla',27,9,2001, 6200.0,11.9,16.9,1.5,2.8,0.0,1.3
'Zavalla',28,9,2001,22500.0,12.2,23.7,1.7,5.0,0.2,3.9
'Zavalla',29,9,2001, 6400.0,15.8,18.8,2.0,4.2,37.5,1.2
'Zavalla',30,9,2001, 9300.0,15.5,21.7,2.0,4.2,15.2,1.9
'Zavalla',1,10,2001, 6200.0,13.1,16.7,1.8,8.9,0.1,1.1
'Zavalla',2,10,2001,11300.0,12.8,18.5,1.6,5.8,0.0,2.2
'Zavalla',3,10,2001, 8300.0,12.7,18.1,1.6,3.1,0.8,1.6
'Zavalla',4,10,2001, 8900.0,15.3,19.6,1.8,1.4,0.0,1.7
'Zavalla',5,10,2001,11500.0,13.7,21.6,1.8,2.2,0.0,2.2
'Zavalla',6,10,2001,18700.0,13.2,23.2,1.8,3.9,5.5,3.3
'Zavalla',7,10,2001, 6400.0,15.3,17.5,1.8,4.7,71.9,1.2
'Zavalla',8,10,2001, 6400.0,13.9,16.6,1.7,3.1,10.5,1.3
'Zavalla',9,10,2001,19100.0,13.6,20.4,1.6,7.2,0.0,3.9
'Zavalla',10,10,2001, 8100.0,11.8,21.3,1.6,2.2,0.0,1.8
'Zavalla',11,10,2001,23100.0,9.3,21.6,1.6,2.5,5.3,3.3
'Zavalla',12,10,2001, 7000.0,12.8,16.3,1.5,1.7,4.0,1.5
'Zavalla',13,10,2001,22100.0,9.6,23.4,1.8,2.2,0.1,3.2
'Zavalla',14,10,2001,13400.0,16.4,24.7,2.2,3.6,11.3,2.7
'Zavalla',15,10,2001, 6700.0,15.9,19.9,1.9,4.7,9.8,1.8
'Zavalla',16,10,2001, 7600.0,13.1,18.2,1.8,3.6,0.2,1.3
'Zavalla',17,10,2001, 8600.0,14.8,20.3,1.8,6.1,0.0,2.1
'Zavalla',18,10,2001, 8000.0,16.3,21.4,1.9,1.60,0.0,1.8
'Zavalla',19,10,2001,23100.0,11.4,25.4,2.2,0.8,0.0,3.6
'Zavalla',20,10,2001,15700.0,14.1,25.2,1.9,3.6,0.0,3.4
'Zavalla',21,10,2001,25900.0,8.9,19.1,1.1,2.5,0.0,4.0
'Zavalla',22,10,2001,26000.0,6.7,22.6,1.4,1.1,0.0,3.7
'Zavalla',23,10,2001,23000.0,9.5,25.2,1.8,1.9,0.0,3.7
'Zavalla',24,10,2001,26700.0,15.9,28.3,1.8,2.8,0.0,5.4
'Zavalla',25,10,2001,26400.0,17.4,32.4,2.5,3.6,0.8,5.8
'Zavalla',26,10,2001,17500.0,19.9,28.8,2.5,4.4,19.0,4.3
'Zavalla',27,10,2001,13400.0,20.5,25.7,2.5,3.9,44.0,3.1
'Zavalla',28,10,2001,12600.0,19.5,25.9,2.5,2.8,0.0,2.8
'Zavalla',29,10,2001,16200.0,13.8,21.3,1.6,3.1,0.0,3.4
'Zavalla',30,10,2001,27700.0,11.6,24.4,1.7,1.7,0.0,4.5
'Zavalla',31,10,2001,26900.0,12.4,27.3,1.8,0.8,0.0,4.6
'Zavalla',1,11,2001,27700.0,13.8,27.3,1.6,1.4,0.0,5.0
'Zavalla',2,11,2001,27200.0,16.2,26.5,1.8,2.2,0.0,5.2
'Zavalla',3,11,2001,27500.0,14.3,25.9,1.8,1.7,0.0,4.9
'Zavalla',4,11,2001,26700.0,14.2,26.1,1.9,1.7,0.0,4.7
'Zavalla',5,11,2001,19400.0,17.3,29.0,2.1,4.2,29.0,4.8
'Zavalla',6,11,2001,14300.0,15.5,21.8,1.9,3.3,0.0,3.0
'Zavalla',7,11,2001,22700.0,14.1,22.0,1.4,3.1,0.0,4.5
'Zavalla',8,11,2001,28500.0,10.3,22.8,1.5,2.5,0.0,4.7
'Zavalla',9,11,2001,12100.0,12.6,22.3,2.0,2.8,19.0,2.1
'Zavalla',10,11,2001,24600.0,15.2,24.1,1.6,4.4,0.0,5.3
'Zavalla',11,11,2001,28800.0,12.9,28.6,1.7,1.9,0.0,5.4
'Zavalla',12,11,2001,24000.0,15.7,26.0,1.8,4.4,0.6,5.3
'Zavalla',13,11,2001,16700.0,14.8,25.5,2.0,2.8,0.0,3.6
'Zavalla',14,11,2001,25400.0,14.3,25.4,1.5,1.9,0.0,4.9
'Zavalla',15,11,2001,19800.0,12.0,26.9,1.6,1.7,4.6,4.0
'Zavalla',16,11,2001,28600.0,9.7,22.0,1.1,2.2,0.0,4.9
'Zavalla',17,11,2001,28900.0,11.0,27.9,1.7,2.8,0.0,5.3
'Zavalla',18,11,2001,24000.0,17.0,30.4,2.2,1.9,0.0,5.2
'Zavalla',19,11,2001,29100.0,19.0,32.2,2.2,2.8,0.0,6.7
'Zavalla',20,11,2001,24400.0,17.7,34.6,2.2,2.5,47.8,5.9
'Zavalla',21,11,2001,23500.0,18.3,27.6,2.5,2.8,0.0,4.8
'Zavalla',22,11,2001,29000.0,19.2,30.2,2.7,3.9,0.0,6.3
'Zavalla',23,11,2001,14300.0,23.4,34.0,2.6,6.9,11.5,5.9
'Zavalla',24,11,2001,25600.0,14.3,23.4,1.1,3.6,0.0,5.7
'Zavalla',25,11,2001,24500.0,9.0,21.8,1.4,2.8,0.0,4.2
'Zavalla',26,11,2001,28600.0,13.7,27.8,2.0,2.2,0.0,5.4
'Zavalla',27,11,2001,29600.0,15.6,28.0,1.9,3.3,0.0,6.1
'Zavalla',28,11,2001,28700.0,14.3,28.3,1.8,3.3,0.2,6.0
'Zavalla',29,11,2001,20800.0,16.6,23.2,1.4,5.0,0.0,5.5
'Zavalla',30,11,2001,30000.0,10.0,23.1,1.1,2.2,0.0,5.3
'Zavalla',1,12,2001,28400.0,9.3,27.2,1.3,3.1,3.7,5.6
'Zavalla',2,12,2001,13100.0,13.3,22.9,1.4,5.0,0.8,4.0
'Zavalla',3,12,2001, 8000.0,11.1,16.2,1.5,2.5,0.0,1.5
'Zavalla',4,12,2001,23900.0,12.1,24.9,1.8,1.7,0.0,4.3
'Zavalla',5,12,2001,29600.0,13.7,30.4,1.8,1.7,0.0,5.8
'Zavalla',6,12,2001,22300.0,16.2,30.3,2.1,2.2,0.0,4.9
'Zavalla',7,12,2001,18400.0,18.9,32.5,2.1,1.9,19.5,4.8
'Zavalla',8,12,2001,30700.0,10.4,22.1,1.2,2.70,0.0,-9.9
'Zavalla',9,12,2001,27000.0,10.2,24.6,1.6,2.40,0.0,-9.9
'Zavalla',10,12,2001,30000.0,13.3,28.5,1.7,2.90,0.0,-9.9
'Zavalla',11,12,2001,30300.0,18.0,32.0,2.3,3.1,0.0,6.8
'Zavalla',12,12,2001,11100.0,21.2,28.2,2.7,1.7,0.5,2.8
'Zavalla',13,12,2001,20400.0,18.2,31.1,2.7,3.1,0.0,4.7
'Zavalla',14,12,2001, 9100.0,20.8,28.0,2.7,2.5,4.4,2.5
'Zavalla',15,12,2001,30400.0,17.4,29.2,2.2,2.8,0.0,6.3
'Zavalla',16,12,2001,30400.0,15.9,30.2,1.9,1.9,0.0,6.3
'Zavalla',17,12,2001,28700.0,17.4,32.7,2.1,2.5,0.0,6.5
'Zavalla',18,12,2001,30400.0,15.9,30.8,2.1,2.8,2.0,6.4
'Zavalla',19,12,2001,20300.0,20.4,30.3,2.5,2.2,3.3,4.8
'Zavalla',20,12,2001,18500.0,17.5,30.0,2.5,3.3,20.0,4.3
'Zavalla',21,12,2001,25200.0,18.4,28.3,2.2,2.8,0.0,5.5
'Zavalla',22,12,2001,31200.0,13.1,28.1,1.7,1.9,0.0,5.9
'Zavalla',23,12,2001,30400.0,13.9,30.2,1.8,1.9,0.0,6.0
'Zavalla',24,12,2001,28700.0,15.0,31.0,2.4,2.5,0.0,5.8
'Zavalla',25,12,2001,30900.0,16.9,30.9,2.2,2.5,0.0,6.5
'Zavalla',26,12,2001,25000.0,18.7,31.4,2.6,1.9,0.0,5.5
'Zavalla',27,12,2001,22200.0,20.9,34.3,2.8,2.8,14.5,5.7
'Zavalla',28,12,2001,25400.0,20.5,32.5,2.9,1.4,0.0,5.7
'Zavalla',29,12,2001,24900.0,21.0,34.3,2.7,4.7,15.8,6.8
'Zavalla',30,12,2001,13600.0,19.0,28.2,2.6,2.2,0.0,3.2
'Zavalla',31,12,2001,31100.0,17.8,27.9,2.0,3.6,0.0,6.7
