* Source of data    : Zavalla local weather station 
* File content      : Meteo input file for Swap 3.2 (www.swap.alterra.nl) 
* File generated at :  Mon Oct 03 22:18:27 2016 
station,DD,MM,YYYY,Rad,Tmin,Tmax,Hum,Wind,Rain,ETref 
'Zavalla',1,1,2013,30700.0,10.7,22.1,1.1,3.20,0.0,-9.9
'Zavalla',2,1,2013,30700.0,7.8,24.4,1.5,2.20,0.0,-9.9
'Zavalla',3,1,2013,30700.0,14.7,27.7,2.0,3.20,0.0,-9.9
'Zavalla',4,1,2013,22800.0,17.6,32.0,2.6,2.40,0.3,-9.9
'Zavalla',5,1,2013,22500.0,19.8,28.6,2.6,2.20,0.0,-9.9
'Zavalla',6,1,2013,18800.0,16.6,30.2,2.5,2.40,0.0,-9.9
'Zavalla',7,1,2013,27900.0,19.6,32.2,2.9,2.70,0.8,-9.9
'Zavalla',8,1,2013,30000.0,19.5,27.6,2.5,1.90,0.0,-9.9
'Zavalla',9,1,2013,29200.0,18.3,33.2,2.6,2.00,0.0,-9.9
'Zavalla',10,1,2013,30900.0,20.6,33.4,2.7,2.80,0.0,-9.9
'Zavalla',11,1,2013,27700.0,19.6,32.4,2.2,3.20,0.0,-9.9
'Zavalla',12,1,2013,30300.0,17.2,31.1,2.1,2.30,0.0,-9.9
'Zavalla',13,1,2013,30500.0,16.5,30.9,2.7,2.30,0.0,-9.9
'Zavalla',14,1,2013,29700.0,15.4,31.1,2.1,2.20,0.0,-9.9
'Zavalla',15,1,2013,29200.0,16.1,31.6,2.2,2.30,0.0,-9.9
'Zavalla',16,1,2013,18300.0,17.9,32.4,2.7,1.60,10.2,-9.9
'Zavalla',17,1,2013,25500.0,19.8,31.6,2.5,3.20,1.2,-9.9
'Zavalla',18,1,2013,26800.0,16.3,31.3,2.4,2.70,0.0,-9.9
'Zavalla',19,1,2013,29900.0,15.8,28.3,2.2,3.70,0.0,-9.9
'Zavalla',20,1,2013,29100.0,17.9,27.4,2.0,2.80,0.0,-9.9
'Zavalla',21,1,2013,25500.0,14.8,29.6,2.1,2.70,0.0,-9.9
'Zavalla',22,1,2013,28500.0,16.4,31.9,2.2,2.10,0.0,-9.9
'Zavalla',23,1,2013,27000.0,17.9,33.7,2.8,1.80,0.0,-9.9
'Zavalla',24,1,2013,29700.0,22.3,37.3,2.8,4.20,2.0,-9.9
'Zavalla',25,1,2013,29700.0,14.0,28.4,1.7,3.20,0.0,-9.9
'Zavalla',26,1,2013,28200.0,8.0,28.4,1.6,1.70,0.0,-9.9
'Zavalla',27,1,2013,28500.0,15.7,33.1,2.5,3.00,0.0,-9.9
'Zavalla',28,1,2013,26100.0,17.2,35.2,2.5,2.10,0.0,-9.9
'Zavalla',29,1,2013,29100.0,19.4,33.2,2.5,2.00,0.0,-9.9
'Zavalla',30,1,2013,29200.0,17.8,36.9,2.5,1.40,16.3,-9.9
'Zavalla',31,1,2013,13800.0,21.3,28.4,2.6,1.80,0.5,-9.9
'Zavalla',1,2,2013,25800.0,20.5,36.0,3.3,2.20,0.0,-9.9
'Zavalla',2,2,2013,25000.0,23.5,31.4,2.8,3.40,1.8,-9.9
'Zavalla',3,2,2013,29000.0,15.7,27.1,1.8,2.90,0.0,-9.9
'Zavalla',4,2,2013,28500.0,12.0,28.1,1.8,2.30,0.0,-9.9
'Zavalla',5,2,2013,27200.0,13.6,29.4,2.0,2.50,0.0,-9.9
'Zavalla',6,2,2013,28500.0,13.7,30.2,2.1,2.50,0.0,-9.9
'Zavalla',7,2,2013,26800.0,14.8,29.4,2.2,2.20,0.0,-9.9
'Zavalla',8,2,2013,28000.0,15.8,32.5,2.5,2.50,0.0,-9.9
'Zavalla',9,2,2013,27000.0,17.3,32.0,2.5,2.40,0.0,-9.9
'Zavalla',10,2,2013,27600.0,19.4,32.0,2.9,1.10,10.0,-9.9
'Zavalla',11,2,2013,26300.0,18.8,31.1,2.7,1.90,0.0,-9.9
'Zavalla',12,2,2013,25300.0,21.7,33.9,2.6,2.60,10.5,-9.9
'Zavalla',13,2,2013, 8300.0,17.9,26.9,2.3,1.80,7.5,-9.9
'Zavalla',14,2,2013,27300.0,14.6,30.2,2.5,2.20,0.0,-9.9
'Zavalla',15,2,2013,24600.0,17.2,31.7,2.8,2.10,0.0,-9.9
'Zavalla',16,2,2013,24700.0,17.7,30.8,2.7,2.50,12.2,-9.9
'Zavalla',17,2,2013,12700.0,19.0,25.7,2.1,4.50,11.5,-9.9
'Zavalla',18,2,2013, 7000.0,15.3,22.5,1.7,3.40,8.6,-9.9
'Zavalla',19,2,2013, 7000.0,13.0,17.9,1.7,3.50,0.0,-9.9
'Zavalla',20,2,2013, 8400.0,15.6,18.9,2.0,2.90,11.0,-9.9
'Zavalla',21,2,2013,27000.0,13.3,25.5,1.9,2.60,0.0,-9.9
'Zavalla',22,2,2013,24700.0,13.6,27.3,2.3,3.30,0.0,-9.9
'Zavalla',23,2,2013,24000.0,20.5,29.2,2.6,3.20,0.0,-9.9
'Zavalla',24,2,2013,11600.0,19.6,26.7,2.3,2.70,10.6,-9.9
'Zavalla',25,2,2013,25600.0,13.1,22.9,1.7,3.30,0.0,-9.9
'Zavalla',26,2,2013,26700.0,8.8,23.8,1.5,1.90,0.0,-9.9
'Zavalla',27,2,2013,26100.0,11.7,26.5,1.8,2.50,0.0,-9.9
'Zavalla',28,2,2013,25500.0,14.2,28.3,2.0,3.90,0.0,-9.9
'Zavalla',1,3,2013,22600.0,15.8,30.8,2.5,4.00,17.7,-9.9
'Zavalla',2,3,2013,13000.0,18.6,28.3,2.1,4.00,0.0,-9.9
'Zavalla',3,3,2013, 9100.0,15.5,21.7,1.7,2.90,0.0,-9.9
'Zavalla',4,3,2013,19000.0,9.9,22.5,1.5,1.80,0.0,-9.9
'Zavalla',5,3,2013,24400.0,9.9,25.8,1.8,1.90,0.0,-9.9
'Zavalla',6,3,2013,24200.0,13.2,28.8,2.0,2.60,0.0,-9.9
'Zavalla',7,3,2013,24100.0,14.7,28.9,2.0,2.30,0.0,-9.9
'Zavalla',8,3,2013,17700.0,19.2,29.6,2.4,2.20,6.5,-9.9
'Zavalla',9,3,2013,20700.0,20.1,30.5,2.6,1.90,0.0,-9.9
'Zavalla',10,3,2013,16000.0,16.9,25.5,2.1,2.90,0.0,-9.9
'Zavalla',11,3,2013, 6200.0,10.8,24.5,2.0,1.20,0.8,-9.9
'Zavalla',12,3,2013, 6200.0,13.0,24.0,1.8,2.90,0.0,-9.9
'Zavalla',13,3,2013, 8200.0,11.4,21.3,1.4,2.70,0.8,-9.9
'Zavalla',14,3,2013, 6100.0,8.8,16.0,1.3,1.90,0.0,-9.9
'Zavalla',15,3,2013, 6000.0,10.1,20.3,1.3,2.40,0.0,-9.9
'Zavalla',16,3,2013, 6000.0,8.5,20.1,1.2,2.60,0.0,-9.9
'Zavalla',17,3,2013, 5900.0,9.1,18.6,1.2,2.70,0.0,-9.9
'Zavalla',18,3,2013, 5900.0,11.2,22.7,1.4,2.70,0.0,-9.9
'Zavalla',19,3,2013, 5800.0,11.5,22.2,1.8,2.50,1.5,-9.9
'Zavalla',20,3,2013,19600.0,16.9,25.2,2.0,2.20,0.0,-9.9
'Zavalla',21,3,2013,13200.0,13.2,27.2,1.9,2.80,0.0,-9.9
'Zavalla',22,3,2013,22000.0,11.0,27.6,1.9,1.60,0.0,-9.9
'Zavalla',23,3,2013,13600.0,14.5,24.7,1.9,1.70,0.0,-9.9
'Zavalla',24,3,2013,20100.0,12.9,28.4,1.9,2.20,0.0,-9.9
'Zavalla',25,3,2013,20900.0,15.0,27.6,1.6,2.50,0.0,-9.9
'Zavalla',26,3,2013,19600.0,8.9,26.2,1.4,2.10,0.0,-9.9
'Zavalla',27,3,2013,21100.0,7.7,26.2,1.4,1.90,0.0,-9.9
'Zavalla',28,3,2013,20600.0,9.3,27.3,1.6,2.20,0.0,-9.9
'Zavalla',29,3,2013,19900.0,12.6,27.5,1.9,2.70,0.0,-9.9
'Zavalla',30,3,2013,19400.0,11.8,28.9,1.9,2.10,0.0,-9.9
'Zavalla',31,3,2013,17300.0,16.7,31.8,2.2,1.90,8.9,-9.9
'Zavalla',1,4,2013, 5300.0,11.7,22.9,2.1,1.90,0.0,-9.9
'Zavalla',2,4,2013, 5200.0,16.7,22.1,2.0,3.20,0.0,-9.9
'Zavalla',3,4,2013,16600.0,14.8,22.8,1.7,2.00,0.0,-9.9
'Zavalla',4,4,2013,17500.0,8.8,25.6,1.6,2.30,0.0,-9.9
'Zavalla',5,4,2013,18500.0,13.2,29.2,1.6,2.30,0.0,-9.9
'Zavalla',6,4,2013,12800.0,12.6,22.4,1.2,3.00,0.0,-9.9
'Zavalla',7,4,2013,16900.0,2.3,21.8,1.0,1.20,0.0,-9.9
'Zavalla',8,4,2013,18200.0,6.1,24.9,1.2,1.70,0.0,-9.9
'Zavalla',9,4,2013,18000.0,7.8,25.9,1.4,3.20,0.0,-9.9
'Zavalla',10,4,2013, 6800.0,12.8,23.1,1.8,3.20,10.5,-9.9
'Zavalla',11,4,2013, 9300.0,17.0,20.9,2.1,2.40,0.5,-9.9
'Zavalla',12,4,2013,15900.0,13.0,21.6,1.2,3.10,0.0,-9.9
'Zavalla',13,4,2013,16900.0,3.9,21.2,0.9,1.90,0.0,-9.9
'Zavalla',14,4,2013,17100.0,9.4,23.60,1.6,2.70,0.0,-9.9
'Zavalla',15,4,2013,17800.0,12.1,30.3,1.6,1.90,0.0,-9.9
'Zavalla',16,4,2013,16500.0,10.8,26.0,1.6,2.00,0.0,-9.9
'Zavalla',17,4,2013,15500.0,8.0,27.3,1.7,2.00,0.0,-9.9
'Zavalla',18,4,2013,16200.0,10.3,28.5,1.6,2.40,0.0,-9.9
'Zavalla',19,4,2013,16000.0,9.2,29.4,1.5,2.20,0.0,-9.9
'Zavalla',20,4,2013,16200.0,10.3,27.8,1.6,2.30,0.0,-9.9
'Zavalla',21,4,2013,14000.0,10.7,28.4,1.7,2.20,0.0,-9.9
'Zavalla',22,4,2013,16200.0,10.9,28.2,1.7,2.20,0.0,-9.9
'Zavalla',23,4,2013,12400.0,11.7,27.9,1.9,2.20,0.0,-9.9
'Zavalla',24,4,2013,14700.0,13.4,27.0,1.8,2.50,0.0,-9.9
'Zavalla',25,4,2013,15600.0,11.6,29.7,1.8,2.30,0.0,-9.9
'Zavalla',26,4,2013,15200.0,10.8,27.7,1.6,2.70,0.0,-9.9
'Zavalla',27,4,2013, 4200.0,14.9,20.3,1.8,2.30,25.0,-9.9
'Zavalla',28,4,2013,13900.0,12.8,21.6,1.5,2.60,0.0,-9.9
'Zavalla',29,4,2013,15700.0,10.7,24.5,1.4,1.90,0.0,-9.9
'Zavalla',30,4,2013, 4100.0,10.2,23.5,1.6,2.10,0.0,-9.9
'Zavalla',1,5,2013, 4000.0,16.6,23.7,2.0,1.80,0.6,-9.9
'Zavalla',2,5,2013, 4000.0,19.6,21.7,2.1,2.90,35.7,-9.9
'Zavalla',3,5,2013,12000.0,16.5,23.3,1.7,3.00,0.0,-9.9
'Zavalla',4,5,2013,14300.0,12.4,21.6,1.4,1.50,0.0,-9.9
'Zavalla',5,5,2013,12500.0,10.8,23.9,1.2,1.90,0.0,-9.9
'Zavalla',6,5,2013,14000.0,12.0,25.5,1.2,3.80,0.0,-9.9
'Zavalla',7,5,2013,13200.0,2.8,18.4,0.8,2.40,0.0,-9.9
'Zavalla',8,5,2013,13300.0,8.8,25.2,1.3,2.90,0.0,-9.9
'Zavalla',9,5,2013,12200.0,12.0,25.9,1.5,2.90,0.0,-9.9
'Zavalla',10,5,2013,12800.0,12.9,26.5,1.7,2.30,0.1,-9.9
'Zavalla',11,5,2013,13000.0,13.4,23.9,1.2,2.70,0.0,-9.9
'Zavalla',12,5,2013,12000.0,7.4,23.9,1.3,1.80,0.0,-9.9
'Zavalla',13,5,2013, 3600.0,10.0,21.6,1.7,1.50,0.0,-9.9
'Zavalla',14,5,2013,13100.0,10.6,22.9,1.7,3.00,7.0,-9.9
'Zavalla',15,5,2013, 5000.0,4.1,17.1,0.7,3.70,0.0,-9.9
'Zavalla',16,5,2013,13100.0,0.2,13.9,0.7,1.70,0.0,-9.9
'Zavalla',17,5,2013,11200.0,-1.0,14.8,0.7,2.10,0.0,-9.9
'Zavalla',18,5,2013, 3500.0,8.1,10.0,1.0,1.90,0.0,-9.9
'Zavalla',19,5,2013, 3500.0,8.7,13.2,1.1,1.50,4.7,-9.9
'Zavalla',20,5,2013, 8700.0,2.9,15.2,0.9,1.40,0.0,-9.9
'Zavalla',21,5,2013, 5500.0,0.8,14.2,1.0,1.00,0.0,-9.9
'Zavalla',22,5,2013,12300.0,3.3,17.3,0.9,1.10,0.0,-9.9
'Zavalla',23,5,2013,12100.0,4.7,18.4,1.1,1.70,0.0,-9.9
'Zavalla',24,5,2013,12000.0,3.9,22.1,1.1,1.60,0.0,-9.9
'Zavalla',25,5,2013,10300.0,6.0,20.5,1.2,2.70,0.0,-9.9
'Zavalla',26,5,2013,11400.0,8.0,19.2,1.2,2.20,0.0,-9.9
'Zavalla',27,5,2013,10200.0,6.1,21.2,1.4,2.70,0.0,-9.9
'Zavalla',28,5,2013, 7500.0,12.8,23.6,1.7,3.10,1.0,-9.9
'Zavalla',29,5,2013,11600.0,9.7,20.7,0.9,4.10,0.0,-9.9
'Zavalla',30,5,2013,10700.0,6.3,21.1,0.9,3.50,0.0,-9.9
'Zavalla',31,5,2013, 5600.0,13.1,21.5,1.3,3.50,0.0,-9.9
'Zavalla',1,6,2013, 8400.0,2.6,22.3,1.2,2.50,0.0,-9.9
'Zavalla',2,6,2013, 3200.0,4.9,15.8,0.9,2.40,0.0,-9.9
'Zavalla',3,6,2013,10500.0,4.2,21.5,1.0,2.70,0.0,-9.9
'Zavalla',4,6,2013, 9000.0,7.8,24.0,1.4,2.40,0.0,-9.9
'Zavalla',5,6,2013,10100.0,10.7,25.3,1.2,3.40,0.0,-9.9
'Zavalla',6,6,2013,11900.0,1.7,17.2,1.0,1.90,0.0,-9.9
'Zavalla',7,6,2013,10600.0,6.0,20.5,1.2,2.40,0.0,-9.9
'Zavalla',8,6,2013, 9600.0,5.2,17.3,1.1,2.20,0.0,-9.9
'Zavalla',9,6,2013, 4400.0,11.3,14.8,1.4,1.20,9.0,-9.9
'Zavalla',10,6,2013, 3100.0,8.3,15.4,1.5,1.40,0.4,-9.9
'Zavalla',11,6,2013, 3100.0,14.4,23.0,1.8,2.60,0.0,-9.9
'Zavalla',12,6,2013,10900.0,14.8,25.6,1.9,2.40,0.0,-9.9
'Zavalla',13,6,2013,10800.0,15.1,26.9,2.0,2.00,0.0,-9.9
'Zavalla',14,6,2013, 6400.0,8.9,19.3,1.0,3.20,0.0,-9.9
'Zavalla',15,6,2013, 3100.0,5.9,14.2,1.2,2.80,0.0,-9.9
'Zavalla',16,6,2013, 3100.0,6.9,13.3,1.0,3.10,0.0,-9.9
'Zavalla',17,6,2013,11200.0,1.8,14.2,0.8,1.70,0.0,-9.9
'Zavalla',18,6,2013, 3900.0,5.8,15.3,1.1,3.20,0.8,-9.9
'Zavalla',19,6,2013, 7900.0,0.2,10.5,0.5,2.00,0.0,-9.9
'Zavalla',20,6,2013,10400.0,-2.9,12.7,0.5,1.10,0.0,-9.9
'Zavalla',21,6,2013,11200.0,-3.7,16.7,0.6,2.00,0.0,-9.9
'Zavalla',22,6,2013, 5600.0,3.0,17.1,0.9,2.30,0.0,-9.9
'Zavalla',23,6,2013, 7200.0,3.8,15.4,0.8,2.00,0.0,-9.9
'Zavalla',24,6,2013, 9300.0,3.8,16.1,1.0,1.90,0.0,-9.9
'Zavalla',25,6,2013, 9200.0,-0.5,17.3,0.9,1.40,0.0,-9.9
'Zavalla',26,6,2013,11700.0,1.2,19.6,1.0,2.40,0.0,-9.9
'Zavalla',27,6,2013, 7000.0,6.8,17.7,1.1,3.40,0.0,-9.9
'Zavalla',28,6,2013, 3100.0,10.0,16.1,1.3,1.80,0.0,-9.9
'Zavalla',29,6,2013,11400.0,4.4,18.8,0.9,2.10,0.0,-9.9
'Zavalla',30,6,2013, 9900.0,1.9,16.5,0.8,1.60,0.0,-9.9
'Zavalla',1,7,2013, 9400.0,1.9,19.8,1.0,2.20,0.0,-9.9
'Zavalla',2,7,2013, 9500.0,6.1,19.7,1.0,4.30,0.0,-9.9
'Zavalla',3,7,2013,11800.0,11.2,22.4,1.6,3.10,0.0,-9.9
'Zavalla',4,7,2013, 8800.0,13.1,25.0,1.7,1.40,0.0,-9.9
'Zavalla',5,7,2013, 3100.0,11.1,15.8,1.7,2.20,0.1,-9.9
'Zavalla',6,7,2013, 3100.0,10.9,15.3,1.3,4.30,0.0,-9.9
'Zavalla',7,7,2013, 4400.0,4.0,11.9,0.8,2.70,0.0,-9.9
'Zavalla',8,7,2013,11300.0,1.6,12.8,0.8,2.50,0.5,-9.9
'Zavalla',9,7,2013, 3200.0,9.4,11.4,1.0,1.50,13.0,-9.9
'Zavalla',10,7,2013, 3200.0,10.6,14.9,1.6,1.40,4.5,-9.9
'Zavalla',11,7,2013, 3200.0,13.4,16.8,1.7,2.70,0.3,-9.9
'Zavalla',12,7,2013, 3200.0,9.9,13.4,1.2,2.00,0.0,-9.9
'Zavalla',13,7,2013,10400.0,5.5,16.9,1.1,2.10,0.0,-9.9
'Zavalla',14,7,2013, 9700.0,5.9,16.3,0.8,2.60,0.0,-9.9
'Zavalla',15,7,2013,11200.0,0.2,17.3,0.7,2.30,0.0,-9.9
'Zavalla',16,7,2013,13400.0,6.0,22.4,1.3,2.40,0.0,-9.9
'Zavalla',17,7,2013,12600.0,9.2,24.6,1.4,2.50,0.0,-9.9
'Zavalla',18,7,2013,10200.0,1.6,16.8,0.7,4.30,0.0,-9.9
'Zavalla',19,7,2013,10100.0,1.9,12.9,0.6,1.70,0.0,-9.9
'Zavalla',20,7,2013,11100.0,3.0,13.9,0.6,3.40,0.0,-9.9
'Zavalla',21,7,2013, 7700.0,-0.3,9.1,0.6,5.10,0.0,-9.9
'Zavalla',22,7,2013,10600.0,2.2,8.4,0.6,4.00,0.0,-9.9
'Zavalla',23,7,2013,10100.0,-4.1,9.1,0.5,2.40,0.0,-9.9
'Zavalla',24,7,2013,13000.0,-4.9,8.8,0.5,1.90,0.0,-9.9
'Zavalla',25,7,2013,12400.0,-1.8,15.8,0.7,3.80,0.0,-9.9
'Zavalla',26,7,2013, 5300.0,4.6,15.7,0.9,3.70,0.0,-9.9
'Zavalla',27,7,2013,13200.0,5.0,21.2,1.1,1.20,0.0,-9.9
'Zavalla',28,7,2013, 9700.0,0.2,20.7,0.9,1.70,0.0,-9.9
'Zavalla',29,7,2013, 9200.0,5.1,22.0,1.3,2.10,0.0,-9.9
'Zavalla',30,7,2013, 7400.0,10.6,21.8,1.5,3.50,0.0,-9.9
'Zavalla',31,7,2013, 9800.0,13.6,24.4,1.6,3.20,0.7,-9.9
'Zavalla',1,8,2013, 3700.0,9.9,16.8,1.2,3.50,0.0,-9.9
'Zavalla',2,8,2013, 4900.0,3.9,14.2,0.9,2.30,0.0,-9.9
'Zavalla',3,8,2013,10300.0,-0.4,13.1,0.8,1.90,0.0,-9.9
'Zavalla',4,8,2013,13000.0,-0.1,18.6,0.8,2.70,0.0,-9.9
'Zavalla',5,8,2013,13100.0,5.9,22.9,1.0,2.20,0.0,-9.9
'Zavalla',6,8,2013,11700.0,0.7,20.6,0.7,3.40,0.0,-9.9
'Zavalla',7,8,2013,13500.0,9.8,24.2,1.3,3.90,0.0,-9.9
'Zavalla',8,8,2013,14300.0,5.7,16.0,0.7,4.00,0.0,-9.9
'Zavalla',9,8,2013,13400.0,1.3,15.2,0.6,2.20,0.0,-9.9
'Zavalla',10,8,2013,12100.0,3.9,16.2,0.6,3.20,0.0,-9.9
'Zavalla',11,8,2013,13700.0,4.5,18.7,0.6,2.80,0.0,-9.9
'Zavalla',12,8,2013, 4800.0,-0.6,15.7,1.0,4.10,0.0,-9.9
'Zavalla',13,8,2013,15100.0,0.0,11.6,0.6,2.70,0.0,-9.9
'Zavalla',14,8,2013,15300.0,-4.0,13.7,0.6,2.90,0.0,-9.9
'Zavalla',15,8,2013,15300.0,1.7,15.9,0.8,4.10,0.0,-9.9
'Zavalla',16,8,2013,15000.0,-0.3,20.1,0.9,2.80,0.0,-9.9
'Zavalla',17,8,2013,15500.0,-1.0,17.2,0.7,2.90,0.0,-9.9
'Zavalla',18,8,2013,15400.0,6.4,20.5,1.1,3.20,0.0,-9.9
'Zavalla',19,8,2013,14200.0,8.3,25.7,1.3,2.30,0.0,-9.9
'Zavalla',20,8,2013,15200.0,8.1,24.8,1.6,2.50,0.0,-9.9
'Zavalla',21,8,2013,14300.0,10.1,26.7,1.6,2.90,0.0,-9.9
'Zavalla',22,8,2013,12800.0,2.9,16.7,0.5,4.20,0.0,-9.9
'Zavalla',23,8,2013, 6800.0,-1.0,9.8,0.5,2.40,0.0,-9.9
'Zavalla',24,8,2013, 9300.0,-1.2,12.1,0.7,2.50,0.0,-9.9
'Zavalla',25,8,2013,11900.0,-0.7,12.7,0.6,2.80,0.0,-9.9
'Zavalla',26,8,2013,15600.0,-4.3,10.9,0.6,2.20,0.0,-9.9
'Zavalla',27,8,2013,16600.0,-4.2,17.6,0.7,3.20,0.0,-9.9
'Zavalla',28,8,2013, 4700.0,4.7,25.2,0.9,3.70,0.0,-9.9
'Zavalla',29,8,2013, 4700.0,9.4,27.5,1.1,3.90,0.0,-9.9
'Zavalla',30,8,2013, 4700.0,8.3,27.5,1.3,2.90,0.0,-9.9
'Zavalla',31,8,2013, 4800.0,7.1,26.9,1.3,2.10,0.0,-9.9
'Zavalla',1,9,2013,15300.0,7.0,28.7,1.1,1.70,0.0,-9.9
'Zavalla',2,9,2013,16000.0,9.2,26.6,1.4,3.60,0.0,-9.9
'Zavalla',3,9,2013,12600.0,8.1,17.3,0.8,2.90,0.0,-9.9
'Zavalla',4,9,2013,13900.0,1.7,17.2,0.9,3.50,0.0,-9.9
'Zavalla',5,9,2013,10600.0,11.1,21.7,1.2,2.60,0.0,-9.9
'Zavalla',6,9,2013,17500.0,7.4,28.4,1.7,2.90,0.0,-9.9
'Zavalla',7,9,2013, 6000.0,18.2,27.6,2.2,2.20,3.5,-9.9
'Zavalla',8,9,2013,13400.0,12.1,27.5,1.5,1.90,0.00,-9.9
'Zavalla',9,9,2013,16100.0,12.7,33.4,2.0,4.80,0.00,-9.9
'Zavalla',10,9,2013,17800.0,23.0,38.0,2.4,4.30,0.0,-9.9
'Zavalla',11,9,2013,16600.0,23.2,35.3,2.2,3.00,0.0,-9.9
'Zavalla',12,9,2013, 5300.0,13.7,24.0,1.6,4.90,5.7,-9.9
'Zavalla',13,9,2013, 5700.0,10.4,14.6,1.1,4.30,0.0,-9.9
'Zavalla',14,9,2013, 8800.0,8.0,14.8,1.1,3.70,0.0,-9.9
'Zavalla',15,9,2013, 5400.0,6.4,13.9,1.0,4.60,0.0,-9.9
'Zavalla',16,9,2013, 5500.0,5.6,10.8,1.0,4.70,0.0,-9.9
'Zavalla',17,9,2013,18100.0,2.6,15.1,0.7,3.60,0.0,-9.9
'Zavalla',18,9,2013,19800.0,3.1,21.1,0.7,2.80,0.0,-9.9
'Zavalla',19,9,2013,21000.0,3.9,23.1,0.9,3.70,0.0,-9.9
'Zavalla',20,9,2013,17000.0,7.9,25.3,1.2,2.60,0.0,-9.9
'Zavalla',21,9,2013, 5900.0,7.4,17.3,1.0,3.30,8.0,-9.9
'Zavalla',22,9,2013,16900.0,7.1,16.6,0.8,2.90,0.0,-9.9
'Zavalla',23,9,2013,16200.0,0.8,16.1,0.9,2.10,0.0,-9.9
'Zavalla',24,9,2013,22000.0,1.0,17.0,0.9,2.00,0.0,-9.9
'Zavalla',25,9,2013,20200.0,2.1,18.6,1.0,3.20,0.0,-9.9
'Zavalla',26,9,2013,21000.0,7.9,22.2,1.1,3.30,0.0,-9.9
'Zavalla',27,9,2013,16300.0,6.9,23.1,1.4,2.60,0.0,-9.9
'Zavalla',28,9,2013, 6000.0,8.5,16.3,1.2,4.20,0.9,-9.9
'Zavalla',29,9,2013,20400.0,5.6,18.3,0.9,3.40,0.0,-9.9
'Zavalla',30,9,2013,18100.0,6.4,18.0,1.0,4.20,0.0,-9.9
'Zavalla',1,10,2013,17500.0,6.8,19.5,1.1,2.70,0.0,-9.9
'Zavalla',2,10,2013,21600.0,3.9,22.0,1.3,2.80,0.0,-9.9
'Zavalla',3,10,2013,10900.0,8.7,20.1,1.4,2.70,0.0,-9.9
'Zavalla',4,10,2013,23800.0,11.0,21.8,1.2,2.90,0.0,-9.9
'Zavalla',5,10,2013,21000.0,4.0,22.9,1.2,2.20,0.0,-9.9
'Zavalla',6,10,2013,23300.0,6.7,24.5,1.1,2.70,0.0,-9.9
'Zavalla',7,10,2013,23600.0,10.8,26.1,1.1,3.40,0.0,-9.9
'Zavalla',8,10,2013,21400.0,8.9,29.0,1.6,4.00,0.0,-9.9
'Zavalla',9,10,2013,13100.0,18.4,26.9,1.9,3.20,0.0,-9.9
'Zavalla',10,10,2013,19900.0,15.9,25.2,1.9,1.90,0.0,-9.9
'Zavalla',11,10,2013,14300.0,15.9,25.2,1.9,3.30,0.0,-9.9
'Zavalla',12,10,2013, 9600.0,15.8,22.7,1.7,2.80,0.0,-9.9
'Zavalla',13,10,2013,16500.0,16.6,24.6,1.8,1.70,0.0,-9.9
'Zavalla',14,10,2013,22800.0,10.7,29.3,1.8,1.70,0.0,-9.9
'Zavalla',15,10,2013,23600.0,13.3,30.3,1.8,2.80,0.9,-9.9
'Zavalla',16,10,2013,21700.0,16.2,31.0,1.8,1.90,0.0,-9.9
'Zavalla',17,10,2013,17900.0,14.9,29.3,1.9,2.00,0.0,-9.9
'Zavalla',18,10,2013,25200.0,11.7,30.1,1.8,1.60,0.0,-9.9
'Zavalla',19,10,2013,16600.0,16.7,32.7,1.9,3.90,0.0,-9.9
'Zavalla',20,10,2013,23400.0,22.3,29.0,1.5,3.70,0.0,-9.9
'Zavalla',21,10,2013,24400.0,11.7,24.2,1.1,3.10,0.0,-9.9
'Zavalla',22,10,2013,25800.0,6.9,27.5,1.6,3.50,0.0,-9.9
'Zavalla',23,10,2013,24400.0,16.6,28.6,1.8,4.20,0.0,-9.9
'Zavalla',24,10,2013,25600.0,9.7,22.7,0.8,3.40,0.0,-9.9
'Zavalla',25,10,2013, 9400.0,8.4,22.6,1.3,2.50,9.0,-9.9
'Zavalla',26,10,2013,11400.0,13.7,25.1,1.6,1.90,0.0,-9.9
'Zavalla',27,10,2013,25300.0,13.0,24.2,1.1,3.40,8.5,-9.9
'Zavalla',28,10,2013,19100.0,11.1,27.0,1.3,4.00,0.0,-9.9
'Zavalla',29,10,2013,25800.0,9.0,28.2,1.5,2.90,0.0,-9.9
'Zavalla',30,10,2013,25000.0,12.0,28.0,1.6,4.10,4.1,-9.9
'Zavalla',31,10,2013, 7200.0,16.5,22.7,2.1,3.40,68.5,-9.9
'Zavalla',1,11,2013, 7300.0,18.3,20.7,2.1,5.00,2.0,-9.9
'Zavalla',2,11,2013,27800.0,14.6,22.7,1.4,3.30,0.0,-9.9
'Zavalla',3,11,2013,27900.0,16.6,24.9,1.2,2.20,0.0,-9.9
'Zavalla',4,11,2013,28200.0,12.3,26.5,1.7,2.30,0.0,-9.9
'Zavalla',5,11,2013,28100.0,12.7,26.4,1.7,3.30,0.0,-9.9
'Zavalla',6,11,2013,28000.0,14.7,29.4,1.7,4.50,0.0,-9.9
'Zavalla',7,11,2013, 7400.0,15.9,24.6,1.6,3.00,17.7,-9.9
'Zavalla',8,11,2013,15900.0,15.9,21.7,2.1,2.30,3.6,-9.9
'Zavalla',9,11,2013,19600.0,17.6,24.4,2.0,3.20,0.0,-9.9
'Zavalla',10,11,2013,15300.0,18.8,24.7,2.1,3.70,1.5,-9.9
'Zavalla',11,11,2013,10100.0,15.6,26.6,1.5,3.30,0.0,-9.9
'Zavalla',12,11,2013,27900.0,12.7,29.4,1.6,2.20,0.0,-9.9
'Zavalla',13,11,2013,28500.0,15.4,29.2,1.7,4.50,0.0,-9.9
'Zavalla',14,11,2013,29100.0,16.7,31.9,2.1,4.70,29.6,-9.9
'Zavalla',15,11,2013,27000.0,16.5,26.6,1.3,4.10,0.0,-9.9
'Zavalla',16,11,2013,29500.0,8.7,25.6,1.3,1.70,0.0,-9.9
'Zavalla',17,11,2013,29600.0,11.1,26.6,1.6,3.00,0.0,-9.9
'Zavalla',18,11,2013,28200.0,15.8,32.5,2.2,2.00,0.0,-9.9
'Zavalla',19,11,2013,22200.0,16.1,29.5,2.3,3.60,0.0,-9.9
'Zavalla',20,11,2013,27200.0,15.3,28.0,2.2,2.20,0.0,-9.9
'Zavalla',21,11,2013,28000.0,15.0,30.7,2.1,2.40,0.0,-9.9
'Zavalla',22,11,2013,29700.0,16.6,30.4,2.1,3.30,0.0,-9.9
'Zavalla',23,11,2013,29100.0,18.7,30.1,1.9,3.60,0.0,-9.9
'Zavalla',24,11,2013,21200.0,18.9,33.6,2.7,4.00,24.0,-9.9
'Zavalla',25,11,2013, 7900.0,17.8,29.9,2.2,3.40,9.5,-9.9
'Zavalla',26,11,2013, 7900.0,15.9,21.9,1.8,3.90,17.8,-9.9
'Zavalla',27,11,2013, 7900.0,14.7,20.5,1.6,3.50,0.0,-9.9
'Zavalla',28,11,2013,29200.0,11.6,28.8,1.7,1.70,0.0,-9.9
'Zavalla',29,11,2013,30400.0,15.5,30.3,1.8,1.60,0.0,-9.9
'Zavalla',30,11,2013,27100.0,15.3,30.0,1.9,2.70,0.0,-9.9
'Zavalla',1,12,2013,30100.0,16.1,30.8,1.9,1.90,0.0,-9.9
'Zavalla',2,12,2013,26000.0,20.0,35.5,2.4,3.00,12.0,-9.9
'Zavalla',3,12,2013,29900.0,14.1,26.0,1.2,2.10,0.0,-9.9
'Zavalla',4,12,2013,28700.0,13.2,34.6,2.4,3.10,0.0,-9.9
'Zavalla',5,12,2013,29300.0,18.0,32.7,1.7,2.90,0.0,-9.9
'Zavalla',6,12,2013,19000.0,14.6,27.3,1.6,2.30,0.0,-9.9
'Zavalla',7,12,2013,23500.0,14.1,28.6,2.0,3.30,0.0,-9.9
'Zavalla',8,12,2013,23000.0,19.6,34.0,2.4,3.80,46.0,-9.9
'Zavalla',9,12,2013,25200.0,19.4,26.9,2.3,4.20,0.0,-9.9
'Zavalla',10,12,2013,30900.0,13.5,26.5,1.7,2.50,0.0,-9.9
'Zavalla',11,12,2013, 8100.0,14.2,28.9,2.1,2.20,0.0,-9.9
'Zavalla',12,12,2013, 8100.0,16.6,28.8,1.9,2.00,0.0,-9.9
'Zavalla',13,12,2013, 8100.0,17.5,31.2,2.1,1.80,0.0,-9.9
'Zavalla',14,12,2013, 8100.0,17.9,33.8,2.3,1.70,0.0,-9.9
'Zavalla',15,12,2013, 8100.0,17.9,34.1,2.4,1.90,0.0,-9.9
'Zavalla',16,12,2013, 8100.0,18.1,36.1,2.4,1.60,0.0,-9.9
'Zavalla',17,12,2013, 8100.0,19.8,36.5,2.4,1.80,13.5,-9.9
'Zavalla',18,12,2013,31100.0,21.0,33.8,2.5,2.40,0.0,-9.9
'Zavalla',19,12,2013,24400.0,22.2,34.1,2.3,2.40,0.0,-9.9
'Zavalla',20,12,2013,30400.0,19.3,33.2,2.5,2.40,0.0,-9.9
'Zavalla',21,12,2013,30600.0,20.2,33.9,2.5,2.20,0.0,-9.9
'Zavalla',22,12,2013,30900.0,21.3,35.0,2.5,1.90,0.0,-9.9
'Zavalla',23,12,2013, 8100.0,20.1,36.6,2.4,2.10,0.0,-9.9
'Zavalla',24,12,2013, 8100.0,22.8,36.4,2.5,2.20,0.0,-9.9
'Zavalla',25,12,2013, 8100.0,21.3,37.1,2.4,2.20,0.0,-9.9
'Zavalla',26,12,2013, 8100.0,23.7,38.0,2.7,2.10,0.0,-9.9
'Zavalla',27,12,2013,15300.0,22.1,30.7,2.9,1.60,0.0,-9.9
'Zavalla',28,12,2013,22900.0,22.9,34.3,2.6,1.30,0.0,-9.9
'Zavalla',29,12,2013,21200.0,22.0,35.1,2.5,1.70,0.0,-9.9
'Zavalla',30,12,2013,28600.0,22.2,38.6,2.8,2.50,0.8,-9.9
'Zavalla',31,12,2013,27100.0,18.8,32.7,2.6,2.30,0.0,-9.9
