* Source of data    : Zavalla local weather station 
* File content      : Meteo input file for Swap 3.2 (www.swap.alterra.nl) 
* File generated at :  Mon Oct 03 22:18:27 2016 
station,DD,MM,YYYY,Rad,Tmin,Tmax,Hum,Wind,Rain,ETref 
'Zavalla',1,1,2005, 9600.0,20.7,28.8,2.5,2.00,0.0,-9.9
'Zavalla',2,1,2005,21900.0,21.2,32.1,2.6,1.40,5.0,-9.9
'Zavalla',3,1,2005,24800.0,19.6,32.7,2.4,1.60,0.0,-9.9
'Zavalla',4,1,2005,27000.0,20.0,34.8,2.9,1.50,0.0,-9.9
'Zavalla',5,1,2005,22300.0,20.8,35.9,2.8,2.10,0.0,-9.9
'Zavalla',6,1,2005,19800.0,23.9,32.3,2.6,1.90,0.0,-9.9
'Zavalla',7,1,2005,29600.0,21.6,37.7,2.8,2.90,21.8,-9.9
'Zavalla',8,1,2005,12900.0,20.9,27.5,2.3,1.60,49.0,-9.9
'Zavalla',9,1,2005,14900.0,21.7,28.7,2.5,2.90,2.0,-9.9
'Zavalla',10,1,2005,29000.0,16.6,27.9,1.9,2.30,0.0,-9.9
'Zavalla',11,1,2005,29700.0,16.5,32.6,2.6,2.20,0.0,-9.9
'Zavalla',12,1,2005,29600.0,21.1,34.5,2.8,2.60,0.0,-9.9
'Zavalla',13,1,2005,22500.0,19.8,28.8,2.1,2.50,0.0,-9.9
'Zavalla',14,1,2005,21300.0,18.7,34.7,2.6,2.90,37.0,-9.9
'Zavalla',15,1,2005,25600.0,18.1,28.8,2.4,2.90,0.0,-9.9
'Zavalla',16,1,2005,14200.0,15.3,30.0,2.2,1.90,0.0,-9.9
'Zavalla',17,1,2005,30000.0,18.9,30.9,2.2,2.10,0.0,-9.9
'Zavalla',18,1,2005,29500.0,16.7,28.8,2.1,2.70,0.0,-9.9
'Zavalla',19,1,2005,14600.0,17.1,29.1,2.1,2.80,2.0,-9.9
'Zavalla',20,1,2005,30100.0,11.1,25.0,1.6,2.50,0.0,-9.9
'Zavalla',21,1,2005,29500.0,12.6,28.1,1.8,3.00,0.0,-9.9
'Zavalla',22,1,2005,17800.0,19.6,27.7,2.3,2.50,0.0,-9.9
'Zavalla',23,1,2005,26300.0,13.9,30.6,1.8,1.50,0.0,-9.9
'Zavalla',24,1,2005,26200.0,15.2,29.5,1.8,3.90,0.0,-9.9
'Zavalla',25,1,2005,29400.0,9.8,26.3,1.4,2.00,0.0,-9.9
'Zavalla',26,1,2005,28100.0,9.3,28.1,1.4,2.50,0.0,-9.9
'Zavalla',27,1,2005,24300.0,10.5,29.2,1.6,2.70,0.0,-9.9
'Zavalla',28,1,2005,26100.0,14.0,33.0,2.1,2.40,0.0,-9.9
'Zavalla',29,1,2005,16500.0,18.4,32.8,2.5,4.10,98.0,-9.9
'Zavalla',30,1,2005, 7600.0,15.7,23.8,1.8,4.20,17.6,-9.9
'Zavalla',31,1,2005,13300.0,13.1,18.8,1.4,4.60,0.0,-9.9
'Zavalla',1,2,2005,29000.0,7.7,22.0,1.3,2.80,0.0,-9.9
'Zavalla',2,2,2005,28400.0,7.7,23.2,1.4,1.70,0.0,-9.9
'Zavalla',3,2,2005,29000.0,10.7,26.4,1.6,2.00,0.0,-9.9
'Zavalla',4,2,2005,28400.0,13.3,28.0,1.9,2.00,0.0,-9.9
'Zavalla',5,2,2005,25800.0,14.6,30.5,2.4,2.30,0.0,-9.9
'Zavalla',6,2,2005, 7400.0,21.7,27.3,2.9,3.20,24.5,-9.9
'Zavalla',7,2,2005, 7800.0,21.5,26.0,2.8,2.40,4.6,-9.9
'Zavalla',8,2,2005, 9100.0,22.9,27.9,2.8,1.40,0.0,-9.9
'Zavalla',9,2,2005,25400.0,21.1,32.8,2.9,2.70,0.0,-9.9
'Zavalla',10,2,2005,25500.0,18.7,24.9,2.1,3.80,0.0,-9.9
'Zavalla',11,2,2005,11900.0,17.0,24.5,2.0,2.90,0.0,-9.9
'Zavalla',12,2,2005,25000.0,17.3,27.0,2.3,2.30,0.0,-9.9
'Zavalla',13,2,2005,17000.0,16.4,28.0,2.4,2.20,0.0,-9.9
'Zavalla',14,2,2005,25200.0,18.9,29.9,2.6,2.10,0.0,-9.9
'Zavalla',15,2,2005,22500.0,18.7,29.3,2.3,1.90,1.9,-9.9
'Zavalla',16,2,2005, 8100.0,19.6,24.1,2.2,1.20,5.5,-9.9
'Zavalla',17,2,2005,22500.0,15.3,29.0,2.3,1.80,0.0,-9.9
'Zavalla',18,2,2005, 7000.0,17.1,30.8,2.4,2.00,0.0,-9.9
'Zavalla',19,2,2005,24600.0,17.5,31.1,2.4,2.40,0.0,-9.9
'Zavalla',20,2,2005,16400.0,19.0,30.9,2.7,2.00,0.0,-9.9
'Zavalla',21,2,2005,15100.0,21.0,28.9,2.8,1.40,0.0,-9.9
'Zavalla',22,2,2005,16400.0,18.5,30.8,2.7,1.50,0.0,-9.9
'Zavalla',23,2,2005,12800.0,19.0,30.8,2.8,1.60,3.2,-9.9
'Zavalla',24,2,2005, 7400.0,20.1,25.9,2.5,1.10,35.5,-9.9
'Zavalla',25,2,2005,17200.0,20.8,28.2,2.5,1.60,0.6,-9.9
'Zavalla',26,2,2005,24400.0,15.6,29.7,2.2,1.90,0.0,-9.9
'Zavalla',27,2,2005,23500.0,14.7,30.2,2.2,1.50,2.8,-9.9
'Zavalla',28,2,2005,13500.0,16.4,24.2,1.7,3.70,0.0,-9.9
'Zavalla',1,3,2005,22600.0,10.7,22.9,1.5,2.10,0.0,-9.9
'Zavalla',2,3,2005,15700.0,12.9,24.3,1.5,2.00,0.0,-9.9
'Zavalla',3,3,2005,24900.0,13.8,28.0,1.7,2.90,0.0,-9.9
'Zavalla',4,3,2005,24500.0,15.4,30.8,1.9,2.70,0.0,-9.9
'Zavalla',5,3,2005,22400.0,15.8,31.6,2.0,1.90,0.0,-9.9
'Zavalla',6,3,2005,21100.0,17.2,36.6,2.5,3.70,3.0,-9.9
'Zavalla',7,3,2005,14800.0,17.9,28.5,2.0,2.10,43.0,-9.9
'Zavalla',8,3,2005,15200.0,15.4,23.8,1.6,3.60,0.0,-9.9
'Zavalla',9,3,2005,23300.0,8.3,23.9,1.1,1.70,0.0,-9.9
'Zavalla',10,3,2005,23000.0,14.7,31.8,1.9,2.60,0.0,-9.9
'Zavalla',11,3,2005,22200.0,20.1,33.0,2.8,1.90,15.5,-9.9
'Zavalla',12,3,2005, 6100.0,17.3,25.8,2.0,4.20,16.2,-9.9
'Zavalla',13,3,2005,17900.0,16.2,25.7,1.7,2.40,0.0,-9.9
'Zavalla',14,3,2005,20600.0,12.7,27.6,1.7,1.60,0.0,-9.9
'Zavalla',15,3,2005,21600.0,12.6,27.9,2.0,1.90,0.0,-9.9
'Zavalla',16,3,2005,21800.0,14.7,28.9,2.2,1.80,0.0,-9.9
'Zavalla',17,3,2005,20700.0,15.9,31.6,2.4,2.20,9.5,-9.9
'Zavalla',18,3,2005,20200.0,16.6,25.5,1.4,2.70,0.0,-9.9
'Zavalla',19,3,2005,16200.0,12.4,25.9,1.6,2.20,0.0,-9.9
'Zavalla',20,3,2005, 7800.0,19.5,25.0,1.9,2.00,7.5,-9.9
'Zavalla',21,3,2005, 7100.0,15.2,21.4,1.5,3.70,0.2,-9.9
'Zavalla',22,3,2005,19200.0,9.9,21.9,1.0,1.90,0.0,-9.9
'Zavalla',23,3,2005,19100.0,9.9,21.9,1.0,1.40,0.0,-9.9
'Zavalla',24,3,2005,19300.0,10.9,25.0,1.6,2.30,0.0,-9.9
'Zavalla',25,3,2005,20100.0,12.5,27.3,1.8,2.10,0.0,-9.9
'Zavalla',26,3,2005,19600.0,14.3,27.9,2.0,2.20,0.0,-9.9
'Zavalla',27,3,2005,13800.0,18.0,28.6,2.2,1.80,0.0,-9.9
'Zavalla',28,3,2005,15800.0,18.8,28.1,2.3,2.40,7.5,-9.9
'Zavalla',29,3,2005,12600.0,18.1,26.7,2.2,3.50,0.0,-9.9
'Zavalla',30,3,2005,15700.0,10.1,22.0,1.4,2.80,15.7,-9.9
'Zavalla',31,3,2005, 5200.0,13.8,18.2,1.9,2.30,2.6,-9.9
'Zavalla',1,4,2005, 7500.0,16.0,20.1,1.8,3.70,27.5,-9.9
'Zavalla',2,4,2005,18300.0,12.1,19.2,1.2,3.80,0.0,-9.9
'Zavalla',3,4,2005,18900.0,5.6,21.5,1.1,2.00,0.0,-9.9
'Zavalla',4,4,2005,19400.0,8.8,22.9,1.4,3.00,0.0,-9.9
'Zavalla',5,4,2005,19000.0,11.5,24.8,1.5,2.70,0.0,-9.9
'Zavalla',6,4,2005, 7800.0,13.6,26.4,2.1,2.00,24.9,-9.9
'Zavalla',7,4,2005,17500.0,12.1,26.8,1.7,4.00,0.0,-9.9
'Zavalla',8,4,2005,15700.0,5.8,22.3,1.1,1.50,0.0,-9.9
'Zavalla',9,4,2005, 8500.0,9.0,22.9,1.8,1.60,0.5,-9.9
'Zavalla',10,4,2005, 4800.0,18.1,21.9,2.3,1.30,0.0,-9.9
'Zavalla',11,4,2005,13100.0,15.3,24.7,1.4,3.80,0.0,-9.9
'Zavalla',12,4,2005,11600.0,10.6,19.5,1.1,3.40,0.0,-9.9
'Zavalla',13,4,2005, 8600.0,7.7,15.1,1.2,3.10,28.0,-9.9
'Zavalla',14,4,2005, 6700.0,12.1,18.3,1.5,3.40,1.2,-9.9
'Zavalla',15,4,2005,16000.0,11.2,24.0,1.4,1.80,0.0,-9.9
'Zavalla',16,4,2005,16800.0,10.7,23.6,1.6,2.60,0.0,-9.9
'Zavalla',17,4,2005,16900.0,12.8,26.1,1.8,1.90,0.0,-9.9
'Zavalla',18,4,2005,13500.0,13.0,25.9,1.9,1.70,0.0,-9.9
'Zavalla',19,4,2005,12400.0,15.5,27.8,1.4,2.90,0.0,-9.9
'Zavalla',20,4,2005,15100.0,7.4,20.0,1.2,1.90,0.0,-9.9
'Zavalla',21,4,2005,16300.0,8.7,23.5,1.5,2.10,0.0,-9.9
'Zavalla',22,4,2005,14000.0,8.3,25.0,1.5,2.60,0.0,-9.9
'Zavalla',23,4,2005,14200.0,9.5,26.9,1.8,2.20,11.0,-9.9
'Zavalla',24,4,2005, 7400.0,6.7,18.4,1.1,4.90,0.5,-9.9
'Zavalla',25,4,2005,12400.0,2.2,13.7,0.8,1.90,0.0,-9.9
'Zavalla',26,4,2005,15000.0,1.0,16.9,0.9,1.40,0.0,-9.9
'Zavalla',27,4,2005,13300.0,3.4,18.9,1.1,2.10,0.0,-9.9
'Zavalla',28,4,2005, 4000.0,8.1,19.9,1.4,1.40,0.0,-9.9
'Zavalla',29,4,2005,13100.0,6.8,22.1,1.4,1.50,0.0,-9.9
'Zavalla',30,4,2005,15100.0,8.2,23.0,1.5,2.80,0.0,-9.9
'Zavalla',1,5,2005,13700.0,11.5,24.6,1.6,3.20,0.0,-9.9
'Zavalla',2,5,2005,14900.0,12.8,25.2,1.7,3.40,0.0,-9.9
'Zavalla',3,5,2005,14000.0,15.9,26.3,1.8,3.90,0.0,-9.9
'Zavalla',4,5,2005, 3800.0,16.9,27.0,2.1,3.80,0.0,-9.9
'Zavalla',5,5,2005, 6400.0,12.3,18.9,1.2,4.30,0.0,-9.9
'Zavalla',6,5,2005, 5300.0,8.8,15.8,1.1,2.80,0.0,-9.9
'Zavalla',7,5,2005,13000.0,1.7,16.7,1.0,1.90,0.0,-9.9
'Zavalla',8,5,2005, 3700.0,7.0,19.2,1.5,2.10,2.0,-9.9
'Zavalla',9,5,2005, 8000.0,13.2,21.4,1.7,2.30,0.0,-9.9
'Zavalla',10,5,2005, 3600.0,14.0,20.6,1.9,2.80,0.0,-9.9
'Zavalla',11,5,2005,13100.0,7.2,19.3,0.9,2.10,0.0,-9.9
'Zavalla',12,5,2005, 3800.0,8.1,19.1,1.7,1.80,0.0,-9.9
'Zavalla',13,5,2005, 3500.0,14.5,18.3,1.8,2.80,0.0,-9.9
'Zavalla',14,5,2005, 5900.0,11.3,18.5,1.0,3.50,0.0,-9.9
'Zavalla',15,5,2005, 5800.0,8.8,14.3,1.2,2.90,9.2,-9.9
'Zavalla',16,5,2005,13300.0,2.6,16.3,1.0,1.90,0.0,-9.9
'Zavalla',17,5,2005, 6400.0,5.8,16.1,1.4,2.40,0.0,-9.9
'Zavalla',18,5,2005, 3700.0,13.3,17.2,1.6,2.00,0.2,-9.9
'Zavalla',19,5,2005,12300.0,9.3,20.3,0.8,2.60,0.0,-9.9
'Zavalla',20,5,2005,11600.0,3.9,15.8,0.6,3.00,0.0,-9.9
'Zavalla',21,5,2005,12700.0,1.9,15.2,0.6,3.00,0.0,-9.9
'Zavalla',22,5,2005,11700.0,3.2,20.6,0.8,3.20,0.0,-9.9
'Zavalla',23,5,2005, 8500.0,10.5,16.8,1.0,3.00,0.0,-9.9
'Zavalla',24,5,2005,11200.0,1.7,22.7,0.9,3.10,0.0,-9.9
'Zavalla',25,5,2005,12000.0,3.2,16.6,1.0,1.90,0.0,-9.9
'Zavalla',26,5,2005, 9800.0,8.0,21.2,1.3,2.40,0.0,-9.9
'Zavalla',27,5,2005,10900.0,7.2,22.4,1.4,2.70,0.0,-9.9
'Zavalla',28,5,2005, 9000.0,12.2,25.4,2.0,3.20,0.0,-9.9
'Zavalla',29,5,2005, 3100.0,14.7,22.4,2.0,3.50,0.0,-9.9
'Zavalla',30,5,2005,11900.0,1.5,17.2,0.8,1.70,0.0,-9.9
'Zavalla',31,5,2005, 6200.0,5.9,22.4,1.7,2.50,0.0,-9.9
'Zavalla',1,6,2005, 7900.0,14.4,25.7,2.2,3.40,0.0,-9.9
'Zavalla',2,6,2005, 9600.0,20.8,28.4,2.4,3.30,0.0,-9.9
'Zavalla',3,6,2005, 3500.0,13.2,20.8,1.3,3.20,2.2,-9.9
'Zavalla',4,6,2005, 3000.0,13.1,16.1,1.6,2.30,2.0,-9.9
'Zavalla',5,6,2005, 4700.0,11.6,18.3,1.6,2.20,0.8,-9.9
'Zavalla',6,6,2005, 4600.0,12.0,21.0,2.0,2.40,3.2,-9.9
'Zavalla',7,6,2005,10800.0,16.4,28.0,2.2,3.40,2.6,-9.9
'Zavalla',8,6,2005, 3000.0,9.2,21.8,1.2,3.10,0.5,-9.9
'Zavalla',9,6,2005, 3000.0,6.7,15.2,1.4,2.30,0.1,-9.9
'Zavalla',10,6,2005, 3000.0,14.8,20.7,1.9,3.40,0.1,-9.9
'Zavalla',11,6,2005, 7000.0,7.2,15.5,0.8,2.40,0.0,-9.9
'Zavalla',12,6,2005, 9000.0,1.6,17.3,0.9,2.50,1.8,-9.9
'Zavalla',13,6,2005, 3000.0,8.6,14.0,0.8,4.00,0.0,-9.9
'Zavalla',14,6,2005, 8300.0,0.0,13.1,0.8,2.50,0.5,-9.9
'Zavalla',15,6,2005, 2900.0,7.5,13.4,1.3,2.20,0.1,-9.9
'Zavalla',16,6,2005, 2900.0,11.8,13.9,1.4,1.90,0.1,-9.9
'Zavalla',17,6,2005, 2900.0,11.0,13.7,1.3,1.90,0.0,-9.9
'Zavalla',18,6,2005, 2900.0,9.3,12.2,1.1,2.10,0.6,-9.9
'Zavalla',19,6,2005, 4300.0,5.4,10.2,0.8,2.60,0.0,-9.9
'Zavalla',20,6,2005,10200.0,-0.2,12.2,0.7,1.80,0.0,-9.9
'Zavalla',21,6,2005, 9300.0,-0.5,12.7,0.8,2.60,0.0,-9.9
'Zavalla',22,6,2005, 9800.0,0.5,15.6,0.8,1.60,0.0,-9.9
'Zavalla',23,6,2005, 8800.0,1.2,15.8,0.8,2.00,0.0,-9.9
'Zavalla',24,6,2005, 4800.0,2.9,16.2,1.1,1.90,0.0,-9.9
'Zavalla',25,6,2005, 2900.0,8.2,16.8,1.6,1.50,17.5,-9.9
'Zavalla',26,6,2005, 7200.0,14.0,19.8,1.6,2.20,0.2,-9.9
'Zavalla',27,6,2005, 3500.0,13.2,18.8,1.6,3.10,0.0,-9.9
'Zavalla',28,6,2005, 4900.0,10.7,16.2,1.0,2.40,0.0,-9.9
'Zavalla',29,6,2005, 3000.0,10.6,18.7,1.6,2.20,0.0,-9.9
'Zavalla',30,6,2005, 3000.0,7.8,16.2,1.6,2.10,0.0,-9.9
'Zavalla',1,7,2005, 3000.0,15.1,23.3,2.2,1.60,0.5,-9.9
'Zavalla',2,7,2005, 6700.0,15.3,24.0,2.1,2.90,0.0,-9.9
'Zavalla',3,7,2005, 9800.0,9.6,20.3,1.4,3.20,0.0,-9.9
'Zavalla',4,7,2005, 6400.0,4.3,12.1,0.9,2.70,0.0,-9.9
'Zavalla',5,7,2005,10500.0,-0.5,13.3,0.7,2.30,0.0,-9.9
'Zavalla',6,7,2005,11000.0,-2.2,11.8,0.6,2.00,0.0,-9.9
'Zavalla',7,7,2005,11400.0,-0.5,14.5,0.8,4.10,0.0,-9.9
'Zavalla',8,7,2005, 8600.0,5.3,16.3,1.1,2.00,0.0,-9.9
'Zavalla',9,7,2005,11300.0,3.4,19.3,1.0,2.20,0.0,-9.9
'Zavalla',10,7,2005, 8800.0,7.8,22.0,1.3,1.90,0.0,-9.9
'Zavalla',11,7,2005, 5400.0,9.2,19.4,1.5,2.00,0.0,-9.9
'Zavalla',12,7,2005, 7600.0,12.1,22.1,1.3,3.80,0.0,-9.9
'Zavalla',13,7,2005, 9000.0,11.2,24.4,1.5,2.80,0.0,-9.9
'Zavalla',14,7,2005, 7400.0,10.6,22.1,1.7,2.60,11.9,-9.9
'Zavalla',15,7,2005, 3200.0,8.1,16.4,1.1,4.70,2.5,-9.9
'Zavalla',16,7,2005, 5800.0,2.1,11.1,0.8,3.00,0.0,-9.9
'Zavalla',17,7,2005,12200.0,0.8,12.3,0.8,3.20,0.0,-9.9
'Zavalla',18,7,2005,12200.0,0.5,12.0,0.6,2.00,0.0,-9.9
'Zavalla',19,7,2005,11700.0,-1.3,13.5,0.6,2.80,0.0,-9.9
'Zavalla',20,7,2005,11200.0,1.5,14.4,0.8,2.40,0.0,-9.9
'Zavalla',21,7,2005, 3300.0,2.1,13.0,1.0,2.50,0.0,-9.9
'Zavalla',22,7,2005, 7900.0,2.1,11.2,0.8,4.10,0.0,-9.9
'Zavalla',23,7,2005, 3300.0,5.2,9.0,0.9,4.20,2.0,-9.9
'Zavalla',24,7,2005, 3500.0,6.5,10.5,1.1,3.70,0.2,-9.9
'Zavalla',25,7,2005,13200.0,5.5,16.3,0.8,2.50,0.0,-9.9
'Zavalla',26,7,2005,13300.0,1.3,16.3,0.8,2.20,0.0,-9.9
'Zavalla',27,7,2005,12100.0,4.1,17.3,1.1,2.70,0.0,-9.9
'Zavalla',28,7,2005,11000.0,3.4,20.3,1.1,2.40,0.0,-9.9
'Zavalla',29,7,2005,10500.0,9.1,24.7,1.6,2.70,0.0,-9.9
'Zavalla',30,7,2005,12800.0,13.9,27.6,1.9,2.20,0.0,-9.9
'Zavalla',31,7,2005, 3500.0,12.7,18.8,1.6,3.10,0.0,-9.9
'Zavalla',1,8,2005, 3600.0,11.6,18.2,1.7,1.90,0.0,-9.9
'Zavalla',2,8,2005, 3600.0,12.1,21.5,1.7,2.70,0.0,-9.9
'Zavalla',3,8,2005,10400.0,9.6,24.6,1.8,2.10,0.0,-9.9
'Zavalla',4,8,2005, 6500.0,12.1,20.0,1.4,3.40,0.0,-9.9
'Zavalla',5,8,2005, 6400.0,5.8,12.6,0.9,4.00,0.0,-9.9
'Zavalla',6,8,2005,14300.0,-1.0,16.3,0.6,2.30,0.0,-9.9
'Zavalla',7,8,2005,10300.0,-0.1,11.6,0.6,2.90,0.0,-9.9
'Zavalla',8,8,2005,14300.0,-1.3,13.0,0.7,1.90,0.0,-9.9
'Zavalla',9,8,2005,12500.0,-0.3,15.5,0.7,2.90,0.0,-9.9
'Zavalla',10,8,2005,14200.0,3.0,17.5,0.9,2.90,0.0,-9.9
'Zavalla',11,8,2005,14900.0,2.2,18.4,1.0,3.10,0.0,-9.9
'Zavalla',12,8,2005,14100.0,6.2,21.4,1.1,2.90,0.0,-9.9
'Zavalla',13,8,2005, 4100.0,6.9,21.3,1.3,1.90,0.0,-9.9
'Zavalla',14,8,2005, 8400.0,8.6,19.2,1.1,3.80,0.0,-9.9
'Zavalla',15,8,2005, 4900.0,3.6,12.4,0.8,3.00,0.0,-9.9
'Zavalla',16,8,2005, 8600.0,8.6,15.3,1.4,2.50,0.0,-9.9
'Zavalla',17,8,2005,14500.0,6.8,20.0,0.8,2.80,0.0,-9.9
'Zavalla',18,8,2005,15200.0,1.4,19.1,1.2,2.30,0.0,-9.9
'Zavalla',19,8,2005,12900.0,1.9,19.5,1.2,2.00,0.0,-9.9
'Zavalla',20,8,2005, 6800.0,4.9,17.2,1.4,2.90,0.0,-9.9
'Zavalla',21,8,2005, 4900.0,15.5,22.5,2.0,1.60,3.0,-9.9
'Zavalla',22,8,2005,11000.0,14.5,24.6,1.8,3.10,36.6,-9.9
'Zavalla',23,8,2005, 4300.0,9.0,19.9,1.2,5.40,0.0,-9.9
'Zavalla',24,8,2005,16400.0,3.7,16.5,1.0,2.60,0.0,-9.9
'Zavalla',25,8,2005,10500.0,3.7,17.4,1.1,2.70,0.0,-9.9
'Zavalla',26,8,2005,15700.0,6.6,19.6,1.2,2.90,0.0,-9.9
'Zavalla',27,8,2005, 9100.0,10.1,19.0,1.2,3.30,0.0,-9.9
'Zavalla',28,8,2005,14400.0,4.8,17.7,1.0,3.20,0.0,-9.9
'Zavalla',29,8,2005,14400.0,7.5,16.8,1.0,3.30,0.0,-9.9
'Zavalla',30,8,2005,11100.0,1.8,14.2,0.8,3.20,0.0,-9.9
'Zavalla',31,8,2005,14800.0,2.6,11.1,0.8,2.90,0.0,-9.9
'Zavalla',1,9,2005,16700.0,1.0,13.9,0.8,2.70,0.0,-9.9
'Zavalla',2,9,2005,16100.0,-0.4,17.1,1.0,2.00,0.0,-9.9
'Zavalla',3,9,2005,11800.0,6.3,16.9,1.1,2.40,0.0,-9.9
'Zavalla',4,9,2005,16200.0,6.0,18.7,1.0,1.80,0.0,-9.9
'Zavalla',5,9,2005,16200.0,5.6,19.0,1.1,1.90,0.0,-9.9
'Zavalla',6,9,2005,16200.0,5.6,21.7,1.2,2.10,0.0,-9.9
'Zavalla',7,9,2005,16100.0,8.9,23.4,1.3,3.40,0.0,-9.9
'Zavalla',8,9,2005,17700.0,8.7,23.7,1.3,2.70,0.0,-9.9
'Zavalla',9,9,2005,12200.0,7.8,22.7,1.5,2.70,0.0,-9.9
'Zavalla',10,9,2005, 5100.0,9.7,15.4,1.0,5.20,0.0,-9.9
'Zavalla',11,9,2005,19500.0,0.8,13.6,0.6,3.30,0.0,-9.9
'Zavalla',12,9,2005,19600.0,3.1,15.4,0.6,2.10,0.0,-9.9
'Zavalla',13,9,2005,18200.0,-2.3,15.7,0.6,1.70,0.0,-9.9
'Zavalla',14,9,2005, 7100.0,6.6,12.9,0.8,1.40,0.0,-9.9
'Zavalla',15,9,2005,19300.0,-0.6,16.8,0.8,2.10,0.0,-9.9
'Zavalla',16,9,2005,19200.0,-1.2,18.2,0.8,1.60,0.0,-9.9
'Zavalla',17,9,2005,14900.0,1.7,17.9,0.9,1.70,0.0,-9.9
'Zavalla',18,9,2005,17300.0,2.7,20.0,1.1,1.90,0.0,-9.9
'Zavalla',19,9,2005,13900.0,5.4,18.8,1.4,2.20,0.0,-9.9
'Zavalla',20,9,2005,18800.0,5.5,23.0,1.6,2.30,0.0,-9.9
'Zavalla',21,9,2005,18600.0,9.1,23.4,1.6,2.40,0.0,-9.9
'Zavalla',22,9,2005,19300.0,10.1,26.0,1.8,2.10,0.0,-9.9
'Zavalla',23,9,2005, 7400.0,12.1,24.9,1.7,3.20,21.0,-9.9
'Zavalla',24,9,2005,19000.0,10.0,23.7,1.3,3.20,0.0,-9.9
'Zavalla',25,9,2005,18500.0,6.8,21.5,1.1,2.50,0.0,-9.9
'Zavalla',26,9,2005,21600.0,5.9,21.3,1.0,2.40,0.0,-9.9
'Zavalla',27,9,2005,21800.0,5.5,21.3,1.1,3.30,0.0,-9.9
'Zavalla',28,9,2005,21800.0,6.0,25.4,1.4,4.00,0.0,-9.9
'Zavalla',29,9,2005, 8700.0,12.4,20.9,1.5,4.50,20.6,-9.9
'Zavalla',30,9,2005,21900.0,4.7,19.7,0.9,2.50,0.0,-9.9
'Zavalla',1,10,2005,21900.0,5.2,23.0,1.1,2.70,0.0,-9.9
'Zavalla',2,10,2005,18000.0,6.4,25.5,1.5,3.30,0.0,-9.9
'Zavalla',3,10,2005,16400.0,13.8,24.4,1.9,4.20,0.0,-9.9
'Zavalla',4,10,2005,14300.0,6.8,15.1,0.9,3.80,0.0,-9.9
'Zavalla',5,10,2005,21800.0,0.2,21.2,0.9,2.20,0.0,-9.9
'Zavalla',6,10,2005,22300.0,3.1,22.5,1.1,2.20,0.0,-9.9
'Zavalla',7,10,2005,22800.0,5.7,23.2,1.3,1.80,0.0,-9.9
'Zavalla',8,10,2005,23200.0,6.8,26.0,1.6,1.50,0.0,-9.9
'Zavalla',9,10,2005,23700.0,8.0,26.3,1.5,2.50,0.0,-9.9
'Zavalla',10,10,2005,23500.0,9.1,26.6,1.7,2.80,0.0,-9.9
'Zavalla',11,10,2005, 6500.0,13.2,28.2,1.8,3.20,0.0,-9.9
'Zavalla',12,10,2005, 6500.0,12.1,29.2,1.6,3.50,0.0,-9.9
'Zavalla',13,10,2005,19700.0,13.1,21.6,1.3,3.00,0.0,-9.9
'Zavalla',14,10,2005,24700.0,7.9,22.9,1.1,2.70,0.0,-9.9
'Zavalla',15,10,2005,19800.0,7.3,21.1,1.1,3.30,0.0,-9.9
'Zavalla',16,10,2005,19900.0,8.6,21.2,1.2,2.70,0.0,-9.9
'Zavalla',17,10,2005,23900.0,7.6,24.8,1.2,2.00,0.0,-9.9
'Zavalla',18,10,2005,24800.0,6.2,29.1,1.6,2.50,0.0,-9.9
'Zavalla',19,10,2005,24800.0,14.2,32.4,1.8,3.90,0.0,-9.9
'Zavalla',20,10,2005,25100.0,11.3,31.4,1.7,2.90,0.0,-9.9
'Zavalla',21,10,2005,25100.0,11.9,32.8,2.4,2.80,0.0,-9.9
'Zavalla',22,10,2005, 6900.0,16.7,25.1,1.9,4.30,0.0,-9.9
'Zavalla',23,10,2005, 6900.0,9.7,17.8,1.4,3.10,35.8,-9.9
'Zavalla',24,10,2005, 7000.0,10.2,12.9,1.4,3.70,17.5,-9.9
'Zavalla',25,10,2005,13400.0,9.6,17.2,1.4,2.20,0.0,-9.9
'Zavalla',26,10,2005,24000.0,7.0,23.1,1.6,2.20,0.0,-9.9
'Zavalla',27,10,2005,19400.0,11.8,22.8,1.5,2.80,0.0,-9.9
'Zavalla',28,10,2005,20300.0,8.5,19.9,1.0,3.00,0.0,-9.9
'Zavalla',29,10,2005,25500.0,7.7,19.3,1.0,2.80,0.0,-9.9
'Zavalla',30,10,2005,26200.0,6.5,19.4,1.1,2.10,0.0,-9.9
'Zavalla',31,10,2005,25900.0,6.9,23.9,1.4,2.40,0.0,-9.9
'Zavalla',1,11,2005,27800.0,13.1,27.9,1.4,2.90,0.0,-9.9
'Zavalla',2,11,2005,27900.0,13.3,28.3,1.5,3.50,0.0,-9.9
'Zavalla',3,11,2005,26300.0,13.7,29.7,1.7,3.10,7.0,-9.9
'Zavalla',4,11,2005,22300.0,13.1,25.0,1.1,4.00,0.0,-9.9
'Zavalla',5,11,2005,26300.0,6.2,23.1,1.2,1.80,0.0,-9.9
'Zavalla',6,11,2005,28200.0,10.2,23.5,1.4,3.20,0.0,-9.9
'Zavalla',7,11,2005,24900.0,8.4,22.5,1.2,2.90,0.0,-9.9
'Zavalla',8,11,2005,26600.0,7.8,23.8,1.2,3.10,0.0,-9.9
'Zavalla',9,11,2005,26700.0,8.8,25.3,1.4,3.70,0.0,-9.9
'Zavalla',10,11,2005,28200.0,11.6,25.7,1.5,2.90,0.0,-9.9
'Zavalla',11,11,2005,27800.0,12.1,27.3,1.8,2.30,0.0,-9.9
'Zavalla',12,11,2005,28100.0,12.3,29.6,1.7,2.60,0.0,-9.9
'Zavalla',13,11,2005,11300.0,13.9,26.6,2.0,2.40,0.0,-9.9
'Zavalla',14,11,2005,27200.0,16.1,32.0,2.3,2.70,23.8,-9.9
'Zavalla',15,11,2005,28000.0,16.9,28.6,1.9,2.80,0.0,-9.9
'Zavalla',16,11,2005,13800.0,14.7,26.2,2.1,1.90,3.8,-9.9
'Zavalla',17,11,2005,26200.0,14.5,28.4,2.1,1.70,0.0,-9.9
'Zavalla',18,11,2005,27700.0,15.6,29.5,1.8,2.20,0.0,-9.9
'Zavalla',19,11,2005,29200.0,15.4,31.8,1.8,2.20,0.0,-9.9
'Zavalla',20,11,2005,27000.0,15.9,33.9,1.8,3.70,0.0,-9.9
'Zavalla',21,11,2005,25100.0,20.2,34.4,2.6,1.80,0.0,-9.9
'Zavalla',22,11,2005,27100.0,19.9,35.9,2.3,3.20,21.9,-9.9
'Zavalla',23,11,2005,10000.0,18.5,27.7,1.9,4.10,0.0,-9.9
'Zavalla',24,11,2005,28900.0,10.0,24.4,1.1,2.70,0.0,-9.9
'Zavalla',25,11,2005,29200.0,14.4,33.0,1.8,2.70,0.0,-9.9
'Zavalla',26,11,2005,29800.0,18.1,34.1,1.9,4.00,0.0,-9.9
'Zavalla',27,11,2005,26200.0,19.6,32.2,2.3,4.00,0.0,-9.9
'Zavalla',28,11,2005,18800.0,19.3,32.8,2.3,2.90,8.3,-9.9
'Zavalla',29,11,2005,16700.0,17.9,27.9,2.2,2.40,0.0,-9.9
'Zavalla',30,11,2005,12800.0,15.6,22.3,1.9,4.00,0.0,-9.9
'Zavalla',1,12,2005,29100.0,12.0,24.8,1.1,4.10,0.0,-9.9
'Zavalla',2,12,2005,19200.0,13.4,25.4,1.2,3.50,0.0,-9.9
'Zavalla',3,12,2005,17800.0,17.9,29.4,1.9,3.40,3.5,-9.9
'Zavalla',4,12,2005,12200.0,15.1,24.4,2.1,1.90,0.0,-9.9
'Zavalla',5,12,2005,27400.0,15.6,24.4,1.1,4.10,0.0,-9.9
'Zavalla',6,12,2005,30600.0,7.5,24.4,0.9,3.30,0.0,-9.9
'Zavalla',7,12,2005,21500.0,7.9,26.1,1.4,3.70,0.0,-9.9
'Zavalla',8,12,2005,18900.0,16.6,28.3,1.7,1.90,1.7,-9.9
'Zavalla',9,12,2005,25800.0,11.5,29.8,1.8,2.70,0.0,-9.9
'Zavalla',10,12,2005,30700.0,10.0,24.0,1.0,2.60,0.0,-9.9
'Zavalla',11,12,2005,31000.0,9.9,25.8,1.3,2.70,0.0,-9.9
'Zavalla',12,12,2005,30600.0,10.9,28.7,1.6,2.80,0.0,-9.9
'Zavalla',13,12,2005,29300.0,14.9,29.3,1.9,3.30,0.0,-9.9
'Zavalla',14,12,2005,29100.0,17.2,30.9,2.0,2.40,0.0,-9.9
'Zavalla',15,12,2005,28200.0,17.0,33.3,2.2,1.60,8.5,-9.9
'Zavalla',16,12,2005,19500.0,20.0,28.5,2.5,2.20,0.7,-9.9
'Zavalla',17,12,2005,28700.0,16.5,30.1,2.2,1.80,0.0,-9.9
'Zavalla',18,12,2005,26700.0,19.8,31.8,1.9,3.20,0.0,-9.9
'Zavalla',19,12,2005,28200.0,14.7,27.1,1.4,2.10,0.0,-9.9
'Zavalla',20,12,2005,30900.0,11.6,31.5,1.9,2.40,0.0,-9.9
'Zavalla',21,12,2005,30900.0,17.6,33.7,1.8,3.20,0.0,-9.9
'Zavalla',22,12,2005,15300.0,18.0,33.7,2.4,1.70,6.5,-9.9
'Zavalla',23,12,2005,30700.0,19.3,31.9,1.8,3.20,0.0,-9.9
'Zavalla',24,12,2005, 8100.0,14.4,28.9,1.6,2.70,0.0,-9.9
'Zavalla',25,12,2005,30900.0,12.8,29.5,1.4,2.30,0.0,-9.9
'Zavalla',26,12,2005,30900.0,14.8,30.8,1.5,2.90,0.0,-9.9
'Zavalla',27,12,2005,29700.0,17.6,32.7,1.5,3.00,0.0,-9.9
'Zavalla',28,12,2005,24200.0,17.6,32.0,2.1,1.80,0.0,-9.9
'Zavalla',29,12,2005,30100.0,18.4,35.3,1.9,2.30,0.0,-9.9
'Zavalla',30,12,2005,10800.0,18.0,33.8,2.1,2.40,0.0,-9.9
'Zavalla',31,12,2005, 8100.0,18.5,33.5,2.0,2.20,0.0,-9.9
