* Source of data    : Zavalla local weather station 
* File content      : Meteo input file for Swap 3.2 (www.swap.alterra.nl) 
* File generated at :  Mon Oct 03 22:18:27 2016 
station,DD,MM,YYYY,Rad,Tmin,Tmax,Hum,Wind,Rain,ETref 
'Zavalla',1,1,2004,30500.0,10.5,26.3,1.8,1.7,0.0,5.2
'Zavalla',2,1,2004,30300.0,12.9,27.9,1.9,2.90,24.3,5.6
'Zavalla',3,1,2004,28600.0,16.1,30.7,2.0,3.40,0.0,6.1
'Zavalla',4,1,2004,29900.0,18.5,30.4,2.7,3.1,0.0,6.3
'Zavalla',5,1,2004,30400.0,18.4,34.0,2.8,1.9,0.0,6.7
'Zavalla',6,1,2004,26200.0,21.4,34.3,2.9,2.2,0.0,6.3
'Zavalla',7,1,2004,24400.0,21.6,31.5,2.3,1.9,0.0,5.9
'Zavalla',8,1,2004,29500.0,19.3,32.6,2.7,1.9,0.0,6.4
'Zavalla',9,1,2004,28500.0,20.0,34.6,2.7,1.9,17.3,6.6
'Zavalla',10,1,2004,13300.0,20.5,27.6,2.4,2.8,6.0,3.5
'Zavalla',11,1,2004,29100.0,14.4,27.9,2.0,1.7,0.0,5.5
'Zavalla',12,1,2004,30300.0,15.3,30.1,2.2,1.7,0.0,5.9
'Zavalla',13,1,2004,30300.0,17.3,30.9,2.4,1.7,0.0,6.2
'Zavalla',14,1,2004,30000.0,15.5,32.8,2.4,3.1,0.0,6.4
'Zavalla',15,1,2004,30400.0,15.7,26.3,1.6,3.1,0.0,6.1
'Zavalla',16,1,2004,25300.0,11.9,26.3,1.9,1.9,0.0,4.5
'Zavalla',17,1,2004,27400.0,14.6,30.7,2.2,1.7,0.0,5.5
'Zavalla',18,1,2004,29700.0,17.5,32.8,2.3,2.2,0.0,6.5
'Zavalla',19,1,2004,19800.0,19.5,32.7,2.7,2.2,0.0,4.8
'Zavalla',20,1,2004,18800.0,18.3,32.1,2.6,2.2,11.5,4.4
'Zavalla',21,1,2004,27300.0,17.5,32.5,2.6,2.5,0.0,5.9
'Zavalla',22,1,2004,27000.0,18.4,30.9,2.4,2.5,0.0,5.9
'Zavalla',23,1,2004,29600.0,17.2,31.2,2.0,1.7,0.0,6.1
'Zavalla',24,1,2004,28300.0,16.0,31.9,2.1,1.1,0.0,5.7
'Zavalla',25,1,2004,29200.0,14.5,34.5,1.9,1.1,0.0,5.9
'Zavalla',26,1,2004,29100.0,17.6,35.8,2.3,1.1,0.0,6.3
'Zavalla',27,1,2004,28300.0,20.0,36.6,2.6,1.7,0.0,6.7
'Zavalla',28,1,2004,29100.0,19.1,36.2,2.3,1.4,0.0,6.6
'Zavalla',29,1,2004,28600.0,17.7,34.6,2.6,1.7,0.0,6.3
'Zavalla',30,1,2004,27300.0,18.5,35.5,2.5,6.1,20.0,7.5
'Zavalla',31,1,2004, 9200.0,18.8,24.0,2.3,3.6,33.0,2.4
'Zavalla',1,2,2004,19300.0,16.9,25.9,2.3,1.9,0.0,3.8
'Zavalla',2,2,2004, 8400.0,16.3,25.1,2.5,1.9,11.2,1.7
'Zavalla',3,2,2004,18700.0,20.1,27.8,2.5,1.9,0.0,4.1
'Zavalla',4,2,2004,28200.0,15.1,26.6,1.9,2.8,0.0,5.4
'Zavalla',5,2,2004,28300.0,17.2,25.7,1.9,1.9,0.0,5.4
'Zavalla',6,2,2004,28200.0,11.9,26.8,1.8,1.9,0.0,4.9
'Zavalla',7,2,2004,28100.0,12.7,27.7,2.1,2.2,0.0,4.9
'Zavalla',8,2,2004,28200.0,16.9,28.7,2.3,2.5,0.0,5.6
'Zavalla',9,2,2004,27900.0,17.9,31.0,2.4,1.7,0.0,5.7
'Zavalla',10,2,2004,27500.0,18.7,33.1,2.8,1.1,0.0,5.8
'Zavalla',11,2,2004,25200.0,19.8,32.7,2.5,1.9,0.0,5.6
'Zavalla',12,2,2004,14500.0,18.0,31.7,2.7,2.2,20.6,3.4
'Zavalla',13,2,2004,16200.0,19.0,25.9,2.5,3.1,0.0,3.4
'Zavalla',14,2,2004,27300.0,12.4,26.0,1.5,2.2,0.0,4.9
'Zavalla',15,2,2004,21900.0,11.2,27.4,1.7,1.7,0.0,4.0
'Zavalla',16,2,2004,22900.0,15.6,27.4,2.1,2.8,0.0,4.5
'Zavalla',17,2,2004,27100.0,11.8,25.3,1.3,1.9,0.0,4.8
'Zavalla',18,2,2004,13900.0,10.2,24.6,1.7,2.2,0.0,2.7
'Zavalla',19,2,2004,26600.0,13.2,27.8,1.7,1.9,0.0,4.8
'Zavalla',20,2,2004,25400.0,8.1,24.9,1.5,1.9,0.0,4.1
'Zavalla',21,2,2004,26500.0,9.5,25.7,1.6,1.7,0.0,4.2
'Zavalla',22,2,2004,25600.0,8.9,26.9,1.6,1.1,0.0,4.1
'Zavalla',23,2,2004,25600.0,10.8,27.1,1.9,1.4,0.0,4.2
'Zavalla',24,2,2004,25500.0,12.3,29.5,1.9,1.7,0.0,4.6
'Zavalla',25,2,2004,25800.0,13.7,30.0,1.9,1.7,0.0,4.8
'Zavalla',26,2,2004,21500.0,12.7,32.5,2.1,0.8,0.0,4.1
'Zavalla',27,2,2004,24900.0,14.7,33.7,2.3,2.5,0.0,5.2
'Zavalla',28,2,2004,24900.0,14.2,33.5,1.8,3.1,0.0,5.6
'Zavalla',29,2,2004,24200.0,13.5,29.0,2.1,1.7,0.0,4.3
'Zavalla',1,3,2004,14000.0,15.6,29.9,2.1,5.0,25.0,3.9
'Zavalla',2,3,2004,22500.0,15.0,25.6,1.6,3.3,0.0,4.6
'Zavalla',3,3,2004,24700.0,11.9,29.0,1.7,1.7,0.0,4.4
'Zavalla',4,3,2004,24000.0,12.9,29.9,1.7,2.2,0.0,4.6
'Zavalla',5,3,2004,23400.0,13.3,30.2,1.8,1.9,0.0,4.4
'Zavalla',6,3,2004,21300.0,17.1,26.4,2.2,3.9,11.0,4.1
'Zavalla',7,3,2004,10800.0,16.7,26.7,2.0,1.7,0.0,2.6
'Zavalla',8,3,2004,20800.0,12.5,26.9,1.9,1.1,0.0,3.5
'Zavalla',9,3,2004,23600.0,13.8,29.2,2.0,1.1,0.0,4.1
'Zavalla',10,3,2004,16000.0,13.2,27.7,1.8,4.2,0.0,3.6
'Zavalla',11,3,2004, 7500.0,16.2,21.8,1.7,3.3,0.0,2.3
'Zavalla',12,3,2004,13700.0,15.5,25.9,1.8,1.7,0.0,2.9
'Zavalla',13,3,2004,22000.0,11.8,28.4,1.9,1.7,0.0,3.7
'Zavalla',14,3,2004,18300.0,13.4,28.9,2.2,1.4,0.0,3.3
'Zavalla',15,3,2004,21300.0,14.8,31.1,2.2,1.9,0.0,4.1
'Zavalla',16,3,2004,22600.0,13.8,31.3,2.1,2.2,0.0,4.2
'Zavalla',17,3,2004,11600.0,15.9,29.5,2.4,1.9,0.0,2.6
'Zavalla',18,3,2004,12100.0,18.7,26.0,2.1,1.7,0.0,2.8
'Zavalla',19,3,2004,18000.0,14.0,28.7,1.9,1.4,0.0,3.3
'Zavalla',20,3,2004,19600.0,12.6,30.8,2.1,1.7,0.0,3.5
'Zavalla',21,3,2004,21600.0,12.7,29.0,1.6,1.4,0.0,3.7
'Zavalla',22,3,2004,20200.0,10.5,30.9,1.4,1.9,0.0,3.8
'Zavalla',23,3,2004,20600.0,14.8,31.6,1.6,2.2,0.0,4.3
'Zavalla',24,3,2004,20200.0,14.1,34.3,1.8,2.40,0.0,4.1
'Zavalla',25,3,2004,19500.0,17.9,34.4,1.7,2.70,0.0,4.4
'Zavalla',26,3,2004,20100.0,14.8,35.4,1.5,1.7,0.0,4.3
'Zavalla',27,3,2004,20200.0,12.5,34.4,1.4,3.3,0.0,4.7
'Zavalla',28,3,2004,20100.0,12.3,33.5,1.5,1.4,0.0,3.7
'Zavalla',29,3,2004,19900.0,15.6,33.8,1.8,2.8,0.0,4.5
'Zavalla',30,3,2004,19400.0,17.2,33.7,2.1,3.1,30.5,4.5
'Zavalla',31,3,2004,19600.0,19.0,24.6,2.2,2.5,30.5,3.4
'Zavalla',1,4,2004,19200.0,13.7,26.5,1.8,1.9,0.0,3.0
'Zavalla',2,4,2004, 9100.0,18.1,29.5,2.5,1.7,0.0,2.1
'Zavalla',3,4,2004,19600.0,22.0,31.1,2.5,1.9,0.0,4.1
'Zavalla',4,4,2004,18600.0,18.3,33.6,2.5,2.8,0.0,4.1
'Zavalla',5,4,2004,19400.0,19.2,32.6,2.5,4.4,9.0,4.5
'Zavalla',6,4,2004,11000.0,18.7,27.8,2.3,1.9,8.5,2.4
'Zavalla',7,4,2004, 9700.0,19.2,26.9,2.4,1.7,3.0,2.1
'Zavalla',8,4,2004, 9600.0,16.6,26.5,2.2,4.2,0.5,2.3
'Zavalla',9,4,2004, 9200.0,14.0,23.7,1.8,4.7,14.0,2.2
'Zavalla',10,4,2004, 6400.0,16.4,19.8,2.0,3.3,28.8,1.2
'Zavalla',11,4,2004, 6000.0,14.2,23.2,1.9,1.4,0.0,1.3
'Zavalla',12,4,2004,15200.0,17.4,30.5,2.3,3.6,2.6,3.4
'Zavalla',13,4,2004, 4700.0,23.3,33.0,2.6,4.4,2.6,3.1
'Zavalla',14,4,2004, 4700.0,15.2,26.3,1.6,4.7,12.5,3.0
'Zavalla',15,4,2004, 4600.0,12.8,20.4,1.9,3.1,13.2,0.8
'Zavalla',16,4,2004, 4600.0,16.4,19.2,2.0,2.5,5.1,1.0
'Zavalla',17,4,2004,17300.0,10.3,25.8,1.4,1.7,0.0,2.4
'Zavalla',18,4,2004,15200.0,15.8,25.6,1.4,2.2,0.0,2.9
'Zavalla',19,4,2004,16800.0,5.8,20.6,0.8,2.5,0.0,2.3
'Zavalla',20,4,2004,11300.0,3.8,21.2,1.0,3.3,0.0,1.9
'Zavalla',21,4,2004, 5000.0,14.0,19.9,1.5,3.6,32.5,1.8
'Zavalla',22,4,2004, 5400.0,14.6,20.1,1.8,4.4,0.0,1.4
'Zavalla',23,4,2004, 4300.0,10.9,18.8,1.4,4.2,0.0,1.4
'Zavalla',24,4,2004,13700.0,7.6,17.4,1.0,1.4,0.0,1.6
'Zavalla',25,4,2004,16100.0,3.1,19.9,1.1,1.7,0.0,1.5
'Zavalla',26,4,2004,15900.0,3.6,21.5,1.2,1.4,0.0,1.5
'Zavalla',27,4,2004,15800.0,7.7,21.9,1.2,3.1,0.0,2.1
'Zavalla',28,4,2004, 6500.0,10.6,22.5,1.6,1.9,4.0,1.2
'Zavalla',29,4,2004,13100.0,12.4,21.4,1.6,3.1,0.0,1.8
'Zavalla',30,4,2004,13600.0,4.1,18.2,0.8,1.4,0.0,1.5
'Zavalla',1,5,2004,13500.0,5.5,18.9,1.1,2.5,0.0,1.5
'Zavalla',2,5,2004, 8000.0,5.5,20.1,1.2,4.4,0.0,1.5
'Zavalla',3,5,2004, 4500.0,8.7,17.3,1.2,5.3,21.7,1.7
'Zavalla',4,5,2004, 3900.0,10.0,13.9,1.3,3.3,9.3,0.8
'Zavalla',5,5,2004,13200.0,8.9,18.7,1.2,1.7,0.0,1.4
'Zavalla',6,5,2004,10800.0,8.1,18.6,1.2,0.6,0.0,1.1
'Zavalla',7,5,2004,12600.0,4.7,19.5,1.1,0.6,0.0,1.0
'Zavalla',8,5,2004,14200.0,2.6,21.4,1.2,2.2,0.0,1.2
'Zavalla',9,5,2004,13200.0,9.4,22.9,1.4,1.7,0.0,1.5
'Zavalla',10,5,2004, 7500.0,9.6,21.8,1.5,0.6,0.0,1.0
'Zavalla',11,5,2004, 6800.0,12.7,21.9,1.8,1.7,0.0,1.1
'Zavalla',12,5,2004,11400.0,12.5,19.6,1.3,4.7,0.0,2.0
'Zavalla',13,5,2004, 4800.0,8.0,13.7,0.9,4.2,0.0,1.6
'Zavalla',14,5,2004,13200.0,3.3,14.8,0.8,1.1,0.0,1.0
'Zavalla',15,5,2004,13000.0,-1.8,15.7,0.8,1.7,0.0,0.8
'Zavalla',16,5,2004,11500.0,5.8,19.8,1.0,2.2,0.0,1.3
'Zavalla',17,5,2004,10900.0,5.8,15.6,1.0,1.4,0.0,1.0
'Zavalla',18,5,2004,10200.0,2.7,15.8,0.9,0.8,0.0,0.8
'Zavalla',19,5,2004,13000.0,1.7,15.8,0.9,1.7,0.0,0.8
'Zavalla',20,5,2004, 6000.0,2.2,12.8,0.9,3.3,0.0,0.8
'Zavalla',21,5,2004, 3400.0,5.5,11.6,1.2,4.2,2.5,0.5
'Zavalla',22,5,2004, 3400.0,11.6,15.8,1.5,5.6,13.0,0.7
'Zavalla',23,5,2004, 3400.0,12.6,14.8,1.5,4.7,8.3,0.6
'Zavalla',24,5,2004, 3300.0,9.7,15.7,1.4,1.7,0.4,0.7
'Zavalla',25,5,2004, 3300.0,9.0,13.7,1.5,5.0,7.5,0.5
'Zavalla',26,5,2004,12500.0,5.1,15.9,1.1,2.2,0.2,0.8
'Zavalla',27,5,2004,11200.0,1.1,14.4,0.8,15.6,0.0,2.7
'Zavalla',28,5,2004, 9800.0,2.6,15.9,1.0,2.80,0.0,0.6
'Zavalla',29,5,2004, 9700.0,4.9,17.9,1.1,0.8,0.0,0.7
'Zavalla',30,5,2004, 8200.0,2.7,17.9,1.1,0.8,0.0,0.5
'Zavalla',31,5,2004, 5000.0,3.1,12.1,1.1,1.4,0.0,0.4
'Zavalla',1,6,2004, 7900.0,2.2,15.4,1.0,0.8,0.0,0.5
'Zavalla',2,6,2004, 3200.0,8.6,10.6,1.2,1.1,0.0,0.5
'Zavalla',3,6,2004, 3200.0,9.6,13.3,1.3,2.5,0.0,0.6
'Zavalla',4,6,2004, 7900.0,8.1,15.8,1.4,2.5,0.0,0.5
'Zavalla',5,6,2004, 7100.0,6.7,18.9,1.3,2.5,0.0,0.8
'Zavalla',6,6,2004, 6800.0,5.5,15.4,0.7,1.9,0.0,1.3
'Zavalla',7,6,2004,11400.0,-0.9,16.8,0.8,2.8,0.0,0.8
'Zavalla',8,6,2004,10900.0,6.6,19.9,1.4,3.1,0.0,0.8
'Zavalla',9,6,2004, 7400.0,10.6,20.3,1.7,4.4,0.0,0.8
'Zavalla',10,6,2004, 9200.0,7.1,15.9,0.9,5.6,0.0,1.7
'Zavalla',11,6,2004, 7100.0,1.9,11.0,0.7,3.3,0.0,0.9
'Zavalla',12,6,2004,12000.0,-0.6,15.1,0.6,3.1,0.0,1.2
'Zavalla',13,6,2004,11200.0,0.9,17.0,0.8,3.6,0.0,1.2
'Zavalla',14,6,2004, 9600.0,5.5,17.5,0.9,2.8,0.0,1.1
'Zavalla',15,6,2004,10200.0,3.7,19.9,0.9,2.5,0.0,1.1
'Zavalla',16,6,2004, 3100.0,7.0,18.1,1.3,3.6,0.0,0.9
'Zavalla',17,6,2004,11700.0,5.1,17.3,0.9,1.7,0.0,0.8
'Zavalla',18,6,2004,10200.0,1.9,18.8,1.0,3.1,0.0,0.8
'Zavalla',19,6,2004, 3700.0,11.8,23.5,2.0,4.7,0.0,0.6
'Zavalla',20,6,2004, 3100.0,16.3,23.1,2.0,3.9,18.3,1.2
'Zavalla',21,6,2004,10400.0,6.1,16.8,1.0,1.7,0.0,0.8
'Zavalla',22,6,2004, 3600.0,3.9,16.0,1.4,2.5,0.0,0.4
'Zavalla',23,6,2004, 8000.0,7.3,15.1,1.2,1.9,0.0,0.6
'Zavalla',24,6,2004, 4700.0,0.9,12.9,1.2,2.8,0.0,0.4
'Zavalla',25,6,2004, 3100.0,10.9,15.7,1.5,0.8,0.0,0.5
'Zavalla',26,6,2004, 6600.0,9.5,17.4,1.4,2.5,0.0,0.7
'Zavalla',27,6,2004, 4900.0,4.8,15.0,1.3,1.4,0.0,0.4
'Zavalla',28,6,2004, 3900.0,11.8,17.2,1.6,4.2,0.1,0.7
'Zavalla',29,6,2004, 3300.0,13.9,20.4,1.9,3.9,0.0,0.7
'Zavalla',30,6,2004, 3700.0,10.4,16.5,1.3,2.5,0.3,1.0
'Zavalla',1,7,2004, 3100.0,10.2,14.3,1.4,3.3,0.0,0.5
'Zavalla',2,7,2004, 3100.0,13.1,17.9,1.6,2.8,1.5,0.8
'Zavalla',3,7,2004, 6800.0,4.0,16.8,0.8,1.4,0.0,1.0
'Zavalla',4,7,2004,11700.0,5.6,17.8,0.8,2.8,0.0,1.4
'Zavalla',5,7,2004,12100.0,3.8,19.7,1.0,2.2,0.0,0.9
'Zavalla',6,7,2004,11600.0,6.9,22.2,1.1,2.8,0.0,1.3
'Zavalla',7,7,2004, 9200.0,5.7,15.1,0.7,3.3,0.0,1.5
'Zavalla',8,7,2004,10700.0,1.0,13.2,0.6,3.1,0.0,1.2
'Zavalla',9,7,2004,11700.0,2.4,11.1,0.7,2.8,0.0,0.8
'Zavalla',10,7,2004,11600.0,-2.3,11.1,0.5,3.1,0.0,1.1
'Zavalla',11,7,2004,10700.0,-6.4,12.1,0.6,3.6,0.0,0.7
'Zavalla',12,7,2004, 8900.0,2.8,15.5,0.8,3.20,0.0,1.0
'Zavalla',13,7,2004,12100.0,2.7,21.3,1.1,13.1,0.0,2.3
'Zavalla',14,7,2004,10400.0,5.7,19.2,0.9,3.6,0.0,1.7
'Zavalla',15,7,2004, 9900.0,0.7,11.4,0.7,3.1,0.0,1.0
'Zavalla',16,7,2004,10300.0,1.9,12.1,0.7,1.9,0.0,0.9
'Zavalla',17,7,2004,12400.0,-2.3,11.7,0.7,2.5,0.0,0.7
'Zavalla',18,7,2004, 5700.0,2.3,10.4,0.8,2.8,0.0,0.9
'Zavalla',19,7,2004, 8600.0,3.2,14.8,1.1,4.2,0.0,0.6
'Zavalla',20,7,2004, 4500.0,12.7,19.1,1.5,6.1,0.0,1.7
'Zavalla',21,7,2004, 4200.0,14.9,20.7,1.4,6.1,0.0,2.5
'Zavalla',22,7,2004, 7800.0,10.9,20.9,1.5,3.6,0.0,1.3
'Zavalla',23,7,2004, 3500.0,15.0,21.7,1.8,2.2,8.5,1.2
'Zavalla',24,7,2004, 8900.0,10.8,21.3,1.6,9.2,3.0,1.9
'Zavalla',25,7,2004, 8800.0,14.7,22.7,1.6,0.0,0.0,1.2
'Zavalla',26,7,2004,11400.0,13.8,23.8,1.5,3.6,0.0,2.1
'Zavalla',27,7,2004, 6800.0,14.7,22.2,1.4,4.2,6.2,2.3
'Zavalla',28,7,2004, 3800.0,9.2,18.7,1.2,4.4,0.0,1.6
'Zavalla',29,7,2004,14000.0,2.9,17.0,0.8,2.8,0.0,1.3
'Zavalla',30,7,2004,14000.0,1.5,15.8,0.8,0.6,0.0,0.9
'Zavalla',31,7,2004,13900.0,1.3,16.1,0.7,1.7,0.0,1.2
'Zavalla',1,8,2004,13900.0,2.3,18.0,1.1,4.7,0.0,1.1
'Zavalla',2,8,2004,12500.0,9.7,21.1,1.3,4.2,0.0,1.9
'Zavalla',3,8,2004,10900.0,12.4,24.9,1.8,2.5,0.0,1.6
'Zavalla',4,8,2004, 3800.0,14.7,20.6,1.8,5.3,0.8,1.3
'Zavalla',5,8,2004, 3900.0,9.1,14.7,1.1,4.7,0.0,1.6
'Zavalla',6,8,2004,10400.0,5.4,11.9,0.8,2.2,0.0,1.2
'Zavalla',7,8,2004,14000.0,0.9,12.5,0.7,1.4,0.0,1.1
'Zavalla',8,8,2004, 4000.0,-2.6,13.0,0.6,2.5,0.0,1.4
'Zavalla',9,8,2004,15100.0,0.2,15.4,0.7,1.7,0.0,1.3
'Zavalla',10,8,2004,13100.0,0.9,20.1,0.9,1.7,0.0,1.3
'Zavalla',11,8,2004,10900.0,6.9,20.8,1.2,2.8,0.0,1.7
'Zavalla',12,8,2004,13100.0,6.5,22.8,1.3,2.5,0.0,1.6
'Zavalla',13,8,2004,12700.0,12.1,28.1,1.7,5.3,0.0,3.0
'Zavalla',14,8,2004,11900.0,18.1,27.4,1.5,3.6,0.0,3.4
'Zavalla',15,8,2004, 4200.0,11.0,21.4,1.5,3.9,6.5,1.6
'Zavalla',16,8,2004, 4200.0,10.0,13.2,1.2,4.2,2.0,1.0
'Zavalla',17,8,2004, 4300.0,9.1,11.6,1.1,5.6,0.0,1.1
'Zavalla',18,8,2004, 4300.0,7.0,9.4,1.1,3.3,0.6,0.7
'Zavalla',19,8,2004, 4400.0,9.3,10.7,1.2,3.3,0.0,0.7
'Zavalla',20,8,2004, 4700.0,6.9,10.7,1.0,5.8,0.0,1.2
'Zavalla',21,8,2004, 4400.0,4.9,9.6,0.8,3.1,0.0,1.1
'Zavalla',22,8,2004,12700.0,-0.3,13.3,0.7,1.1,0.0,1.2
'Zavalla',23,8,2004,16300.0,2.9,18.4,0.8,3.1,0.0,2.2
'Zavalla',24,8,2004,15100.0,6.8,21.8,1.0,1.9,0.0,2.2
'Zavalla',25,8,2004,16800.0,5.4,22.9,0.9,1.1,0.0,2.1
'Zavalla',26,8,2004,17600.0,4.5,22.3,1.0,2.5,0.0,2.4
'Zavalla',27,8,2004,13100.0,9.6,23.8,1.1,1.1,0.0,2.2
'Zavalla',28,8,2004,15500.0,6.4,23.9,1.1,2.2,0.0,2.3
'Zavalla',29,8,2004,16900.0,13.2,29.0,1.4,2.5,0.0,3.3
'Zavalla',30,8,2004,17200.0,11.1,27.1,1.4,3.3,0.0,3.2
'Zavalla',31,8,2004,17100.0,11.7,28.9,1.7,3.1,0.0,3.1
'Zavalla',1,9,2004,16600.0,16.0,29.1,1.9,3.3,0.0,3.5
'Zavalla',2,9,2004,13800.0,13.4,23.6,1.5,5.0,0.0,3.2
'Zavalla',3,9,2004,13700.0,14.4,25.8,1.9,7.5,0.0,3.4
'Zavalla',4,9,2004,19400.0,19.2,34.2,2.0,6.1,0.0,5.9
'Zavalla',5,9,2004,17700.0,12.9,26.0,1.5,4.2,0.0,3.6
'Zavalla',6,9,2004,17400.0,12.8,26.0,1.4,5.8,4.6,4.2
'Zavalla',7,9,2004,17700.0,10.7,20.9,0.7,6.9,0.0,5.2
'Zavalla',8,9,2004,11800.0,7.9,16.0,0.9,2.8,0.0,2.4
'Zavalla',9,9,2004,19400.0,0.3,17.4,0.7,1.9,0.0,2.3
'Zavalla',10,9,2004, 9900.0,4.6,16.9,0.9,3.3,0.0,2.1
'Zavalla',11,9,2004,19900.0,2.9,18.1,0.7,2.8,0.0,2.8
'Zavalla',12,9,2004,19500.0,-0.4,16.3,0.7,1.9,0.0,2.2
'Zavalla',13,9,2004,19700.0,3.5,20.0,0.9,2.2,0.0,2.6
'Zavalla',14,9,2004,19900.0,5.6,23.7,1.1,2.2,0.0,2.9
'Zavalla',15,9,2004,19700.0,6.0,23.7,0.8,2.8,0.0,3.4
'Zavalla',16,9,2004,20700.0,0.2,22.3,0.9,2.8,0.0,2.7
'Zavalla',17,9,2004,13400.0,7.8,25.7,1.0,5.0,0.0,4.1
'Zavalla',18,9,2004,15700.0,12.4,30.8,1.4,4.7,0.0,4.7
'Zavalla',19,9,2004, 6200.0,10.9,23.8,1.0,4.7,0.0,3.6
'Zavalla',20,9,2004,16800.0,1.8,18.5,1.0,0.6,0.0,2.0
'Zavalla',21,9,2004,16600.0,6.2,21.5,1.2,2.70,0.0,-9.9
'Zavalla',22,9,2004,20400.0,2.1,25.5,0.8,2.40,0.0,-9.9
'Zavalla',23,9,2004,19000.0,3.4,28.0,1.0,3.20,0.0,-9.9
'Zavalla',24,9,2004,20500.0,11.7,27.8,1.1,2.40,0.0,-9.9
'Zavalla',25,9,2004,20100.0,8.5,30.3,1.0,2.70,0.0,-9.9
'Zavalla',26,9,2004,20300.0,9.1,32.0,1.2,2.40,0.0,-9.9
'Zavalla',27,9,2004,17900.0,14.4,27.4,1.8,3.20,0.0,-9.9
'Zavalla',28,9,2004,13500.0,13.1,24.1,1.2,3.40,0.0,-9.9
'Zavalla',29,9,2004,16400.0,3.7,19.8,0.8,2.60,0.0,-9.9
'Zavalla',30,9,2004,15900.0,7.7,19.3,1.0,2.90,0.0,-9.9
'Zavalla',1,10,2004,22500.0,9.8,29.7,1.2,2.00,0.0,-9.9
'Zavalla',2,10,2004,18800.0,9.5,25.2,1.2,3.10,0.0,-9.9
'Zavalla',3,10,2004,16500.0,9.9,20.7,1.2,2.70,0.0,-9.9
'Zavalla',4,10,2004,17900.0,8.6,24.5,1.3,3.00,0.0,-9.9
'Zavalla',5,10,2004,14800.0,13.7,24.6,1.3,3.40,0.0,-9.9
'Zavalla',6,10,2004,20600.0,12.2,27.0,1.2,4.60,0.0,-9.9
'Zavalla',7,10,2004,17700.0,13.9,27.1,1.2,3.60,0.6,-9.9
'Zavalla',8,10,2004, 6400.0,13.5,19.5,1.5,3.60,16.0,-9.9
'Zavalla',9,10,2004,18500.0,12.5,22.8,1.6,2.40,0.0,-9.9
'Zavalla',10,10,2004,24300.0,9.8,23.8,1.4,3.10,0.0,-9.9
'Zavalla',11,10,2004,17200.0,7.8,22.8,1.3,4.10,3.6,-9.9
'Zavalla',12,10,2004, 9100.0,13.1,17.8,1.4,4.20,0.0,-9.9
'Zavalla',13,10,2004,19600.0,7.3,19.9,1.1,4.10,0.0,-9.9
'Zavalla',14,10,2004,23300.0,3.4,25.0,1.1,2.70,0.0,-9.9
'Zavalla',15,10,2004,19200.0,14.8,30.9,1.8,2.70,28.5,-9.9
'Zavalla',16,10,2004,17700.0,13.6,24.4,1.5,3.60,0.0,-9.9
'Zavalla',17,10,2004,22500.0,8.6,25.5,1.3,1.80,10.5,-9.9
'Zavalla',18,10,2004,23700.0,11.7,21.6,1.1,3.50,0.0,-9.9
'Zavalla',19,10,2004,24800.0,5.1,23.7,1.0,1.40,0.0,-9.9
'Zavalla',20,10,2004,25000.0,8.3,25.5,1.2,2.90,0.0,-9.9
'Zavalla',21,10,2004,24300.0,12.5,27.5,1.1,3.20,0.0,-9.9
'Zavalla',22,10,2004,14700.0,14.9,28.9,1.9,3.20,11.0,-9.9
'Zavalla',23,10,2004,22200.0,11.4,21.5,1.2,4.20,0.2,-9.9
'Zavalla',24,10,2004,14400.0,3.8,19.1,0.9,2.20,0.0,-9.9
'Zavalla',25,10,2004,18600.0,8.8,24.1,1.1,3.20,0.0,-9.9
'Zavalla',26,10,2004, 9200.0,11.8,22.2,1.2,3.30,0.0,-9.9
'Zavalla',27,10,2004,27200.0,1.8,24.6,1.0,3.40,0.0,-9.9
'Zavalla',28,10,2004,20200.0,12.9,28.9,1.2,3.40,0.0,-9.9
'Zavalla',29,10,2004,21400.0,17.5,30.7,1.6,3.10,7.5,-9.9
'Zavalla',30,10,2004,19000.0,15.9,26.5,1.6,2.10,0.0,-9.9
'Zavalla',31,10,2004,27700.0,10.7,29.9,1.8,3.00,0.0,-9.9
'Zavalla',1,11,2004,26500.0,16.3,32.2,1.5,3.70,0.0,-9.9
'Zavalla',2,11,2004,24400.0,17.1,34.9,2.4,2.90,30.8,-9.9
'Zavalla',3,11,2004, 9600.0,18.9,28.9,2.2,3.60,0.0,-9.9
'Zavalla',4,11,2004, 8200.0,10.2,23.8,1.9,4.50,0.0,-9.9
'Zavalla',5,11,2004,27400.0,8.4,18.6,1.0,3.40,0.0,-9.9
'Zavalla',6,11,2004,28700.0,5.9,22.0,1.0,1.90,0.0,-9.9
'Zavalla',7,11,2004,25800.0,9.6,24.7,1.2,3.20,0.0,-9.9
'Zavalla',8,11,2004,17700.0,15.5,27.8,1.7,2.40,0.0,-9.9
'Zavalla',9,11,2004,10500.0,17.9,27.8,1.8,3.10,0.0,-9.9
'Zavalla',10,11,2004,20900.0,15.8,24.0,1.5,4.60,0.0,-9.9
'Zavalla',11,11,2004,20200.0,13.5,21.8,1.2,3.70,0.0,-9.9
'Zavalla',12,11,2004,23500.0,10.6,22.7,1.1,2.20,0.0,-9.9
'Zavalla',13,11,2004, 8500.0,13.8,23.1,1.4,3.20,0.9,-9.9
'Zavalla',14,11,2004, 7600.0,16.5,21.3,1.9,1.50,18.5,-9.9
'Zavalla',15,11,2004,13500.0,15.4,19.9,1.8,3.10,4.2,-9.9
'Zavalla',16,11,2004,27600.0,12.2,24.8,1.4,3.20,0.0,-9.9
'Zavalla',17,11,2004,30100.0,8.9,24.7,1.1,3.50,0.0,-9.9
'Zavalla',18,11,2004,29200.0,8.7,27.9,1.2,2.50,0.0,-9.9
'Zavalla',19,11,2004,28600.0,10.8,26.2,1.4,2.20,0.0,-9.9
'Zavalla',20,11,2004,29800.0,12.3,27.1,1.5,2.60,0.0,-9.9
'Zavalla',21,11,2004,28300.0,15.9,29.6,1.5,3.20,0.0,-9.9
'Zavalla',22,11,2004,26900.0,15.2,30.0,1.5,3.20,0.0,-9.9
'Zavalla',23,11,2004, 8100.0,18.7,25.9,2.0,2.90,10.6,-9.9
'Zavalla',24,11,2004,11700.0,17.7,24.1,2.4,3.00,2.3,-9.9
'Zavalla',25,11,2004,19600.0,18.8,27.8,2.3,2.70,0.0,-9.9
'Zavalla',26,11,2004, 8600.0,19.4,23.3,2.2,2.40,1.8,-9.9
'Zavalla',27,11,2004,24800.0,16.1,29.0,2.1,2.40,0.0,-9.9
'Zavalla',28,11,2004,29700.0,16.0,30.1,2.1,1.90,0.0,-9.9
'Zavalla',29,11,2004,27800.0,17.1,31.7,2.0,1.90,0.0,-9.9
'Zavalla',30,11,2004,29600.0,17.2,31.8,1.9,2.90,0.0,-9.9
'Zavalla',1,12,2004,30100.0,20.0,31.1,1.9,3.50,0.0,-9.9
'Zavalla',2,12,2004,27200.0,17.9,34.5,2.3,3.70,2.7,-9.9
'Zavalla',3,12,2004, 8000.0,18.2,28.7,2.2,3.90,49.8,-9.9
'Zavalla',4,12,2004,29800.0,12.6,27.7,1.8,1.90,0.0,-9.9
'Zavalla',5,12,2004,15900.0,16.4,28.9,2.3,2.60,0.0,-9.9
'Zavalla',6,12,2004,21800.0,17.8,29.1,2.0,3.10,0.0,-9.9
'Zavalla',7,12,2004,28900.0,18.1,30.1,2.0,2.40,0.0,-9.9
'Zavalla',8,12,2004,20100.0,16.9,27.8,2.2,1.90,0.0,-9.9
'Zavalla',9,12,2004,28300.0,15.9,27.1,2.0,2.20,0.0,-9.9
'Zavalla',10,12,2004,30000.0,17.5,28.1,1.8,2.80,0.0,-9.9
'Zavalla',11,12,2004,30000.0,17.0,27.6,1.9,3.20,0.0,-9.9
'Zavalla',12,12,2004,30600.0,16.4,30.6,2.0,1.90,0.0,-9.9
'Zavalla',13,12,2004,27600.0,18.8,30.6,2.1,2.50,0.0,-9.9
'Zavalla',14,12,2004,25200.0,20.3,30.9,2.3,2.80,0.0,-9.9
'Zavalla',15,12,2004,14800.0,20.0,28.7,2.4,3.20,82.6,-9.9
'Zavalla',16,12,2004,30400.0,16.7,27.7,1.8,2.00,0.0,-9.9
'Zavalla',17,12,2004,25500.0,15.7,27.9,1.6,3.20,5.0,-9.9
'Zavalla',18,12,2004,28000.0,16.9,28.9,2.2,1.80,4.5,-9.9
'Zavalla',19,12,2004,29200.0,17.3,28.5,2.1,3.40,0.0,-9.9
'Zavalla',20,12,2004,26200.0,17.0,25.6,1.7,3.10,0.0,-9.9
'Zavalla',21,12,2004,28700.0,15.8,26.2,1.4,2.70,0.0,-9.9
'Zavalla',22,12,2004,28000.0,15.4,27.0,1.6,3.10,0.0,-9.9
'Zavalla',23,12,2004, 8100.0,16.4,28.0,1.9,3.70,0.8,-9.9
'Zavalla',24,12,2004,30400.0,13.9,23.6,1.6,3.60,15.5,-9.9
'Zavalla',25,12,2004, 8100.0,13.5,21.8,1.5,5.20,0.0,-9.9
'Zavalla',26,12,2004,22200.0,14.8,25.0,1.9,2.90,0.0,-9.9
'Zavalla',27,12,2004,26500.0,14.0,27.2,2.0,1.70,0.0,-9.9
'Zavalla',28,12,2004,14100.0,16.5,28.0,2.2,2.00,2.5,-9.9
'Zavalla',29,12,2004,26700.0,19.0,28.1,2.1,1.70,0.0,-9.9
'Zavalla',30,12,2004,30600.0,17.1,30.3,2.3,2.10,0.0,-9.9
'Zavalla',31,12,2004, 8100.0,17.1,32.3,2.5,2.20,0.0,-9.9
