* Source of data    : Zavalla local weather station 
* File content      : Meteo input file for Swap 3.2 (www.swap.alterra.nl) 
* File generated at :  Mon Oct 03 22:18:27 2016 
station,DD,MM,YYYY,Rad,Tmin,Tmax,Hum,Wind,Rain,ETref 
'Zavalla',1,1,2003,24600.0,16.1,26.1,2.3,1.7,0.0,4.6
'Zavalla',2,1,2003,30600.0,15.7,26.9,2.3,1.9,4.9,5.6
'Zavalla',3,1,2003,20400.0,18.4,27.1,2.6,1.4,5.5,4.1
'Zavalla',4,1,2003,31200.0,17.4,30.4,2.6,1.1,0.0,6.2
'Zavalla',5,1,2003,21300.0,19.5,28.6,2.4,2.2,0.0,4.8
'Zavalla',6,1,2003,31100.0,13.6,29.4,2.3,1.1,0.0,5.7
'Zavalla',7,1,2003,30600.0,16.6,29.0,2.6,2.5,0.0,5.9
'Zavalla',8,1,2003,27400.0,20.0,30.3,2.6,1.4,0.0,5.8
'Zavalla',9,1,2003,26300.0,18.3,31.2,2.8,1.4,0.0,5.5
'Zavalla',10,1,2003,30400.0,21.6,32.0,2.9,1.7,0.0,6.8
'Zavalla',11,1,2003,17500.0,21.0,28.7,2.7,2.5,0.0,4.1
'Zavalla',12,1,2003,27900.0,17.6,29.7,2.7,1.7,0.0,5.6
'Zavalla',13,1,2003,30300.0,19.0,32.0,2.5,2.2,0.0,6.6
'Zavalla',14,1,2003,30200.0,21.7,33.4,2.8,1.1,0.0,6.8
'Zavalla',15,1,2003,21700.0,19.8,32.7,2.8,1.7,0.0,5.0
'Zavalla',16,1,2003,30100.0,19.7,33.3,2.9,0.8,0.0,6.5
'Zavalla',17,1,2003,18000.0,20.1,31.7,2.7,3.1,9.5,4.5
'Zavalla',18,1,2003,27800.0,14.4,25.3,1.7,2.2,0.0,5.3
'Zavalla',19,1,2003,15300.0,17.7,31.0,2.6,2.2,20.5,3.6
'Zavalla',20,1,2003,16700.0,18.2,27.9,2.7,1.7,0.0,3.4
'Zavalla',21,1,2003,19000.0,16.6,29.3,2.7,2.5,0.0,3.8
'Zavalla',22,1,2003,11100.0,18.2,24.3,2.0,2.5,0.0,2.9
'Zavalla',23,1,2003,29600.0,12.9,26.3,1.7,1.9,0.0,5.4
'Zavalla',24,1,2003,30000.0,10.0,28.8,1.9,1.9,0.0,5.2
'Zavalla',25,1,2003,28300.0,16.3,31.2,2.3,1.9,0.0,5.8
'Zavalla',26,1,2003,29200.0,18.8,30.4,2.4,1.4,0.0,6.0
'Zavalla',27,1,2003,29800.0,15.8,33.5,2.5,0.8,0.0,6.0
'Zavalla',28,1,2003,28700.0,18.5,33.2,2.8,1.7,0.0,6.2
'Zavalla',29,1,2003,17700.0,21.2,33.9,3.0,1.9,0.0,4.5
'Zavalla',30,1,2003,30000.0,23.5,36.3,3.0,3.3,0.0,7.8
'Zavalla',31,1,2003,28200.0,25.3,37.1,3.0,2.5,0.0,7.6
'Zavalla',1,2,2003,23300.0,24.3,32.8,2.7,3.9,3.0,6.4
'Zavalla',2,2,2003,21100.0,24.3,37.8,3.0,4.2,3.8,6.7
'Zavalla',3,2,2003, 9300.0,21.5,28.4,2.8,1.4,1.8,2.4
'Zavalla',4,2,2003,13000.0,22.9,27.9,2.7,1.7,0.0,3.3
'Zavalla',5,2,2003,27100.0,18.5,31.6,2.8,0.6,0.0,5.5
'Zavalla',6,2,2003,26500.0,19.8,32.9,3.1,2.8,12.0,5.8
'Zavalla',7,2,2003, 7400.0,17.4,27.5,2.2,2.8,12.2,2.3
'Zavalla',8,2,2003,19500.0,17.7,28.8,2.7,1.1,0.0,3.8
'Zavalla',9,2,2003,22100.0,21.0,32.6,3.2,2.2,7.8,5.0
'Zavalla',10,2,2003,10900.0,18.7,25.7,2.4,2.8,7.0,2.6
'Zavalla',11,2,2003,24600.0,20.2,26.5,2.5,2.8,0.0,5.0
'Zavalla',12,2,2003,26300.0,16.3,28.9,2.3,1.7,0.0,5.0
'Zavalla',13,2,2003,27500.0,16.3,30.1,2.6,1.9,0.0,5.2
'Zavalla',14,2,2003,27400.0,17.4,30.8,2.6,1.9,0.0,5.5
'Zavalla',15,2,2003, 8200.0,14.6,24.5,2.0,3.3,7.8,2.1
'Zavalla',16,2,2003,27300.0,9.7,24.3,1.3,4.2,0.0,5.0
'Zavalla',17,2,2003,26800.0,12.6,27.7,1.8,3.3,0.0,5.1
'Zavalla',18,2,2003,26800.0,14.9,31.7,2.1,3.1,4.0,5.6
'Zavalla',19,2,2003,17300.0,11.1,23.4,1.6,3.6,0.0,3.5
'Zavalla',20,2,2003,26800.0,7.2,22.4,1.1,2.5,0.0,4.3
'Zavalla',21,2,2003,26200.0,8.2,27.1,1.5,1.4,0.0,4.3
'Zavalla',22,2,2003,20800.0,11.4,27.1,1.7,1.4,0.0,3.7
'Zavalla',23,2,2003,13600.0,17.0,25.7,2.0,1.4,0.0,3.0
'Zavalla',24,2,2003,25800.0,14.0,27.7,2.1,1.4,0.0,4.5
'Zavalla',25,2,2003,25900.0,17.0,33.0,2.8,1.9,0.0,5.2
'Zavalla',26,2,2003,25300.0,22.4,33.8,3.1,2.8,0.0,6.0
'Zavalla',27,2,2003,17400.0,20.9,28.7,2.5,3.1,0.0,4.2
'Zavalla',28,2,2003, 7700.0,18.8,25.7,2.6,1.1,5.0,1.7
'Zavalla',1,3,2003,21000.0,20.2,30.4,2.7,1.7,0.0,4.4
'Zavalla',2,3,2003,15900.0,20.4,29.8,2.6,0.8,13.0,3.5
'Zavalla',3,3,2003,23800.0,15.6,31.1,2.4,0.6,0.0,4.4
'Zavalla',4,3,2003,24200.0,15.2,31.3,2.5,1.1,0.0,4.5
'Zavalla',5,3,2003, 6700.0,20.1,28.9,2.8,1.4,0.0,1.7
'Zavalla',6,3,2003,18200.0,21.0,30.6,2.7,1.1,0.0,4.0
'Zavalla',7,3,2003,23000.0,19.0,31.1,2.7,1.4,0.2,4.6
'Zavalla',8,3,2003,14100.0,19.0,31.0,3.0,2.2,0.0,3.0
'Zavalla',9,3,2003, 9800.0,23.2,28.9,3.1,1.4,7.5,2.4
'Zavalla',10,3,2003,16800.0,20.2,29.4,2.7,2.8,5.2,3.7
'Zavalla',11,3,2003, 6200.0,17.9,22.4,2.0,2.8,15.0,1.8
'Zavalla',12,3,2003,14500.0,11.8,22.4,1.5,2.8,0.0,2.9
'Zavalla',13,3,2003,21300.0,8.0,26.0,1.6,0.6,0.0,3.1
'Zavalla',14,3,2003,23000.0,14.9,26.7,2.2,0.8,0.0,3.8
'Zavalla',15,3,2003,19500.0,19.5,28.1,2.2,1.9,0.0,4.1
'Zavalla',16,3,2003,20300.0,15.6,29.5,2.0,1.4,0.0,3.8
'Zavalla',17,3,2003,22000.0,14.4,28.3,2.0,3.1,0.0,4.1
'Zavalla',18,3,2003,21800.0,17.3,31.2,2.4,3.1,0.0,4.5
'Zavalla',19,3,2003,16600.0,19.1,31.5,2.6,3.1,4.0,3.8
'Zavalla',20,3,2003, 5700.0,13.4,23.1,1.5,2.8,0.0,2.2
'Zavalla',21,3,2003,21500.0,7.3,23.4,1.4,1.4,0.0,2.9
'Zavalla',22,3,2003,21700.0,10.7,24.9,1.6,1.9,0.0,3.3
'Zavalla',23,3,2003,20500.0,11.9,26.3,1.9,2.2,0.0,3.3
'Zavalla',24,3,2003,16900.0,14.8,26.9,2.2,3.9,0.0,3.1
'Zavalla',25,3,2003,19300.0,18.4,27.7,2.3,2.5,0.0,3.8
'Zavalla',26,3,2003,18100.0,14.8,27.7,2.2,2.8,0.0,3.2
'Zavalla',27,3,2003,19400.0,16.0,30.3,2.3,2.5,0.0,3.8
'Zavalla',28,3,2003, 9700.0,19.7,32.6,2.8,2.5,85.0,2.7
'Zavalla',29,3,2003, 5400.0,17.5,22.1,2.3,5.8,35.0,1.1
'Zavalla',30,3,2003,13500.0,15.0,21.2,1.6,4.2,0.0,2.8
'Zavalla',31,3,2003, 5200.0,11.1,22.8,1.6,1.7,0.0,1.5
'Zavalla',1,4,2003,15200.0,12.2,22.5,1.7,3.1,0.0,2.4
'Zavalla',2,4,2003, 8800.0,15.7,20.8,1.6,2.8,25.9,2.2
'Zavalla',3,4,2003, 5200.0,13.9,17.4,1.6,2.5,6.4,1.2
'Zavalla',4,4,2003, 9900.0,15.0,21.4,1.7,1.7,0.0,2.0
'Zavalla',5,4,2003,19000.0,13.1,23.5,1.6,1.9,0.0,2.8
'Zavalla',6,4,2003,18900.0,10.3,26.1,1.4,1.4,0.0,2.8
'Zavalla',7,4,2003,16600.0,15.5,26.4,1.8,1.9,0.0,2.9
'Zavalla',8,4,2003,18100.0,15.1,26.5,1.9,2.5,0.0,3.1
'Zavalla',9,4,2003,17200.0,11.2,23.3,1.4,2.5,0.0,2.8
'Zavalla',10,4,2003,18400.0,5.2,22.1,1.0,2.5,0.0,2.6
'Zavalla',11,4,2003,18400.0,6.0,19.0,1.1,2.5,0.0,2.2
'Zavalla',12,4,2003,17800.0,5.8,21.7,1.1,0.8,0.0,2.0
'Zavalla',13,4,2003,16900.0,5.4,22.8,1.4,3.1,0.0,2.1
'Zavalla',14,4,2003,16700.0,10.3,26.9,1.4,2.5,0.0,2.8
'Zavalla',15,4,2003,14400.0,6.3,26.6,1.5,1.1,0.0,1.9
'Zavalla',16,4,2003,16400.0,9.3,27.0,1.8,1.1,0.0,2.2
'Zavalla',17,4,2003, 4600.0,13.5,19.9,1.9,2.8,21.0,0.8
'Zavalla',18,4,2003, 4600.0,14.1,17.5,1.7,5.6,4.2,1.2
'Zavalla',19,4,2003, 4400.0,11.0,20.3,1.4,2.5,0.0,1.5
'Zavalla',20,4,2003,17400.0,8.8,25.0,1.3,3.3,0.0,2.7
'Zavalla',21,4,2003,16400.0,12.9,24.9,1.6,1.9,0.0,2.4
'Zavalla',22,4,2003,11700.0,11.7,25.5,1.8,2.5,1.2,1.9
'Zavalla',23,4,2003, 8100.0,18.4,23.5,2.1,3.3,0.8,1.9
'Zavalla',24,4,2003, 5200.0,16.7,22.2,2.1,1.7,2.0,1.2
'Zavalla',25,4,2003, 4300.0,14.4,18.2,1.8,4.4,0.0,0.8
'Zavalla',26,4,2003, 4200.0,14.9,18.0,1.8,3.6,31.3,0.8
'Zavalla',27,4,2003, 6100.0,14.9,20.1,1.8,1.9,0.3,1.2
'Zavalla',28,4,2003, 8400.0,15.2,20.4,1.8,2.5,1.5,1.4
'Zavalla',29,4,2003, 4100.0,14.9,17.3,1.7,5.0,24.7,1.1
'Zavalla',30,4,2003, 4100.0,11.7,15.6,1.6,2.5,0.0,0.7
'Zavalla',1,5,2003,14900.0,8.2,19.9,1.3,1.4,0.0,1.4
'Zavalla',2,5,2003,14400.0,7.3,20.8,1.1,1.4,0.0,1.5
'Zavalla',3,5,2003,13900.0,6.6,20.9,1.3,1.4,0.0,1.4
'Zavalla',4,5,2003,12400.0,6.1,21.9,1.4,1.7,0.0,1.2
'Zavalla',5,5,2003,14600.0,10.4,17.2,1.3,3.1,0.0,1.6
'Zavalla',6,5,2003,14100.0,4.5,19.5,1.0,0.8,0.0,1.2
'Zavalla',7,5,2003,14400.0,2.0,19.8,1.0,1.1,0.0,1.1
'Zavalla',8,5,2003,14200.0,7.7,20.3,1.3,2.2,0.0,1.4
'Zavalla',9,5,2003,12700.0,8.4,19.9,1.2,3.1,0.0,1.6
'Zavalla',10,5,2003, 7400.0,9.3,21.2,1.5,1.4,0.0,1.1
'Zavalla',11,5,2003,11600.0,13.6,24.2,1.8,1.7,0.0,1.6
'Zavalla',12,5,2003, 4700.0,15.6,23.9,1.8,2.5,7.6,1.5
'Zavalla',13,5,2003, 5600.0,16.2,20.2,1.9,4.2,0.2,1.1
'Zavalla',14,5,2003, 9400.0,16.7,25.3,2.1,2.2,0.0,1.6
'Zavalla',15,5,2003, 3600.0,15.4,19.1,1.9,2.8,9.7,0.8
'Zavalla',16,5,2003, 3600.0,11.6,15.8,1.5,4.2,14.6,0.7
'Zavalla',17,5,2003, 3600.0,10.2,11.7,1.2,3.6,0.3,0.7
'Zavalla',18,5,2003, 5100.0,6.2,13.3,1.1,3.9,3.1,0.8
'Zavalla',19,5,2003, 3500.0,11.6,14.3,1.6,3.9,13.5,0.5
'Zavalla',20,5,2003, 3500.0,14.3,16.9,1.7,2.2,2.6,0.7
'Zavalla',21,5,2003, 3500.0,14.3,18.0,1.9,1.4,2.5,0.6
'Zavalla',22,5,2003, 5800.0,12.1,17.8,1.4,2.8,0.0,1.1
'Zavalla',23,5,2003,12800.0,8.2,17.9,1.0,3.9,0.0,1.7
'Zavalla',24,5,2003,12700.0,4.5,17.2,0.9,3.6,0.0,1.4
'Zavalla',25,5,2003,11900.0,2.8,16.1,0.9,1.9,0.0,0.8
'Zavalla',26,5,2003,11900.0,4.9,17.8,0.9,2.2,0.0,1.2
'Zavalla',27,5,2003,12500.0,3.6,20.0,1.0,1.4,0.0,0.9
'Zavalla',28,5,2003,10400.0,3.6,20.5,1.2,0.8,0.0,0.7
'Zavalla',29,5,2003, 8800.0,9.8,23.1,1.5,1.7,0.0,1.1
'Zavalla',30,5,2003, 5800.0,12.8,21.7,1.6,1.1,0.0,1.0
'Zavalla',31,5,2003,10800.0,10.6,22.2,1.5,1.9,0.0,1.1
'Zavalla',1,6,2003, 6800.0,11.7,23.7,2.0,2.2,0.0,0.8
'Zavalla',2,6,2003, 3600.0,10.7,19.2,1.1,3.9,0.0,2.0
'Zavalla',3,6,2003,11600.0,2.2,13.2,0.8,1.1,0.0,0.6
'Zavalla',4,6,2003,11300.0,1.6,15.4,0.9,3.9,0.0,0.9
'Zavalla',5,6,2003, 9400.0,5.4,16.6,1.2,2.5,0.0,0.6
'Zavalla',6,6,2003, 9200.0,4.8,15.6,0.8,3.3,0.0,1.3
'Zavalla',7,6,2003,10400.0,2.3,13.8,0.7,0.8,0.0,0.7
'Zavalla',8,6,2003, 8600.0,1.5,13.6,0.7,1.1,0.0,0.7
'Zavalla',9,6,2003, 8500.0,2.7,14.7,0.9,1.4,0.0,0.6
'Zavalla',10,6,2003, 3100.0,7.1,15.4,1.4,1.1,0.0,0.4
'Zavalla',11,6,2003,10000.0,8.6,17.4,1.2,0.8,0.0,0.7
'Zavalla',12,6,2003, 4900.0,6.8,15.9,1.3,1.9,0.0,0.5
'Zavalla',13,6,2003, 3000.0,8.9,18.7,1.4,1.1,0.0,0.7
'Zavalla',14,6,2003, 3300.0,5.9,18.4,1.6,3.3,0.3,0.5
'Zavalla',15,6,2003,11300.0,5.4,19.4,0.9,2.5,0.0,1.1
'Zavalla',16,6,2003,11400.0,3.3,19.4,0.9,0.6,0.0,0.6
'Zavalla',17,6,2003, 8500.0,4.9,17.9,1.0,1.9,0.0,0.8
'Zavalla',18,6,2003, 3100.0,8.5,14.9,1.5,0.3,0.0,0.4
'Zavalla',19,6,2003, 3400.0,12.6,18.0,1.6,3.9,0.0,0.7
'Zavalla',20,6,2003, 3200.0,13.7,21.0,2.0,3.3,0.0,0.5
'Zavalla',21,6,2003,10000.0,8.9,17.7,1.2,2.2,0.0,0.9
'Zavalla',22,6,2003, 3100.0,8.7,18.0,1.7,1.7,0.1,0.5
'Zavalla',23,6,2003, 8800.0,12.2,19.5,1.5,2.5,0.0,1.0
'Zavalla',24,6,2003, 6100.0,8.3,19.9,1.4,3.3,0.0,0.8
'Zavalla',25,6,2003, 3300.0,13.4,19.5,1.5,3.9,0.0,1.4
'Zavalla',26,6,2003, 3100.0,11.2,14.0,1.5,2.5,0.9,0.4
'Zavalla',27,6,2003, 3100.0,13.9,16.0,1.6,3.3,0.0,0.6
'Zavalla',28,6,2003, 3100.0,11.7,13.9,1.3,1.7,0.0,0.7
'Zavalla',29,6,2003, 3100.0,11.6,14.6,1.4,2.2,0.0,0.7
'Zavalla',30,6,2003, 7500.0,13.9,21.6,1.8,0.8,0.0,0.9
'Zavalla',1,7,2003, 5600.0,13.2,21.0,1.6,3.1,0.0,1.3
'Zavalla',2,7,2003, 6400.0,7.8,14.3,1.3,2.2,0.0,0.5
'Zavalla',3,7,2003, 3100.0,12.2,15.3,1.5,2.5,10.6,0.6
'Zavalla',4,7,2003, 3500.0,12.1,16.8,1.5,1.7,15.5,0.7
'Zavalla',5,7,2003, 3100.0,10.4,13.8,1.3,0.8,0.0,0.6
'Zavalla',6,7,2003, 8600.0,7.9,17.1,1.1,1.4,0.0,0.8
'Zavalla',7,7,2003, 8500.0,7.0,18.0,1.2,3.6,0.0,1.1
'Zavalla',8,7,2003, 8300.0,6.3,15.9,1.0,5.3,0.0,1.4
'Zavalla',9,7,2003,11800.0,-0.6,12.9,0.7,3.9,0.0,1.0
'Zavalla',10,7,2003,12400.0,0.1,12.5,0.6,3.1,0.0,1.1
'Zavalla',11,7,2003,11500.0,-2.7,11.6,0.6,0.8,0.0,0.5
'Zavalla',12,7,2003,11400.0,-1.4,12.5,0.7,1.4,0.0,0.6
'Zavalla',13,7,2003, 9400.0,1.6,14.1,0.8,3.6,0.0,1.0
'Zavalla',14,7,2003, 4400.0,4.6,13.5,1.1,2.8,0.0,0.6
'Zavalla',15,7,2003,12600.0,1.9,14.7,0.6,3.9,0.0,1.5
'Zavalla',16,7,2003,12500.0,0.7,15.7,0.7,1.4,0.0,0.9
'Zavalla',17,7,2003,10100.0,-0.2,16.8,0.8,2.2,0.0,0.9
'Zavalla',18,7,2003, 4300.0,5.2,15.8,1.0,1.1,0.0,0.8
'Zavalla',19,7,2003,10600.0,2.6,22.6,1.2,0.8,0.0,0.8
'Zavalla',20,7,2003, 3900.0,8.7,17.4,0.9,3.3,0.0,2.0
'Zavalla',21,7,2003,12600.0,0.3,13.6,0.6,1.1,0.0,0.8
'Zavalla',22,7,2003, 3400.0,-0.5,10.0,0.8,1.4,0.0,0.6
'Zavalla',23,7,2003,12900.0,-0.6,13.1,0.7,1.7,0.0,0.8
'Zavalla',24,7,2003,13000.0,-3.7,15.5,0.6,1.4,0.0,0.8
'Zavalla',25,7,2003,13100.0,0.5,17.4,0.7,1.4,0.0,1.0
'Zavalla',26,7,2003, 4800.0,0.5,12.9,0.9,3.3,34.5,0.6
'Zavalla',27,7,2003, 3500.0,8.6,12.9,1.4,1.4,5.6,0.5
'Zavalla',28,7,2003, 3600.0,10.7,13.2,1.3,2.8,2.0,0.8
'Zavalla',29,7,2003,13600.0,5.5,16.4,1.1,2.2,0.0,1.0
'Zavalla',30,7,2003,13700.0,2.8,20.4,1.1,1.1,0.0,1.0
'Zavalla',31,7,2003,13900.0,6.7,20.9,1.3,3.3,0.0,1.5
'Zavalla',1,8,2003,14000.0,9.8,23.7,1.6,4.2,0.0,1.8
'Zavalla',2,8,2003, 4400.0,9.8,17.4,1.2,2.8,25.1,1.4
'Zavalla',3,8,2003, 3700.0,10.4,15.4,1.5,3.1,3.5,0.6
'Zavalla',4,8,2003, 3800.0,12.4,14.4,1.5,3.9,0.0,0.7
'Zavalla',5,8,2003,13300.0,6.8,13.3,0.9,8.3,2.2,2.1
'Zavalla',6,8,2003, 6200.0,6.3,10.9,1.0,5.0,0.0,1.1
'Zavalla',7,8,2003,13800.0,3.6,19.0,0.9,3.1,0.0,1.7
'Zavalla',8,8,2003,13900.0,5.6,14.9,1.0,3.9,0.0,1.4
'Zavalla',9,8,2003,14800.0,0.4,15.9,0.7,1.9,0.0,1.3
'Zavalla',10,8,2003,14500.0,2.6,15.3,0.8,1.7,0.0,1.3
'Zavalla',11,8,2003,12900.0,3.9,17.1,0.9,2.8,0.0,1.7
'Zavalla',12,8,2003,14700.0,5.7,20.7,1.1,1.4,0.0,1.5
'Zavalla',13,8,2003,11000.0,8.5,21.7,1.3,2.5,0.0,1.7
'Zavalla',14,8,2003,15500.0,10.2,13.6,1.2,1.7,0.0,1.3
'Zavalla',15,8,2003,14100.0,2.9,16.1,0.9,1.1,0.0,1.2
'Zavalla',16,8,2003,15600.0,1.2,18.3,0.9,1.9,0.0,1.4
'Zavalla',17,8,2003,14800.0,6.4,19.7,1.0,5.6,0.0,2.7
'Zavalla',18,8,2003,16700.0,11.5,22.5,1.2,5.6,0.0,3.4
'Zavalla',19,8,2003, 5200.0,13.6,23.0,1.3,1.1,0.0,1.7
'Zavalla',20,8,2003,13000.0,10.7,24.1,1.5,1.9,0.0,2.0
'Zavalla',21,8,2003,13800.0,10.4,20.5,1.0,6.1,0.0,3.4
'Zavalla',22,8,2003, 7200.0,7.9,14.1,0.6,3.9,0.0,2.6
'Zavalla',23,8,2003, 4400.0,5.4,10.6,0.8,2.5,0.0,1.2
'Zavalla',24,8,2003,16800.0,-2.0,15.8,0.6,2.5,0.0,1.7
'Zavalla',25,8,2003,16900.0,3.7,12.0,0.7,1.9,0.0,1.7
'Zavalla',26,8,2003, 9100.0,-0.4,15.0,0.8,4.2,0.0,1.4
'Zavalla',27,8,2003,17100.0,0.6,12.6,0.7,3.9,0.0,1.9
'Zavalla',28,8,2003,17500.0,2.7,14.4,0.8,2.2,0.0,1.8
'Zavalla',29,8,2003,17300.0,-0.2,14.5,0.8,2.2,0.0,1.5
'Zavalla',30,8,2003,15100.0,0.7,17.6,0.9,3.1,0.0,1.8
'Zavalla',31,8,2003,13800.0,3.7,19.4,1.0,2.5,0.0,1.9
'Zavalla',1,9,2003,18200.0,4.6,21.1,1.1,1.1,0.0,2.0
'Zavalla',2,9,2003,18000.0,5.7,23.1,1.1,2.8,0.0,2.6
'Zavalla',3,9,2003,13400.0,7.0,25.9,1.5,3.3,0.0,2.2
'Zavalla',4,9,2003, 4900.0,17.4,21.1,2.0,6.4,11.6,1.8
'Zavalla',5,9,2003,16700.0,15.7,29.6,2.2,4.7,0.0,3.6
'Zavalla',6,9,2003,14000.0,14.9,26.4,1.6,7.5,13.5,4.5
'Zavalla',7,9,2003,13200.0,11.1,18.2,1.1,5.6,0.0,3.2
'Zavalla',8,9,2003,14100.0,6.5,16.1,0.8,3.3,0.0,2.6
'Zavalla',9,9,2003,18200.0,-0.7,17.1,0.7,2.2,0.0,2.1
'Zavalla',10,9,2003,19400.0,0.3,19.6,0.8,2.8,0.0,2.4
'Zavalla',11,9,2003,19800.0,6.8,21.3,1.1,4.2,0.0,3.1
'Zavalla',12,9,2003,19600.0,8.0,24.8,1.2,3.9,0.0,3.5
'Zavalla',13,9,2003,18600.0,7.4,14.8,0.8,2.5,0.0,2.6
'Zavalla',14,9,2003,14200.0,3.4,16.6,0.9,3.9,0.0,2.2
'Zavalla',15,9,2003,18400.0,6.5,18.6,1.0,3.1,0.0,2.7
'Zavalla',16,9,2003,20100.0,2.4,16.7,0.9,3.6,0.0,2.5
'Zavalla',17,9,2003,20400.0,6.0,20.2,1.0,4.7,0.0,3.4
'Zavalla',18,9,2003,16700.0,9.6,25.4,1.2,4.2,0.0,3.8
'Zavalla',19,9,2003,14300.0,9.5,19.9,1.0,3.9,0.0,3.2
'Zavalla',20,9,2003,18500.0,1.9,19.5,0.9,2.2,0.0,2.4
'Zavalla',21,9,2003, 8900.0,8.7,21.7,1.4,1.7,0.0,1.8
'Zavalla',22,9,2003,18800.0,9.7,28.8,1.9,3.6,0.0,3.3
'Zavalla',23,9,2003,19400.0,17.0,25.3,1.5,4.7,0.0,4.7
'Zavalla',24,9,2003,22100.0,6.0,23.2,1.4,3.1,0.0,3.1
'Zavalla',25,9,2003,14700.0,9.0,22.2,1.1,2.8,0.0,3.0
'Zavalla',26,9,2003,21800.0,7.7,24.1,1.2,2.5,0.0,3.4
'Zavalla',27,9,2003,10400.0,9.8,22.7,1.4,3.9,0.5,2.6
'Zavalla',28,9,2003,22300.0,2.5,18.1,0.7,1.9,0.0,2.9
'Zavalla',29,9,2003,21900.0,5.4,20.5,0.8,2.8,0.0,3.6
'Zavalla',30,9,2003,20800.0,6.2,25.1,1.2,3.1,0.0,3.6
'Zavalla',1,10,2003,10200.0,12.8,25.8,1.7,2.2,0.0,2.5
'Zavalla',2,10,2003,22200.0,8.0,23.8,1.1,3.6,0.0,4.0
'Zavalla',3,10,2003,12000.0,10.6,20.9,1.8,2.2,19.8,1.8
'Zavalla',4,10,2003, 6200.0,16.8,20.5,2.0,1.1,0.0,1.4
'Zavalla',5,10,2003,21100.0,14.3,27.0,1.9,0.6,0.0,3.6
'Zavalla',6,10,2003,22600.0,13.6,27.6,1.9,5.0,0.0,4.6
'Zavalla',7,10,2003,18100.0,16.6,27.3,2.1,5.6,0.7,4.1
'Zavalla',8,10,2003,15300.0,15.3,25.8,1.5,3.3,0.0,4.0
'Zavalla',9,10,2003,22300.0,7.0,24.6,1.0,5.6,0.0,4.9
'Zavalla',10,10,2003,18500.0,7.7,16.6,0.8,1.4,0.0,3.0
'Zavalla',11,10,2003,24700.0,2.1,19.2,0.9,2.2,0.0,3.3
'Zavalla',12,10,2003,23700.0,6.0,22.1,1.1,3.1,0.0,3.8
'Zavalla',13,10,2003,24800.0,6.9,23.7,1.2,2.8,0.0,4.0
'Zavalla',14,10,2003,24600.0,10.7,28.7,1.1,4.2,0.0,5.5
'Zavalla',15,10,2003,23300.0,16.0,32.8,1.5,4.4,0.0,6.4
'Zavalla',16,10,2003, 6700.0,16.1,34.6,1.7,3.6,0.0,3.9
'Zavalla',17,10,2003,24000.0,16.7,33.6,2.0,4.2,0.0,6.0
'Zavalla',18,10,2003,22700.0,18.7,29.5,1.5,3.6,0.0,5.9
'Zavalla',19,10,2003, 7800.0,9.5,26.3,1.2,2.5,0.0,2.9
'Zavalla',20,10,2003,20000.0,12.1,26.5,1.5,1.9,0.1,4.0
'Zavalla',21,10,2003,12100.0,7.6,26.4,1.0,2.2,0.0,3.3
'Zavalla',22,10,2003,25700.0,7.4,30.7,1.0,2.2,0.0,5.0
'Zavalla',23,10,2003,26500.0,11.3,31.3,1.4,5.6,0.0,6.6
'Zavalla',24,10,2003,24000.0,18.2,31.9,2.0,3.1,0.0,5.7
'Zavalla',25,10,2003, 7000.0,17.6,25.7,2.0,4.2,27.0,2.8
'Zavalla',26,10,2003,17600.0,14.8,21.8,1.0,3.3,0.0,4.6
'Zavalla',27,10,2003,24800.0,7.1,23.7,1.3,2.5,0.0,4.0
'Zavalla',28,10,2003, 7100.0,11.1,28.4,1.3,3.1,0.0,3.3
'Zavalla',29,10,2003,25900.0,14.9,31.1,1.4,2.5,0.0,5.7
'Zavalla',30,10,2003,23400.0,13.9,34.8,1.8,5.3,21.2,6.4
'Zavalla',31,10,2003,21300.0,10.6,19.7,1.0,3.3,0.0,4.3
'Zavalla',1,11,2003,28300.0,6.8,22.0,0.9,2.5,0.0,4.6
'Zavalla',2,11,2003,26400.0,5.8,21.5,1.0,1.7,0.0,4.1
'Zavalla',3,11,2003,20300.0,6.1,24.5,1.1,1.7,0.0,3.7
'Zavalla',4,11,2003,28400.0,10.9,25.9,1.3,1.9,0.0,5.0
'Zavalla',5,11,2003,26500.0,10.5,27.6,1.4,1.4,0.0,4.7
'Zavalla',6,11,2003,23400.0,13.1,30.3,1.5,2.5,0.0,5.2
'Zavalla',7,11,2003,24900.0,16.1,31.9,2.0,4.4,0.0,6.1
'Zavalla',8,11,2003,13600.0,18.9,30.2,2.1,5.6,6.8,4.7
'Zavalla',9,11,2003,24200.0,15.7,28.7,2.2,1.9,0.0,4.8
'Zavalla',10,11,2003,26100.0,17.5,32.9,2.1,3.9,0.0,6.4
'Zavalla',11,11,2003,20000.0,16.7,34.5,2.3,7.5,27.0,6.5
'Zavalla',12,11,2003,18900.0,14.0,21.9,1.7,4.7,1.5,3.9
'Zavalla',13,11,2003,29100.0,9.1,21.4,1.2,3.1,0.0,4.8
'Zavalla',14,11,2003,29000.0,11.9,27.5,1.4,4.2,0.0,6.1
'Zavalla',15,11,2003,26800.0,15.9,30.2,1.9,4.2,5.0,6.2
'Zavalla',16,11,2003,11600.0,15.8,21.3,1.9,2.8,5.0,2.5
'Zavalla',17,11,2003,10000.0,16.2,22.2,2.1,4.7,4.7,2.3
'Zavalla',18,11,2003,19500.0,14.0,21.9,1.4,6.4,0.0,4.9
'Zavalla',19,11,2003,29200.0,12.4,29.1,1.4,5.6,0.0,6.9
'Zavalla',20,11,2003,29300.0,9.9,24.8,1.2,4.2,0.0,5.8
'Zavalla',21,11,2003,29400.0,12.5,32.5,1.7,5.6,0.0,7.1
'Zavalla',22,11,2003,26300.0,20.7,37.3,2.1,3.3,0.0,7.4
'Zavalla',23,11,2003,13100.0,21.5,30.5,2.5,4.2,0.1,4.3
'Zavalla',24,11,2003,10500.0,17.2,23.2,1.8,2.2,0.0,2.8
'Zavalla',25,11,2003,28900.0,14.4,28.4,2.0,2.8,0.0,5.6
'Zavalla',26,11,2003,15500.0,19.8,33.0,2.1,2.5,0.0,4.6
'Zavalla',27,11,2003,21400.0,15.2,30.8,1.7,2.5,2.0,5.2
'Zavalla',28,11,2003,16300.0,15.0,25.5,1.8,3.1,0.0,3.8
'Zavalla',29,11,2003,29900.0,13.5,31.1,2.2,4.4,0.1,6.1
'Zavalla',30,11,2003,26600.0,17.9,28.4,2.1,2.8,0.0,5.7
'Zavalla',1,12,2003,29300.0,14.8,31.7,1.8,4.2,8.2,6.8
'Zavalla',2,12,2003,24700.0,17.9,28.4,2.1,2.2,0.0,5.3
'Zavalla',3,12,2003,24000.0,18.4,30.3,1.9,5.6,24.3,6.6
'Zavalla',4,12,2003,11600.0,12.1,23.5,1.5,3.1,7.5,3.1
'Zavalla',5,12,2003,29000.0,12.3,23.0,1.1,3.6,0.0,5.9
'Zavalla',6,12,2003,30300.0,13.3,30.6,1.6,2.5,0.0,6.2
'Zavalla',7,12,2003,17800.0,18.6,25.9,1.8,2.8,16.0,4.5
'Zavalla',8,12,2003,15900.0,15.0,24.3,1.6,2.8,3.5,3.9
'Zavalla',9,12,2003,29900.0,8.3,26.7,1.4,3.6,0.0,5.6
'Zavalla',10,12,2003,26500.0,15.6,30.8,2.0,3.9,10.2,6.1
'Zavalla',11,12,2003,26800.0,12.0,24.8,1.2,3.1,0.0,5.5
'Zavalla',12,12,2003,23100.0,9.0,25.8,1.2,1.7,0.0,4.4
'Zavalla',13,12,2003,27000.0,13.4,29.7,2.1,2.2,0.0,5.3
'Zavalla',14,12,2003,19900.0,15.9,28.0,2.3,2.2,0.8,4.1
'Zavalla',15,12,2003, 8100.0,15.8,26.2,1.7,4.2,0.0,3.2
'Zavalla',16,12,2003,30800.0,8.5,23.4,1.2,1.7,0.0,5.1
'Zavalla',17,12,2003,29800.0,11.7,28.7,1.3,3.6,0.0,6.5
'Zavalla',18,12,2003,30300.0,15.7,30.1,1.6,3.3,0.0,6.8
'Zavalla',19,12,2003,30400.0,14.8,33.4,2.2,3.6,0.0,6.8
'Zavalla',20,12,2003,27400.0,21.4,33.3,2.8,3.3,0.0,6.7
'Zavalla',21,12,2003,24200.0,19.7,33.6,2.6,4.2,14.0,6.3
'Zavalla',22,12,2003,27400.0,13.6,24.7,1.1,3.6,0.0,6.1
'Zavalla',23,12,2003,31400.0,8.7,27.1,1.6,2.8,0.0,5.5
'Zavalla',24,12,2003, 8800.0,17.1,24.6,2.0,2.5,0.0,2.5
'Zavalla',25,12,2003,29400.0,13.3,32.8,2.5,4.4,0.0,6.0
'Zavalla',26,12,2003,14000.0,19.8,27.6,2.4,5.8,52.0,4.2
'Zavalla',27,12,2003,10100.0,16.7,24.9,2.5,5.0,0.2,2.0
'Zavalla',28,12,2003,31100.0,10.9,23.7,1.4,2.8,0.0,5.5
'Zavalla',29,12,2003,29800.0,10.7,25.4,1.5,2.5,0.0,5.4
'Zavalla',30,12,2003,30600.0,15.4,30.2,2.4,4.2,0.0,6.2
'Zavalla',31,12,2003,29800.0,11.9,25.1,1.2,3.1,0.0,5.9
