* Source of data    : Zavalla local weather station 
* File content      : Meteo input file for Swap 3.2 (www.swap.alterra.nl) 
* File generated at :  Mon Oct 03 22:18:27 2016 
station,DD,MM,YYYY,Rad,Tmin,Tmax,Hum,Wind,Rain,ETref 
'Zavalla',1,1,1997,27580.0,19.1,27.0,2.2,1.9,0.0,-9.9
'Zavalla',2,1,1997,32400.0,16.1,29.3,2.2,1.7,0.0,-9.9
'Zavalla',3,1,1997,20810.0,18.1,35.1,2.4,1.7,0.0,-9.9
'Zavalla',4,1,1997,32360.0,20.5,32.4,2.1,1.7,0.0,-9.9
'Zavalla',5,1,1997,31000.0,17.3,34.0,2.5,1.7,0.0,-9.9
'Zavalla',6,1,1997,18650.0,20.8,33.8,2.8,2.2,0.0,-9.9
'Zavalla',7,1,1997,6620.0,22.3,29.8,2.7,2.5,13.5,-9.9
'Zavalla',8,1,1997,25520.0,21.0,28.2,2.3,1.9,0.0,-9.9
'Zavalla',9,1,1997,33050.0,15.3,30.9,2.2,2.2,0.0,-9.9
'Zavalla',10,1,1997,26280.0,19.4,32.0,2.5,2.5,0.0,-9.9
'Zavalla',11,1,1997,12850.0,21.8,30.4,2.8,1.1,0.3,-9.9
'Zavalla',12,1,1997,29920.0,20.5,35.2,2.5,2.8,20.0,-9.9
'Zavalla',13,1,1997,26060.0,19.3,29.1,2.5,0.8,0.0,-9.9
'Zavalla',14,1,1997,27220.0,19.2,31.2,2.7,1.7,0.0,-9.9
'Zavalla',15,1,1997,31390.0,21.6,32.5,3.0,2.5,0.0,-9.9
'Zavalla',16,1,1997,29410.0,22.1,34.2,2.5,2.5,0.0,-9.9
'Zavalla',17,1,1997,9720.0,23.0,32.4,2.7,1.9,0.0,-9.9
'Zavalla',18,1,1997,32290.0,19.2,32.0,2.1,2.2,0.0,-9.9
'Zavalla',19,1,1997,33590.0,16.8,31.0,2.4,1.4,0.0,-9.9
'Zavalla',20,1,1997,24050.0,17.5,31.3,2.0,0.8,0.0,-9.9
'Zavalla',21,1,1997,29560.0,16.2,33.5,2.1,1.1,0.0,-9.9
'Zavalla',22,1,1997,28510.0,19.1,33.7,2.1,1.4,0.0,-9.9
'Zavalla',23,1,1997,26710.0,20.2,32.8,2.1,1.9,0.0,-9.9
'Zavalla',24,1,1997,31570.0,17.3,32.5,1.9,2.5,0.0,-9.9
'Zavalla',25,1,1997,27290.0,17.1,33.0,2.7,2.5,0.0,-9.9
'Zavalla',26,1,1997,19510.0,22.2,34.1,2.8,1.9,10.5,-9.9
'Zavalla',27,1,1997,29300.0,21.2,33.9,3.0,1.7,0.0,-9.9
'Zavalla',28,1,1997,18110.0,23.0,35.4,2.8,2.5,32.0,-9.9
'Zavalla',29,1,1997,28940.0,20.8,28.8,2.1,1.4,0.0,-9.9
'Zavalla',30,1,1997,32330.0,16.5,30.3,1.9,1.4,0.0,-9.9
'Zavalla',31,1,1997,31820.0,20.0,33.7,2.0,1.7,0.0,-9.9
'Zavalla',1,2,1997,28100.0,19.7,33.8,2.1,3.6,8.2,7.0
'Zavalla',2,2,1997,28200.0,14.5,26.3,1.3,1.4,0.0,5.2
'Zavalla',3,2,1997,27800.0,11.9,30.7,1.7,1.9,0.0,5.3
'Zavalla',4,2,1997,11500.0,16.6,26.9,2.1,3.9,0.1,3.1
'Zavalla',5,2,1997,21400.0,13.0,25.7,1.1,4.4,0.0,5.6
'Zavalla',6,2,1997,10600.0,13.8,24.8,1.4,3.1,0.0,3.4
'Zavalla',7,2,1997,24200.0,14.1,27.5,2.0,3.1,1.5,4.7
'Zavalla',8,2,1997,11900.0,21.7,28.1,2.5,1.4,0.2,3.0
'Zavalla',9,2,1997,13700.0,21.2,33.2,2.6,3.9,14.0,4.4
'Zavalla',10,2,1997,22600.0,16.0,29.4,1.4,2.2,0.0,5.1
'Zavalla',11,2,1997,26100.0,10.1,23.7,1.3,2.8,0.0,4.6
'Zavalla',12,2,1997,15200.0,13.4,23.6,1.9,1.7,0.0,2.8
'Zavalla',13,2,1997,26800.0,12.9,29.5,1.9,1.4,0.0,4.9
'Zavalla',14,2,1997,27400.0,19.1,31.0,2.3,1.4,0.0,5.6
'Zavalla',15,2,1997,25600.0,17.5,31.1,2.3,1.9,6.3,5.3
'Zavalla',16,2,1997,17100.0,20.1,26.5,2.4,1.4,7.0,3.6
'Zavalla',17,2,1997,27600.0,16.8,29.1,2.5,1.7,0.0,5.1
'Zavalla',18,2,1997,16700.0,18.4,28.4,2.6,2.8,0.0,3.5
'Zavalla',19,2,1997,25000.0,13.7,23.2,1.2,4.2,0.0,5.3
'Zavalla',20,2,1997,28100.0,7.4,22.1,1.2,1.4,0.0,4.0
'Zavalla',21,2,1997,24000.0,9.2,25.9,1.7,1.9,0.0,3.8
'Zavalla',22,2,1997,24700.0,15.9,31.6,2.0,1.4,0.0,4.9
'Zavalla',23,2,1997,24300.0,15.1,31.1,2.2,1.7,0.0,4.7
'Zavalla',24,2,1997,15200.0,16.6,28.7,2.5,1.4,0.0,3.0
'Zavalla',25,2,1997,22400.0,18.8,33.3,2.9,2.8,10.2,4.9
'Zavalla',26,2,1997, 9100.0,22.9,29.2,2.7,2.8,0.0,2.8
'Zavalla',27,2,1997,20700.0,20.8,27.7,2.4,2.2,0.0,4.4
'Zavalla',28,2,1997,24000.0,15.9,27.0,2.0,1.9,0.0,4.4
'Zavalla',1,3,1997,23900.0,15.9,29.5,2.1,1.7,0.0,4.5
'Zavalla',2,3,1997,22400.0,16.2,27.8,2.0,1.7,0.0,4.2
'Zavalla',3,3,1997,21200.0,14.9,27.8,1.9,1.7,0.0,4.0
'Zavalla',4,3,1997,22700.0,15.5,27.3,1.8,1.7,0.0,4.2
'Zavalla',5,3,1997,15700.0,13.6,28.5,1.8,1.1,0.0,3.2
'Zavalla',6,3,1997,22200.0,13.5,30.6,1.8,1.9,0.0,4.3
'Zavalla',7,3,1997,21300.0,18.9,35.0,2.2,3.1,0.0,5.4
'Zavalla',8,3,1997,17200.0,21.8,33.7,2.1,3.6,0.0,5.3
'Zavalla',9,3,1997,17400.0,20.2,32.1,2.4,1.7,0.0,4.1
'Zavalla',10,3,1997,20800.0,21.3,34.0,2.5,1.7,1.8,4.8
'Zavalla',11,3,1997,21000.0,21.2,32.4,2.4,2.2,0.0,4.9
'Zavalla',12,3,1997,17100.0,18.7,28.9,1.7,1.9,0.0,4.0
'Zavalla',13,3,1997,20400.0,15.9,28.5,1.9,1.7,0.0,3.9
'Zavalla',14,3,1997,18000.0,15.1,28.7,1.8,1.9,0.0,3.6
'Zavalla',15,3,1997,20500.0,19.4,30.3,2.0,1.9,0.0,4.4
'Zavalla',16,3,1997, 6400.0,20.0,30.7,1.8,2.5,0.1,3.2
'Zavalla',17,3,1997,20200.0,18.0,24.8,1.9,1.7,0.0,3.7
'Zavalla',18,3,1997,15800.0,18.0,29.4,1.9,4.4,0.0,4.4
'Zavalla',19,3,1997,15900.0,21.0,30.5,2.2,1.1,0.0,3.6
'Zavalla',20,3,1997,16400.0,18.9,33.4,2.1,3.3,17.0,4.5
'Zavalla',21,3,1997, 5800.0,19.0,21.7,2.3,1.1,2.0,1.2
'Zavalla',22,3,1997, 9500.0,16.6,24.9,2.1,2.2,1.0,2.0
'Zavalla',23,3,1997,17300.0,13.6,24.4,1.2,2.5,0.0,3.6
'Zavalla',24,3,1997,19200.0,10.0,23.6,1.4,1.7,0.0,2.9
'Zavalla',25,3,1997,18800.0,11.5,28.6,1.6,1.4,0.0,3.2
'Zavalla',26,3,1997,19400.0,12.9,30.5,1.6,1.1,0.0,3.4
'Zavalla',27,3,1997,17700.0,12.9,31.8,1.7,1.1,0.0,3.3
'Zavalla',28,3,1997,20600.0,13.1,32.1,1.9,1.7,0.0,3.7
'Zavalla',29,3,1997,19700.0,17.8,32.2,1.6,1.4,0.0,3.9
'Zavalla',30,3,1997,19200.0,11.8,31.3,1.5,1.4,0.0,3.4
'Zavalla',31,3,1997,19100.0,12.5,29.7,1.7,1.1,0.0,3.2
'Zavalla',1,4,1997,18300.0,13.8,31.5,1.8,1.9,0.0,3.5
'Zavalla',2,4,1997,18700.0,18.8,31.7,1.7,2.2,0.0,4.1
'Zavalla',3,4,1997, 6800.0,9.6,20.3,1.0,2.2,0.0,2.1
'Zavalla',4,4,1997,18600.0,4.3,19.7,0.7,2.2,0.0,2.6
'Zavalla',5,4,1997,18700.0,1.7,24.1,0.9,2.2,0.0,2.6
'Zavalla',6,4,1997,18100.0,11.7,25.8,1.1,1.1,0.0,2.8
'Zavalla',7,4,1997,18500.0,6.8,27.1,1.1,2.2,0.0,2.9
'Zavalla',8,4,1997,17400.0,13.1,27.9,1.3,1.9,7.9,3.2
'Zavalla',9,4,1997, 4900.0,17.4,21.0,2.1,1.4,19.1,1.1
'Zavalla',10,4,1997,11400.0,15.9,26.7,2.2,1.9,0.0,2.1
'Zavalla',11,4,1997, 9400.0,15.7,22.0,1.8,0.8,0.0,1.7
'Zavalla',12,4,1997,14600.0,10.9,29.1,2.1,2.2,0.0,2.2
'Zavalla',13,4,1997,16900.0,18.0,33.1,2.3,1.9,0.0,3.5
'Zavalla',14,4,1997,15800.0,20.1,33.9,2.1,2.2,0.0,3.8
'Zavalla',15,4,1997,11900.0,20.7,32.0,2.0,1.7,0.0,3.1
'Zavalla',16,4,1997,15800.0,18.5,31.7,2.3,1.7,0.0,3.1
'Zavalla',17,4,1997,14100.0,16.3,26.6,2.1,1.7,0.0,2.3
'Zavalla',18,4,1997,13300.0,17.1,28.2,2.2,2.5,46.5,2.5
'Zavalla',19,4,1997,12300.0,13.5,22.9,1.3,2.8,0.0,2.5
'Zavalla',20,4,1997,14700.0,9.3,20.0,1.3,1.7,0.0,1.8
'Zavalla',21,4,1997,11300.0,11.2,21.2,1.4,1.4,0.0,1.6
'Zavalla',22,4,1997,11800.0,11.0,24.6,1.7,1.9,0.0,1.8
'Zavalla',23,4,1997,14600.0,15.8,27.0,1.9,3.3,0.0,2.7
'Zavalla',24,4,1997,12100.0,15.3,24.7,1.5,4.4,0.0,3.1
'Zavalla',25,4,1997,16200.0,9.0,18.9,1.0,2.5,0.0,2.1
'Zavalla',26,4,1997,16100.0,3.6,24.5,1.1,1.9,0.0,1.8
'Zavalla',27,4,1997,14100.0,14.0,24.0,1.1,2.8,0.0,2.7
'Zavalla',28,4,1997,13300.0,5.5,22.4,1.2,1.7,0.0,1.6
'Zavalla',29,4,1997,15300.0,9.5,24.5,1.4,3.3,0.0,2.3
'Zavalla',30,4,1997,12000.0,14.5,24.6,1.7,1.7,0.0,1.9
'Zavalla',1,5,1997,10500.0,15.3,32.0,1.7,3.6,0.0,3.2
'Zavalla',2,5,1997, 7300.0,13.1,20.8,0.9,1.4,0.0,2.0
'Zavalla',3,5,1997,14300.0,6.9,19.2,1.0,1.7,0.0,1.5
'Zavalla',4,5,1997,14300.0,6.3,21.7,1.1,2.2,0.0,1.6
'Zavalla',5,5,1997,14500.0,13.4,27.9,1.5,2.8,0.0,2.6
'Zavalla',6,5,1997,13600.0,15.9,30.8,1.9,1.7,0.0,2.4
'Zavalla',7,5,1997,13400.0,16.3,31.1,2.0,1.7,0.0,2.4
'Zavalla',8,5,1997,13500.0,16.4,29.9,1.9,1.1,0.0,2.1
'Zavalla',9,5,1997,14100.0,13.2,28.1,1.6,1.7,0.0,2.0
'Zavalla',10,5,1997,13900.0,10.9,27.1,1.6,1.7,0.0,1.8
'Zavalla',11,5,1997,11500.0,12.5,29.1,1.8,1.4,0.0,1.8
'Zavalla',12,5,1997,12300.0,13.4,28.6,1.7,0.8,0.0,1.7
'Zavalla',13,5,1997,12000.0,12.1,27.3,1.6,1.4,0.0,1.7
'Zavalla',14,5,1997,12000.0,11.8,24.2,1.6,1.4,0.0,1.4
'Zavalla',15,5,1997,11900.0,8.1,22.4,1.4,1.4,0.0,1.2
'Zavalla',16,5,1997, 4200.0,12.1,24.4,1.8,4.2,0.0,1.3
'Zavalla',17,5,1997,11200.0,16.8,26.0,1.9,2.8,0.8,2.0
'Zavalla',18,5,1997, 5200.0,19.2,26.5,2.3,2.8,1.5,1.5
'Zavalla',19,5,1997, 5900.0,13.9,20.7,1.7,2.2,0.0,1.1
'Zavalla',20,5,1997, 5200.0,12.3,19.2,1.6,3.3,40.1,1.0
'Zavalla',21,5,1997, 3900.0,12.2,17.3,1.3,5.6,0.6,1.8
'Zavalla',22,5,1997,12400.0,4.1,12.2,0.7,2.8,0.0,1.1
'Zavalla',23,5,1997,11600.0,-0.2,12.4,0.6,0.8,0.0,0.7
'Zavalla',24,5,1997,12400.0,5.9,14.6,0.8,1.1,0.0,0.8
'Zavalla',25,5,1997, 7600.0,3.6,15.1,0.8,1.4,0.0,0.9
'Zavalla',26,5,1997, 4400.0,4.3,13.8,0.9,1.9,0.0,0.9
'Zavalla',27,5,1997, 4100.0,6.2,15.6,0.9,1.1,0.0,1.0
'Zavalla',28,5,1997,11400.0,2.8,16.6,0.9,0.8,0.0,0.6
'Zavalla',29,5,1997, 6000.0,2.2,15.3,1.0,2.5,0.0,0.7
'Zavalla',30,5,1997, 9900.0,8.8,18.7,1.1,1.9,0.0,1.1
'Zavalla',31,5,1997, 9200.0,8.7,19.1,1.4,1.9,0.0,0.8
'Zavalla',1,6,1997, 3300.0,12.3,16.8,1.6,1.7,4.2,0.6
'Zavalla',2,6,1997, 3200.0,13.9,16.1,1.7,1.9,0.7,0.5
'Zavalla',3,6,1997, 3300.0,15.1,17.6,1.7,3.1,0.0,0.8
'Zavalla',4,6,1997, 3200.0,15.0,17.1,1.8,2.2,5.2,0.6
'Zavalla',5,6,1997,10700.0,9.9,18.1,1.1,4.2,0.0,1.5
'Zavalla',6,6,1997,11500.0,6.4,14.9,0.7,4.7,0.0,2.0
'Zavalla',7,6,1997, 5400.0,3.3,13.7,0.9,3.3,0.0,1.0
'Zavalla',8,6,1997,11300.0,-0.1,15.7,0.8,2.2,0.0,0.6
'Zavalla',9,6,1997, 9900.0,6.9,17.9,1.1,2.8,0.0,1.0
'Zavalla',10,6,1997, 7200.0,7.4,17.2,1.2,1.9,0.0,0.7
'Zavalla',11,6,1997, 9200.0,8.8,19.1,1.3,1.9,0.0,0.8
'Zavalla',12,6,1997, 4700.0,9.9,19.0,1.6,3.3,26.5,0.6
'Zavalla',13,6,1997, 5100.0,11.7,17.0,1.4,5.6,0.0,1.3
'Zavalla',14,6,1997, 4600.0,7.2,14.2,0.9,10.0,4.5,2.5
'Zavalla',15,6,1997, 3100.0,10.9,14.0,1.3,4.7,0.0,0.9
'Zavalla',16,6,1997, 3100.0,10.4,13.3,1.2,2.2,0.0,0.7
'Zavalla',17,6,1997,11000.0,6.4,18.8,1.1,1.7,0.0,0.7
'Zavalla',18,6,1997, 4300.0,7.2,16.3,1.2,1.7,0.0,0.6
'Zavalla',19,6,1997, 8600.0,8.2,18.8,1.2,1.9,0.0,0.8
'Zavalla',20,6,1997, 3100.0,11.0,13.6,1.4,2.2,0.0,0.5
'Zavalla',21,6,1997, 3100.0,9.6,15.9,1.4,2.2,0.0,0.5
'Zavalla',22,6,1997,11300.0,5.6,16.7,1.2,2.2,0.0,0.5
'Zavalla',23,6,1997, 3800.0,9.4,16.7,1.3,2.2,0.0,0.7
'Zavalla',24,6,1997, 6400.0,3.0,15.9,1.0,1.4,0.0,0.5
'Zavalla',25,6,1997,10000.0,1.7,16.4,0.8,1.4,0.0,0.6
'Zavalla',26,6,1997,11100.0,1.2,13.4,0.6,2.5,0.0,1.1
'Zavalla',27,6,1997,11700.0,-1.4,9.2,0.5,1.9,0.0,0.8
'Zavalla',28,6,1997,11600.0,-0.4,12.3,0.6,2.8,0.0,0.9
'Zavalla',29,6,1997,12000.0,-1.0,15.8,0.6,1.9,0.0,0.9
'Zavalla',30,6,1997,11300.0,0.0,17.8,0.7,1.9,0.0,1.0
'Zavalla',1,7,1997,11400.0,5.7,19.4,1.0,3.9,0.0,1.4
'Zavalla',2,7,1997,11300.0,4.1,13.5,0.7,2.5,0.0,1.2
'Zavalla',3,7,1997, 4500.0,-1.4,13.2,0.6,1.7,0.0,1.0
'Zavalla',4,7,1997,11800.0,0.4,12.9,0.7,1.9,0.0,0.7
'Zavalla',5,7,1997, 5400.0,1.4,13.5,0.9,1.7,0.0,0.5
'Zavalla',6,7,1997, 9500.0,3.2,15.4,0.9,3.3,0.1,0.9
'Zavalla',7,7,1997, 3300.0,6.3,12.4,1.1,2.8,0.0,0.4
'Zavalla',8,7,1997, 3200.0,10.0,15.7,1.5,1.9,5.2,0.4
'Zavalla',9,7,1997, 4800.0,14.3,21.3,1.9,2.5,0.0,0.8
'Zavalla',10,7,1997, 3200.0,13.4,16.9,1.4,4.2,0.0,1.2
'Zavalla',11,7,1997, 3200.0,10.4,13.6,1.4,3.3,0.0,0.5
'Zavalla',12,7,1997, 3200.0,13.1,15.8,1.6,3.1,10.5,0.5
'Zavalla',13,7,1997, 4300.0,8.7,13.2,1.1,3.6,0.0,1.1
'Zavalla',14,7,1997,11300.0,3.4,18.6,1.0,2.2,0.0,0.8
'Zavalla',15,7,1997, 9500.0,4.9,16.9,0.9,2.2,0.0,1.1
'Zavalla',16,7,1997,12300.0,0.2,16.5,0.6,1.4,0.0,0.9
'Zavalla',17,7,1997,12300.0,1.1,14.9,0.7,1.9,0.0,0.8
'Zavalla',18,7,1997, 5100.0,1.7,10.0,0.7,2.8,0.0,1.0
'Zavalla',19,7,1997,11300.0,1.6,13.1,0.8,2.2,0.0,0.7
'Zavalla',20,7,1997,11500.0,0.0,13.6,0.8,1.7,0.0,0.6
'Zavalla',21,7,1997, 3400.0,3.0,13.1,1.3,1.9,0.0,0.4
'Zavalla',22,7,1997, 5000.0,9.9,17.4,1.3,1.1,0.0,0.9
'Zavalla',23,7,1997,10200.0,7.1,20.4,1.3,2.5,0.0,1.0
'Zavalla',24,7,1997, 9100.0,13.0,22.0,1.6,3.3,0.1,1.5
'Zavalla',25,7,1997, 5600.0,17.2,25.5,1.7,2.2,0.0,1.8
'Zavalla',26,7,1997, 7100.0,16.1,26.3,1.9,3.3,0.0,1.9
'Zavalla',27,7,1997, 9000.0,18.4,28.4,1.9,4.4,0.0,2.9
'Zavalla',28,7,1997,10700.0,21.0,30.3,1.9,4.2,0.0,3.4
'Zavalla',29,7,1997,10600.0,20.7,29.9,1.7,2.8,0.0,3.0
'Zavalla',30,7,1997, 8500.0,15.5,25.0,1.8,3.9,0.0,2.1
'Zavalla',31,7,1997, 4000.0,11.7,18.4,0.9,3.3,0.0,2.3
'Zavalla',1,8,1997, 9200.0,7.7,16.6,1.0,1.9,0.0,1.3
'Zavalla',2,8,1997, 3700.0,7.0,12.3,1.2,2.2,0.4,0.5
'Zavalla',3,8,1997, 5700.0,2.7,11.0,0.8,2.2,0.0,1.0
'Zavalla',4,8,1997,14300.0,-1.3,10.8,0.6,1.4,0.0,0.9
'Zavalla',5,8,1997, 9900.0,-4.0,11.0,0.6,2.8,0.0,1.0
'Zavalla',6,8,1997, 3800.0,3.8,10.4,0.8,1.9,0.0,0.9
'Zavalla',7,8,1997,13300.0,1.2,13.6,0.7,1.7,0.0,1.1
'Zavalla',8,8,1997,14100.0,-0.1,15.3,0.9,2.5,0.0,1.0
'Zavalla',9,8,1997,14200.0,2.3,18.8,1.0,3.9,0.0,1.5
'Zavalla',10,8,1997, 8300.0,7.2,21.3,1.0,3.3,0.0,2.0
'Zavalla',11,8,1997,12800.0,12.0,24.9,1.2,1.9,0.0,2.2
'Zavalla',12,8,1997,10800.0,8.7,24.1,1.2,1.9,0.0,1.8
'Zavalla',13,8,1997,11900.0,9.1,23.0,1.4,2.5,0.0,1.7
'Zavalla',14,8,1997,11400.0,15.0,27.8,1.8,4.4,0.9,2.8
'Zavalla',15,8,1997, 4200.0,10.9,20.9,1.4,4.7,8.0,1.9
'Zavalla',16,8,1997, 4200.0,10.2,14.8,1.6,1.7,0.2,0.6
'Zavalla',17,8,1997, 4200.0,13.0,17.1,1.6,3.1,13.5,0.9
'Zavalla',18,8,1997, 4300.0,13.5,18.7,1.7,3.9,0.0,1.1
'Zavalla',19,8,1997, 9800.0,12.0,16.6,1.2,3.9,0.0,2.0
'Zavalla',20,8,1997,15300.0,4.8,12.0,0.8,2.5,0.0,1.5
'Zavalla',21,8,1997, 4400.0,3.2,8.3,0.8,1.9,0.0,0.8
'Zavalla',22,8,1997,15400.0,-0.2,11.5,0.8,0.8,0.0,1.1
'Zavalla',23,8,1997,12200.0,0.8,15.2,0.9,1.4,0.0,1.1
'Zavalla',24,8,1997,15100.0,5.0,19.0,1.2,3.1,0.0,1.7
'Zavalla',25,8,1997,13700.0,8.2,25.6,1.4,2.2,0.0,2.2
'Zavalla',26,8,1997,13200.0,12.8,27.8,1.6,1.7,0.0,2.4
'Zavalla',27,8,1997,16200.0,13.6,30.1,2.0,2.5,0.0,2.9
'Zavalla',28,8,1997,14500.0,17.1,30.3,2.1,3.3,0.0,3.3
'Zavalla',29,8,1997,15500.0,19.0,32.3,1.7,3.9,0.0,4.4
'Zavalla',30,8,1997,10400.0,17.9,25.4,1.7,5.0,4.2,3.4
'Zavalla',31,8,1997, 4800.0,10.3,17.9,1.3,4.2,3.0,1.7
'Zavalla',1,9,1997, 6500.0,7.6,13.0,1.1,3.6,0.0,1.1
'Zavalla',2,9,1997, 5900.0,10.0,15.0,1.3,3.3,0.0,1.1
'Zavalla',3,9,1997, 5000.0,13.6,18.6,1.8,1.4,0.0,0.9
'Zavalla',4,9,1997, 7100.0,14.4,21.7,2.0,3.6,0.0,1.2
'Zavalla',5,9,1997,16100.0,14.3,21.3,1.4,2.8,0.0,2.9
'Zavalla',6,9,1997,10100.0,10.4,22.4,1.8,3.1,0.0,1.4
'Zavalla',7,9,1997, 8200.0,16.8,23.9,2.2,4.4,0.0,1.8
'Zavalla',8,9,1997,18700.0,12.5,21.5,1.0,4.2,0.0,3.9
'Zavalla',9,9,1997,15200.0,8.0,20.2,0.8,3.1,0.0,3.0
'Zavalla',10,9,1997,18900.0,2.5,17.1,0.6,1.9,0.0,2.4
'Zavalla',11,9,1997,18800.0,2.1,17.1,0.8,3.9,0.0,2.6
'Zavalla',12,9,1997,16800.0,6.5,20.7,1.0,1.9,0.0,2.5
'Zavalla',13,9,1997,19000.0,5.8,21.6,0.7,2.2,0.0,3.0
'Zavalla',14,9,1997,19400.0,3.0,23.1,0.7,2.5,0.0,3.1
'Zavalla',15,9,1997,19200.0,3.6,22.3,0.8,1.9,0.0,2.7
'Zavalla',16,9,1997,18900.0,7.6,28.2,1.0,3.1,0.0,3.8
'Zavalla',17,9,1997,19500.0,10.2,21.9,0.9,3.9,0.0,3.9
'Zavalla',18,9,1997,19400.0,4.0,16.9,1.0,2.5,0.0,2.3
'Zavalla',19,9,1997,10400.0,6.6,17.8,1.1,3.6,3.5,2.0
'Zavalla',20,9,1997,12400.0,9.5,15.8,1.1,1.7,0.0,2.0
'Zavalla',21,9,1997,18300.0,1.6,20.3,1.1,1.9,0.0,2.2
'Zavalla',22,9,1997,19500.0,9.1,23.5,1.4,2.8,0.0,3.0
'Zavalla',23,9,1997,19100.0,9.1,24.8,1.3,3.1,0.0,3.4
'Zavalla',24,9,1997,17900.0,6.9,20.1,0.9,2.8,0.0,3.0
'Zavalla',25,9,1997,18500.0,8.0,20.4,0.9,2.5,0.0,3.2
'Zavalla',26,9,1997,18700.0,6.9,19.1,0.8,4.2,0.0,3.7
'Zavalla',27,9,1997,16100.0,13.2,23.9,1.5,3.3,0.0,3.4
'Zavalla',28,9,1997,10100.0,12.7,24.4,1.5,4.2,0.0,2.9
'Zavalla',29,9,1997,20900.0,10.6,26.2,1.2,3.3,0.0,4.1
'Zavalla',30,9,1997, 6100.0,13.9,22.1,1.7,2.5,7.1,1.7
'Zavalla',1,10,1997, 8400.0,12.8,18.4,1.5,2.2,0.0,1.8
'Zavalla',2,10,1997,12500.0,8.1,19.0,1.4,4.2,0.1,2.1
'Zavalla',3,10,1997,10700.0,14.7,21.6,1.5,2.5,1.6,2.5
'Zavalla',4,10,1997,10300.0,14.9,19.2,1.7,4.2,10.5,2.2
'Zavalla',5,10,1997,22800.0,6.7,19.5,0.9,3.9,0.0,3.9
'Zavalla',6,10,1997,23200.0,6.3,20.9,0.9,1.7,0.0,3.3
'Zavalla',7,10,1997,21100.0,8.2,23.5,1.1,3.3,0.0,3.9
'Zavalla',8,10,1997,20300.0,13.9,23.9,1.1,2.5,0.0,4.1
'Zavalla',9,10,1997,21300.0,10.7,25.4,1.9,2.5,2.5,3.4
'Zavalla',10,10,1997,17800.0,13.7,27.0,1.9,3.1,16.5,3.6
'Zavalla',11,10,1997,22100.0,13.7,27.0,2.0,2.8,6.0,3.9
'Zavalla',12,10,1997,16400.0,18.7,25.1,2.2,5.6,0.0,3.8
'Zavalla',13,10,1997, 6600.0,16.9,20.7,2.0,5.0,0.2,1.7
'Zavalla',14,10,1997, 6800.0,16.6,22.8,2.1,4.7,0.0,1.7
'Zavalla',15,10,1997,24900.0,10.8,21.6,1.4,4.2,0.0,4.3
'Zavalla',16,10,1997,17000.0,8.4,16.8,1.0,1.9,0.0,2.8
'Zavalla',17,10,1997,23500.0,5.3,17.5,1.1,1.9,0.0,3.0
'Zavalla',18,10,1997,24800.0,6.4,22.6,1.2,1.4,0.0,3.6
'Zavalla',19,10,1997,23300.0,9.7,24.2,1.2,1.9,0.0,4.0
'Zavalla',20,10,1997,25300.0,10.1,25.7,1.5,2.2,0.0,4.2
'Zavalla',21,10,1997,24800.0,10.9,28.1,1.7,2.2,0.0,4.4
'Zavalla',22,10,1997,13700.0,17.2,25.5,2.0,4.2,37.8,3.5
'Zavalla',23,10,1997,13600.0,16.1,23.4,1.9,1.1,0.0,2.7
'Zavalla',24,10,1997,26200.0,11.7,25.9,1.8,1.4,0.0,4.3
'Zavalla',25,10,1997,24500.0,14.6,29.3,2.0,2.8,0.2,4.9
'Zavalla',26,10,1997,18700.0,14.9,27.3,2.3,2.8,0.0,3.6
'Zavalla',27,10,1997,21200.0,20.2,34.4,2.6,5.0,3.0,5.9
'Zavalla',28,10,1997, 7800.0,15.9,20.5,1.2,5.6,0.0,4.0
'Zavalla',29,10,1997,26200.0,11.9,20.8,1.1,4.7,0.0,5.2
'Zavalla',30,10,1997,10500.0,11.2,17.7,1.0,5.8,8.2,3.9
'Zavalla',31,10,1997, 9500.0,9.4,15.5,1.3,2.5,0.0,1.7
'Zavalla',1,11,1997,13500.0,8.0,18.4,1.5,2.8,3.8,1.9
'Zavalla',2,11,1997,15100.0,15.8,21.8,1.9,3.3,2.3,3.0
'Zavalla',3,11,1997, 7300.0,14.1,21.6,1.7,3.1,0.0,2.1
'Zavalla',4,11,1997, 7400.0,13.9,21.0,2.0,3.1,1.5,1.4
'Zavalla',5,11,1997, 7400.0,17.8,21.1,2.1,2.5,0.1,1.7
'Zavalla',6,11,1997,22600.0,17.2,27.3,2.0,1.9,0.0,4.6
'Zavalla',7,11,1997,25000.0,19.1,28.3,2.1,3.6,0.0,5.6
'Zavalla',8,11,1997,15000.0,24.2,34.7,2.9,3.6,0.0,4.9
'Zavalla',9,11,1997,20300.0,19.1,26.6,1.9,3.6,0.5,4.9
'Zavalla',10,11,1997, 8000.0,19.6,31.6,2.3,2.8,17.5,3.1
'Zavalla',11,11,1997,15000.0,17.3,25.2,1.9,5.3,75.5,4.0
'Zavalla',12,11,1997,13300.0,15.2,22.9,1.8,4.4,0.0,3.2
'Zavalla',13,11,1997,28500.0,10.6,22.1,1.3,3.6,0.0,5.0
'Zavalla',14,11,1997,27900.0,12.4,26.4,1.5,1.9,0.0,5.1
'Zavalla',15,11,1997,29200.0,14.5,30.1,1.4,2.5,0.0,6.1
'Zavalla',16,11,1997,28200.0,14.6,26.8,1.6,4.7,0.0,6.1
'Zavalla',17,11,1997,24300.0,13.0,23.2,1.2,3.1,0.0,5.0
'Zavalla',18,11,1997,29500.0,10.6,22.6,1.5,3.1,0.0,4.9
'Zavalla',19,11,1997,28300.0,15.4,27.0,1.8,2.8,29.5,5.6
'Zavalla',20,11,1997,14700.0,17.2,25.6,2.1,1.4,3.0,3.1
'Zavalla',21,11,1997,21200.0,15.4,29.4,2.3,0.8,0.0,4.2
'Zavalla',22,11,1997,27400.0,16.4,31.1,2.2,2.8,0.0,5.9
'Zavalla',23,11,1997,28300.0,19.3,31.5,1.8,4.2,0.0,7.2
'Zavalla',24,11,1997,15700.0,14.6,23.2,1.6,4.2,4.5,3.9
'Zavalla',25,11,1997, 8400.0,14.4,20.1,1.7,4.2,68.0,2.1
'Zavalla',26,11,1997,19700.0,15.9,26.3,2.1,2.5,0.0,4.0
'Zavalla',27,11,1997,22800.0,15.3,22.6,1.5,2.5,0.0,4.5
'Zavalla',28,11,1997,21800.0,14.0,28.9,2.3,1.9,0.0,4.2
'Zavalla',29,11,1997,18600.0,18.8,22.6,2.1,2.5,0.0,3.7
'Zavalla',30,11,1997,23000.0,16.7,26.3,2.1,1.4,0.0,-9.9
'Zavalla',1,12,1997,30000.0,13.8,27.9,1.7,2.2,0.0,5.8
'Zavalla',2,12,1997,22600.0,17.5,30.5,1.7,3.1,0.0,5.7
'Zavalla',3,12,1997,30000.0,10.9,25.7,1.0,2.5,0.0,5.7
'Zavalla',4,12,1997,28800.0,13.1,29.0,1.3,1.9,0.0,5.8
'Zavalla',5,12,1997,22800.0,12.8,30.1,1.8,1.7,0.0,4.7
'Zavalla',6,12,1997,28500.0,18.0,32.7,2.2,2.5,0.2,6.4
'Zavalla',7,12,1997,21600.0,17.7,28.4,2.0,2.2,0.0,4.8
'Zavalla',8,12,1997,27000.0,12.9,32.0,2.1,3.1,1.0,5.6
'Zavalla',9,12,1997,18600.0,20.9,27.3,2.4,2.5,3.7,4.4
'Zavalla',10,12,1997,15000.0,19.2,30.3,2.4,1.4,0.0,3.7
'Zavalla',11,12,1997,13100.0,20.4,30.6,2.7,1.9,0.7,3.4
'Zavalla',12,12,1997, 8900.0,21.5,25.3,2.6,4.2,32.6,2.4
'Zavalla',13,12,1997,12700.0,17.6,24.5,2.2,4.7,0.5,3.0
'Zavalla',14,12,1997,23600.0,15.7,26.4,2.1,3.6,0.0,4.7
'Zavalla',15,12,1997,29500.0,16.4,25.8,1.7,2.2,0.0,5.8
'Zavalla',16,12,1997,25600.0,12.6,25.1,1.7,3.6,0.9,5.0
'Zavalla',17,12,1997, 8100.0,15.8,20.2,1.7,3.1,4.3,2.3
'Zavalla',18,12,1997,25900.0,16.0,26.4,1.9,4.2,46.5,5.6
'Zavalla',19,12,1997,16100.0,17.8,25.3,2.3,0.0,9.0,3.1
'Zavalla',20,12,1997,25200.0,19.1,30.0,2.8,3.9,0.0,5.4
'Zavalla',21,12,1997, 8100.0,15.4,24.5,1.7,5.3,15.4,3.2
'Zavalla',22,12,1997, 8100.0,16.0,20.1,1.9,2.2,1.0,1.9
'Zavalla',23,12,1997,31000.0,12.4,23.7,1.8,1.7,0.0,5.1
'Zavalla',24,12,1997,29200.0,14.0,25.4,2.1,1.7,0.0,5.1
'Zavalla',25,12,1997,28400.0,16.3,30.4,2.6,1.7,34.6,5.6
'Zavalla',26,12,1997,15400.0,22.0,33.3,3.2,2.5,10.0,4.0
'Zavalla',27,12,1997,29100.0,20.2,28.1,2.2,1.7,0.0,6.1
'Zavalla',28,12,1997,30300.0,16.6,30.8,2.1,1.1,0.0,6.0
'Zavalla',29,12,1997,21600.0,20.7,30.6,3.0,1.1,0.0,4.6
'Zavalla',30,12,1997,17800.0,20.8,29.0,2.6,4.2,3.0,4.5
'Zavalla',31,12,1997,11200.0,14.5,22.9,1.8,6.1,53.5,3.1
