* Source of data    : Zavalla local weather station 
* File content      : Meteo input file for Swap 3.2 (www.swap.alterra.nl) 
* File generated at :  Mon Oct 03 22:18:27 2016 
station,DD,MM,YYYY,Rad,Tmin,Tmax,Hum,Wind,Rain,ETref 
'Zavalla',1,1,2006,26600.0,18.1,32.4,2.0,2.10,0.0,-9.9
'Zavalla',2,1,2006,24900.0,16.6,33.7,2.3,1.90,0.0,-9.9
'Zavalla',3,1,2006,29500.0,20.0,32.8,1.8,2.70,0.0,-9.9
'Zavalla',4,1,2006,28800.0,13.9,32.6,1.9,2.20,0.0,-9.9
'Zavalla',5,1,2006,28500.0,16.7,35.6,1.8,2.90,0.0,-9.9
'Zavalla',6,1,2006,16200.0,22.4,39.9,2.4,2.40,0.0,-9.9
'Zavalla',7,1,2006,27700.0,23.7,38.7,2.8,4.00,0.0,-9.9
'Zavalla',8,1,2006,21300.0,23.4,34.3,2.8,2.50,0.0,-9.9
'Zavalla',9,1,2006,29500.0,22.7,39.7,3.1,4.80,0.0,-9.9
'Zavalla',10,1,2006,28000.0,20.8,34.3,2.5,3.90,1.0,-9.9
'Zavalla',11,1,2006,16000.0,18.7,28.5,2.6,3.00,40.0,-9.9
'Zavalla',12,1,2006,10900.0,20.6,27.4,2.6,3.60,9.5,-9.9
'Zavalla',13,1,2006, 8700.0,18.9,21.6,2.2,3.00,0.0,-9.9
'Zavalla',14,1,2006,18400.0,19.0,32.9,2.8,2.70,18.0,-9.9
'Zavalla',15,1,2006,21200.0,20.8,35.4,3.0,2.80,15.0,-9.9
'Zavalla',16,1,2006,20200.0,17.7,25.5,1.5,2.90,0.0,-9.9
'Zavalla',17,1,2006,30300.0,13.4,25.7,1.6,2.40,0.0,-9.9
'Zavalla',18,1,2006,30000.0,12.9,25.6,1.8,2.70,0.0,-9.9
'Zavalla',19,1,2006,29200.0,12.4,29.6,2.2,2.20,0.0,-9.9
'Zavalla',20,1,2006,27900.0,17.0,31.8,2.5,1.70,0.0,-9.9
'Zavalla',21,1,2006,16200.0,19.1,26.0,2.4,3.10,0.0,-9.9
'Zavalla',22,1,2006,13000.0,17.9,27.9,2.6,2.20,0.0,-9.9
'Zavalla',23,1,2006,18000.0,20.2,30.7,2.8,1.70,9.6,-9.9
'Zavalla',24,1,2006,21000.0,20.2,29.8,2.6,1.40,3.3,-9.9
'Zavalla',25,1,2006,30100.0,17.0,30.2,2.5,2.90,0.0,-9.9
'Zavalla',26,1,2006,27500.0,19.1,30.7,2.3,2.60,0.0,-9.9
'Zavalla',27,1,2006,27800.0,18.8,33.2,2.1,2.60,0.0,-9.9
'Zavalla',28,1,2006,29200.0,19.6,35.9,2.5,2.20,0.0,-9.9
'Zavalla',29,1,2006,20200.0,22.5,37.0,2.5,2.40,0.0,-9.9
'Zavalla',30,1,2006,18300.0,19.6,30.2,2.3,4.20,0.0,-9.9
'Zavalla',31,1,2006,16100.0,17.0,28.8,2.2,2.70,13.6,-9.9
'Zavalla',1,2,2006,23700.0,19.3,29.2,2.5,2.40,0.0,-9.9
'Zavalla',2,2,2006,13500.0,17.7,30.9,2.6,2.00,25.9,-9.9
'Zavalla',3,2,2006, 9300.0,20.2,26.4,2.5,2.50,29.0,-9.9
'Zavalla',4,2,2006,23900.0,21.1,27.1,2.7,1.70,0.0,-9.9
'Zavalla',5,2,2006,28800.0,19.5,32.0,2.9,2.50,0.0,-9.9
'Zavalla',6,2,2006,28900.0,15.1,29.2,2.1,2.10,0.0,-9.9
'Zavalla',7,2,2006,16400.0,14.9,27.0,2.1,2.10,0.0,-9.9
'Zavalla',8,2,2006,24800.0,15.3,27.9,2.0,2.00,0.0,-9.9
'Zavalla',9,2,2006,27000.0,14.2,24.8,1.8,2.90,0.0,-9.9
'Zavalla',10,2,2006,26600.0,10.2,25.6,2.0,2.60,0.0,-9.9
'Zavalla',11,2,2006,28300.0,12.3,27.5,2.0,2.40,0.0,-9.9
'Zavalla',12,2,2006,25500.0,14.0,28.6,2.0,2.40,0.0,-9.9
'Zavalla',13,2,2006,27300.0,13.7,30.0,2.2,1.80,0.0,-9.9
'Zavalla',14,2,2006,26800.0,16.0,30.6,2.3,1.80,0.0,-9.9
'Zavalla',15,2,2006,26900.0,16.6,31.9,2.2,2.00,0.0,-9.9
'Zavalla',16,2,2006,26300.0,15.8,34.0,2.4,1.50,0.0,-9.9
'Zavalla',17,2,2006,26400.0,19.4,34.4,2.5,1.90,0.0,-9.9
'Zavalla',18,2,2006,26700.0,18.9,35.4,2.7,2.30,0.0,-9.9
'Zavalla',19,2,2006,26300.0,21.5,34.9,2.4,2.80,0.0,-9.9
'Zavalla',20,2,2006,26200.0,17.4,35.6,2.6,1.90,0.0,-9.9
'Zavalla',21,2,2006,24300.0,20.7,35.8,2.8,1.60,0.0,-9.9
'Zavalla',22,2,2006,19200.0,19.4,34.5,2.6,2.60,16.5,-9.9
'Zavalla',23,2,2006, 8300.0,14.9,30.7,1.9,4.40,2.9,-9.9
'Zavalla',24,2,2006, 6800.0,14.3,18.1,1.7,5.50,0.2,-9.9
'Zavalla',25,2,2006,20500.0,12.0,24.6,1.8,1.90,0.0,-9.9
'Zavalla',26,2,2006,24500.0,12.8,27.8,2.2,2.70,2.0,-9.9
'Zavalla',27,2,2006,15600.0,13.9,27.8,1.7,2.30,2.9,-9.9
'Zavalla',28,2,2006, 6600.0,11.5,21.1,1.7,1.60,13.2,-9.9
'Zavalla',1,3,2006,13400.0,11.4,24.6,2.0,2.40,0.0,-9.9
'Zavalla',2,3,2006,18700.0,16.9,28.3,2.2,2.50,9.0,-9.9
'Zavalla',3,3,2006,15400.0,17.3,24.8,2.0,3.60,0.0,-9.9
'Zavalla',4,3,2006,24200.0,11.4,26.0,1.8,2.00,0.0,-9.9
'Zavalla',5,3,2006,23200.0,11.2,27.6,1.9,1.60,0.0,-9.9
'Zavalla',6,3,2006,23600.0,13.2,29.8,2.1,2.20,0.0,-9.9
'Zavalla',7,3,2006,22700.0,16.5,32.6,2.3,2.70,13.6,-9.9
'Zavalla',8,3,2006,21400.0,19.3,29.4,2.4,1.70,0.0,-9.9
'Zavalla',9,3,2006,23200.0,17.1,27.6,1.4,3.20,0.0,-9.9
'Zavalla',10,3,2006,22100.0,10.1,26.0,1.6,2.80,0.0,-9.9
'Zavalla',11,3,2006,14800.0,10.9,22.4,1.7,1.90,1.7,-9.9
'Zavalla',12,3,2006,22300.0,10.5,29.2,2.0,1.40,0.0,-9.9
'Zavalla',13,3,2006,22500.0,14.2,32.4,2.0,2.50,28.7,-9.9
'Zavalla',14,3,2006, 7100.0,17.0,23.1,2.2,1.40,0.0,-9.9
'Zavalla',15,3,2006,17800.0,13.4,25.0,2.1,1.90,0.5,-9.9
'Zavalla',16,3,2006, 8800.0,17.2,24.2,2.1,2.40,40.8,-9.9
'Zavalla',17,3,2006,10000.0,14.7,19.5,1.8,2.80,12.0,-9.9
'Zavalla',18,3,2006,21800.0,9.4,24.6,1.2,2.00,0.0,-9.9
'Zavalla',19,3,2006,21300.0,10.7,27.0,1.8,1.50,0.0,-9.9
'Zavalla',20,3,2006,21300.0,13.6,28.8,2.2,2.70,0.0,-9.9
'Zavalla',21,3,2006,16300.0,16.1,27.5,2.1,3.30,0.0,-9.9
'Zavalla',22,3,2006,11900.0,17.3,26.6,2.3,1.70,0.0,-9.9
'Zavalla',23,3,2006,20300.0,15.3,30.6,2.2,1.40,0.0,-9.9
'Zavalla',24,3,2006,12200.0,14.7,27.6,2.0,4.20,0.0,-9.9
'Zavalla',25,3,2006,16400.0,12.3,23.6,1.0,2.40,0.0,-9.9
'Zavalla',26,3,2006,12100.0,10.3,21.6,1.5,2.00,0.0,-9.9
'Zavalla',27,3,2006,13900.0,11.3,28.1,1.9,2.00,0.0,-9.9
'Zavalla',28,3,2006,19300.0,13.4,23.0,1.3,3.00,0.0,-9.9
'Zavalla',29,3,2006,19300.0,5.0,22.5,0.11,1.40,0.0,-9.9
'Zavalla',30,3,2006, 5300.0,9.3,25.9,0.13,2.10,0.0,-9.9
'Zavalla',31,3,2006,14700.0,13.2,26.9,1.7,1.90,0.7,-9.9
'Zavalla',1,4,2006,17100.0,17.4,27.2,1.9,2.20,0.0,-9.9
'Zavalla',2,4,2006,17100.0,17.4,27.2,1.9,2.20,10.3,-9.9
'Zavalla',3,4,2006, 5100.0,17.2,22.7,2.0,2.30,7.6,-9.9
'Zavalla',4,4,2006,15700.0,16.4,30.2,2.4,1.70,0.0,-9.9
'Zavalla',5,4,2006,14800.0,16.1,27.8,2.3,2.40,0.0,-9.9
'Zavalla',6,4,2006,15100.0,18.0,26.5,2.2,1.90,0.0,-9.9
'Zavalla',7,4,2006,18000.0,15.5,29.6,2.4,2.00,37.5,-9.9
'Zavalla',8,4,2006, 4900.0,17.6,23.0,2.1,2.10,58.0,-9.9
'Zavalla',9,4,2006, 9800.0,16.3,25.4,2.2,2.20,0.0,-9.9
'Zavalla',10,4,2006,16300.0,13.5,26.1,1.9,1.80,0.0,-9.9
'Zavalla',11,4,2006,17500.0,10.2,26.7,1.8,1.70,0.0,-9.9
'Zavalla',12,4,2006,17500.0,12.5,27.1,1.7,2.40,0.0,-9.9
'Zavalla',13,4,2006,16200.0,13.7,28.5,1.8,3.70,32.0,-9.9
'Zavalla',14,4,2006,14200.0,12.9,18.7,1.4,3.60,0.0,-9.9
'Zavalla',15,4,2006,16800.0,7.0,18.9,1.0,2.60,0.0,-9.9
'Zavalla',16,4,2006,17200.0,5.6,20.8,1.0,1.70,0.0,-9.9
'Zavalla',17,4,2006,16700.0,5.1,19.3,1.1,2.10,0.0,-9.9
'Zavalla',18,4,2006,12700.0,6.5,19.8,1.2,3.70,0.0,-9.9
'Zavalla',19,4,2006, 8700.0,10.6,24.5,1.7,4.60,0.0,-9.9
'Zavalla',20,4,2006, 4400.0,14.3,23.5,1.9,3.40,2.6,-9.9
'Zavalla',21,4,2006,16600.0,5.6,22.4,1.0,1.90,0.0,-9.9
'Zavalla',22,4,2006,16200.0,6.2,26.8,1.4,2.70,0.0,-9.9
'Zavalla',23,4,2006,16300.0,8.4,26.1,1.2,1.70,0.0,-9.9
'Zavalla',24,4,2006,15200.0,10.3,28.3,2.1,2.20,52.7,-9.9
'Zavalla',25,4,2006,13300.0,16.2,27.2,1.7,2.60,0.0,-9.9
'Zavalla',26,4,2006,15200.0,11.4,22.4,1.7,1.80,0.0,-9.9
'Zavalla',27,4,2006,13400.0,13.9,26.2,2.0,2.00,0.0,-9.9
'Zavalla',28,4,2006,13800.0,13.3,26.2,1.9,2.80,16.0,-9.9
'Zavalla',29,4,2006, 6100.0,13.0,22.1,1.8,3.70,0.0,-9.9
'Zavalla',30,4,2006,14900.0,4.1,18.2,1.0,3.50,0.0,-9.9
'Zavalla',1,5,2006,14700.0,5.5,16.2,1.0,2.90,0.0,-9.9
'Zavalla',2,5,2006,14700.0,2.7,17.1,1.0,1.70,0.0,-9.9
'Zavalla',3,5,2006,14700.0,2.9,18.2,1.1,1.70,0.0,-9.9
'Zavalla',4,5,2006,12100.0,4.5,20.3,1.2,1.90,0.0,-9.9
'Zavalla',5,5,2006, 3800.0,8.6,17.5,1.4,1.40,0.0,-9.9
'Zavalla',6,5,2006,11500.0,8.4,20.4,1.2,1.90,0.0,-9.9
'Zavalla',7,5,2006, 8700.0,8.8,16.3,1.3,2.20,0.0,-9.9
'Zavalla',8,5,2006, 4900.0,6.2,16.1,1.3,1.80,0.0,-9.9
'Zavalla',9,5,2006,11900.0,6.3,20.3,1.2,1.70,0.0,-9.9
'Zavalla',10,5,2006,13900.0,4.5,21.5,1.3,1.90,0.0,-9.9
'Zavalla',11,5,2006,12600.0,5.7,22.6,1.3,1.60,0.0,-9.9
'Zavalla',12,5,2006, 7500.0,8.6,17.5,1.3,2.00,0.0,-9.9
'Zavalla',13,5,2006,13300.0,6.4,21.1,1.4,2.10,0.0,-9.9
'Zavalla',14,5,2006,13100.0,7.1,20.4,1.1,2.70,0.0,-9.9
'Zavalla',15,5,2006,13200.0,6.0,21.5,1.2,3.40,0.0,-9.9
'Zavalla',16,5,2006,12700.0,10.7,25.6,1.5,2.60,0.0,-9.9
'Zavalla',17,5,2006, 4300.0,13.5,20.3,1.6,2.20,0.0,-9.9
'Zavalla',18,5,2006, 4400.0,11.0,18.1,1.4,4.00,0.0,-9.9
'Zavalla',19,5,2006,10000.0,2.5,14.7,0.6,2.40,0.0,-9.9
'Zavalla',20,5,2006,11900.0,-1.5,14.7,0.6,1.60,0.0,-9.9
'Zavalla',21,5,2006,12200.0,-1.0,17.3,0.6,1.30,0.0,-9.9
'Zavalla',22,5,2006,12100.0,2.1,18.5,0.7,1.40,0.0,-9.9
'Zavalla',23,5,2006, 4600.0,1.6,15.2,0.8,2.30,0.0,-9.9
'Zavalla',24,5,2006, 6600.0,2.6,16.1,0.9,3.00,0.0,-9.9
'Zavalla',25,5,2006,10000.0,5.9,19.9,1.3,3.40,0.0,-9.9
'Zavalla',26,5,2006, 9700.0,12.1,25.1,1.7,2.70,0.0,-9.9
'Zavalla',27,5,2006,10500.0,9.5,21.4,1.0,2.90,0.0,-9.9
'Zavalla',28,5,2006,11600.0,4.0,18.6,1.0,2.20,0.0,-9.9
'Zavalla',29,5,2006, 8100.0,10.2,18.5,1.2,1.90,0.0,-9.9
'Zavalla',30,5,2006, 3100.0,7.4,15.6,1.2,2.10,0.0,-9.9
'Zavalla',31,5,2006, 6000.0,3.9,13.7,1.1,1.80,0.0,-9.9
'Zavalla',1,6,2006, 3100.0,5.1,17.4,1.3,2.70,0.0,-9.9
'Zavalla',2,6,2006, 3100.0,12.2,14.5,1.4,2.60,16.0,-9.9
'Zavalla',3,6,2006, 3100.0,9.1,13.4,1.3,4.00,0.0,-9.9
'Zavalla',4,6,2006, 9700.0,3.3,18.1,1.0,2.20,0.0,-9.9
'Zavalla',5,6,2006,10500.0,4.4,18.4,1.1,2.90,0.0,-9.9
'Zavalla',6,6,2006, 9900.0,6.1,19.2,1.4,2.10,0.0,-9.9
'Zavalla',7,6,2006, 6300.0,9.2,24.9,2.1,3.70,0.0,-9.9
'Zavalla',8,6,2006, 7400.0,17.9,27.2,2.2,3.50,0.0,-9.9
'Zavalla',9,6,2006, 3400.0,8.9,18.4,1.1,3.30,0.0,-9.9
'Zavalla',10,6,2006,11200.0,2.3,14.1,0.7,1.70,0.0,-9.9
'Zavalla',11,6,2006,10900.0,-1.6,15.0,0.7,2.40,0.0,-9.9
'Zavalla',12,6,2006, 7400.0,3.6,15.8,0.9,3.60,0.0,-9.9
'Zavalla',13,6,2006, 6000.0,7.9,21.0,1.3,1.70,0.0,-9.9
'Zavalla',14,6,2006, 4300.0,7.2,16.2,1.2,1.90,0.0,-9.9
'Zavalla',15,6,2006, 9100.0,5.3,18.1,0.9,2.50,0.0,-9.9
'Zavalla',16,6,2006, 6000.0,6.8,13.8,1.0,2.70,0.0,-9.9
'Zavalla',17,6,2006, 2900.0,8.5,13.4,1.2,2.40,0.6,-9.9
'Zavalla',18,6,2006, 2900.0,12.5,17.3,1.6,2.20,0.0,-9.9
'Zavalla',19,6,2006, 5500.0,10.5,21.1,1.7,2.80,0.2,-9.9
'Zavalla',20,6,2006, 9100.0,8.0,19.9,0.9,2.40,0.0,-9.9
'Zavalla',21,6,2006,10400.0,5.5,17.8,0.8,1.90,0.0,-9.9
'Zavalla',22,6,2006,10800.0,1.8,20.9,0.9,2.10,0.0,-9.9
'Zavalla',23,6,2006,10500.0,2.9,20.4,0.9,2.50,25.4,-9.9
'Zavalla',24,6,2006, 2900.0,11.8,16.1,1.6,2.00,10.6,-9.9
'Zavalla',25,6,2006, 5800.0,10.1,14.8,1.2,4.80,0.0,-9.9
'Zavalla',26,6,2006, 4500.0,5.1,12.6,1.0,2.80,0.0,-9.9
'Zavalla',27,6,2006, 2900.0,6.9,12.2,1.0,1.90,0.0,-9.9
'Zavalla',28,6,2006, 2900.0,6.5,12.1,1.1,1.90,0.6,-9.9
'Zavalla',29,6,2006, 3000.0,2.7,15.7,1.0,2.70,0.0,-9.9
'Zavalla',30,6,2006, 6100.0,7.7,18.5,1.4,1.90,0.0,-9.9
'Zavalla',1,7,2006, 8400.0,6.0,20.1,1.3,1.80,0.0,-9.9
'Zavalla',2,7,2006, 6400.0,6.8,21.0,1.5,2.70,0.0,-9.9
'Zavalla',3,7,2006, 8300.0,9.6,24.8,1.9,2.20,0.0,-9.9
'Zavalla',4,7,2006, 3700.0,11.9,20.1,1.6,1.40,0.0,-9.9
'Zavalla',5,7,2006, 6900.0,13.6,21.9,1.8,2.20,0.0,-9.9
'Zavalla',6,7,2006, 5200.0,12.7,26.6,2.0,4.00,0.0,-9.9
'Zavalla',7,7,2006,11100.0,17.9,26.2,1.8,3.80,0.0,-9.9
'Zavalla',8,7,2006, 3400.0,11.0,17.9,1.1,3.70,0.0,-9.9
'Zavalla',9,7,2006,11700.0,4.1,15.6,0.7,2.30,0.0,-9.9
'Zavalla',10,7,2006,10600.0,3.8,18.5,0.9,3.20,0.0,-9.9
'Zavalla',11,7,2006, 8400.0,8.7,22.2,1.6,3.70,0.0,-9.9
'Zavalla',12,7,2006, 4000.0,10.6,18.6,1.5,3.70,0.0,-9.9
'Zavalla',13,7,2006, 4300.0,8.9,14.9,0.8,3.70,0.0,-9.9
'Zavalla',14,7,2006, 4800.0,6.5,12.7,0.9,3.00,0.0,-9.9
'Zavalla',15,7,2006, 4200.0,5.0,14.9,1.1,2.70,0.0,-9.9
'Zavalla',16,7,2006, 3300.0,13.1,16.5,1.6,1.80,0.3,-9.9
'Zavalla',17,7,2006, 8700.0,12.3,18.7,1.6,2.60,0.0,-9.9
'Zavalla',18,7,2006,10400.0,13.8,25.6,1.8,2.50,0.0,-9.9
'Zavalla',19,7,2006,12800.0,7.2,21.7,0.8,1.70,0.0,-9.9
'Zavalla',20,7,2006,11900.0,7.6,27.0,1.5,2.40,0.0,-9.9
'Zavalla',21,7,2006,11600.0,11.7,23.9,1.3,2.40,0.0,-9.9
'Zavalla',22,7,2006,10300.0,7.3,20.9,1.0,3.70,0.0,-9.9
'Zavalla',23,7,2006,12700.0,2.5,15.1,0.6,1.90,0.0,-9.9
'Zavalla',24,7,2006,12900.0,1.1,19.4,1.2,2.40,0.0,-9.9
'Zavalla',25,7,2006, 3500.0,8.2,18.2,1.7,2.10,0.0,-9.9
'Zavalla',26,7,2006, 3500.0,11.1,19.3,2.0,2.40,24.6,-9.9
'Zavalla',27,7,2006,10600.0,5.2,18.1,1.0,4.20,0.0,-9.9
'Zavalla',28,7,2006,13200.0,2.4,13.0,0.8,5.20,0.0,-9.9
'Zavalla',29,7,2006, 9800.0,3.4,10.3,0.7,2.90,0.0,-9.9
'Zavalla',30,7,2006,11700.0,-2.0,9.8,0.6,2.10,0.0,-9.9
'Zavalla',31,7,2006,12500.0,-3.7,12.1,0.6,1.30,0.0,-9.9
'Zavalla',1,8,2006,13500.0,-0.8,13.5,0.7,2.20,0.0,-9.9
'Zavalla',2,8,2006, 5800.0,1.7,12.9,0.7,2.30,0.0,-9.9
'Zavalla',3,8,2006,13700.0,0.2,13.4,0.8,2.20,0.0,-9.9
'Zavalla',4,8,2006,11200.0,0.1,16.6,1.0,1.70,0.0,-9.9
'Zavalla',5,8,2006, 4300.0,3.6,14.2,0.9,2.20,0.0,-9.9
'Zavalla',6,8,2006, 4100.0,4.6,14.5,1.3,2.20,0.0,-9.9
'Zavalla',7,8,2006, 5200.0,9.7,17.1,1.2,3.10,0.0,-9.9
'Zavalla',8,8,2006, 9100.0,5.9,16.1,1.2,2.10,0.0,-9.9
'Zavalla',9,8,2006, 6800.0,3.5,15.0,1.1,3.50,0.0,-9.9
'Zavalla',10,8,2006,14900.0,0.3,17.1,0.7,2.20,0.0,-9.9
'Zavalla',11,8,2006,12400.0,4.6,23.7,1.2,1.80,0.0,-9.9
'Zavalla',12,8,2006,12800.0,5.5,24.0,1.2,3.20,0.0,-9.9
'Zavalla',13,8,2006,13800.0,9.3,21.5,1.5,2.60,0.0,-9.9
'Zavalla',14,8,2006,11900.0,6.5,18.0,0.9,3.80,0.0,-9.9
'Zavalla',15,8,2006, 7300.0,0.8,15.5,0.6,2.70,0.0,-9.9
'Zavalla',16,8,2006,15400.0,2.8,13.5,0.8,2.40,0.0,-9.9
'Zavalla',17,8,2006,13600.0,0.5,14.8,0.8,1.80,0.0,-9.9
'Zavalla',18,8,2006,15200.0,-1.1,17.8,0.8,2.30,0.0,-9.9
'Zavalla',19,8,2006,15700.0,6.0,23.3,0.9,3.70,0.0,-9.9
'Zavalla',20,8,2006,13500.0,3.4,14.5,0.6,2.90,0.0,-9.9
'Zavalla',21,8,2006,16500.0,1.20,16.00,0.6,2.90,0.0,-9.9
'Zavalla',22,8,2006,16700.0,3.8,24.9,0.9,2.40,0.0,-9.9
'Zavalla',23,8,2006,17100.0,4.2,28.3,1.0,2.40,0.0,-9.9
'Zavalla',24,8,2006,16000.0,9.9,27.2,1.1,3.00,0.0,-9.9
'Zavalla',25,8,2006, 4500.0,6.9,23.4,1.4,2.40,0.9,-9.9
'Zavalla',26,8,2006,14900.0,11.6,20.1,1.1,4.20,0.0,-9.9
'Zavalla',27,8,2006,14700.0,4.7,17.0,0.7,2.30,0.0,-9.9
'Zavalla',28,8,2006,16900.0,0.3,19.3,0.7,2.60,0.0,-9.9
'Zavalla',29,8,2006,16400.0,0.3,18.9,0.9,2.80,0.0,-9.9
'Zavalla',30,8,2006,16000.0,5.9,16.2,0.9,3.30,0.0,-9.9
'Zavalla',31,8,2006,16100.0,4.5,21.2,1.2,2.50,0.0,-9.9
'Zavalla',1,9,2006, 5400.0,7.3,16.2,1.2,5.00,9.5,-9.9
'Zavalla',2,9,2006,18200.0,3.3,15.3,0.7,3.60,0.0,-9.9
'Zavalla',3,9,2006,17000.0,3.0,14.4,0.7,3.70,0.0,-9.9
'Zavalla',4,9,2006,17800.0,-1.3,14.4,0.6,2.40,0.0,-9.9
'Zavalla',5,9,2006,16800.0,-2.1,16.3,0.6,2.70,0.0,-9.9
'Zavalla',6,9,2006,18200.0,2.9,18.0,0.8,3.90,0.0,-9.9
'Zavalla',7,9,2006,13300.0,3.9,20.9,1.0,2.30,0.0,-9.9
'Zavalla',8,9,2006,17400.0,6.8,23.6,1.0,2.30,0.0,-9.9
'Zavalla',9,9,2006,18200.0,4.0,24.6,1.0,2.40,0.0,-9.9
'Zavalla',10,9,2006,16600.0,14.5,29.6,1.3,4.30,0.0,-9.9
'Zavalla',11,9,2006,19000.0,12.6,24.3,0.8,4.00,0.0,-9.9
'Zavalla',12,9,2006,20000.0,3.6,24.0,0.8,3.20,0.0,-9.9
'Zavalla',13,9,2006,18500.0,8.0,20.9,1.0,2.70,0.0,-9.9
'Zavalla',14,9,2006,20300.0,3.4,23.6,1.0,2.10,0.0,-9.9
'Zavalla',15,9,2006,20300.0,3.3,23.6,0.6,3.10,0.0,-9.9
'Zavalla',16,9,2006,21300.0,0.2,25.0,0.8,3.00,0.0,-9.9
'Zavalla',17,9,2006,21600.0,9.4,26.0,1.1,2.40,0.0,-9.9
'Zavalla',18,9,2006,20800.0,4.8,27.3,1.0,2.90,0.0,-9.9
'Zavalla',19,9,2006, 7300.0,5.1,22.7,1.7,2.20,0.1,-9.9
'Zavalla',20,9,2006,20800.0,10.5,25.5,1.2,3.20,0.0,-9.9
'Zavalla',21,9,2006,18500.0,5.2,25.9,1.2,3.70,0.0,-9.9
'Zavalla',22,9,2006,15800.0,11.7,22.4,1.4,3.70,0.0,-9.9
'Zavalla',23,9,2006,20900.0,6.2,19.1,0.9,3.50,0.0,-9.9
'Zavalla',24,9,2006,21900.0,1.3,22.0,1.0,2.50,0.0,-9.9
'Zavalla',25,9,2006,22300.0,7.6,26.2,1.1,4.30,0.0,-9.9
'Zavalla',26,9,2006,21700.0,12.0,30.3,1.2,3.70,3.6,-9.9
'Zavalla',27,9,2006, 5900.0,12.4,20.5,1.5,3.80,9.1,-9.9
'Zavalla',28,9,2006,21800.0,6.7,21.3,1.0,2.70,0.0,-9.9
'Zavalla',29,9,2006,21800.0,5.0,23.4,1.0,2.90,0.0,-9.9
'Zavalla',30,9,2006,23100.0,6.7,25.5,1.2,2.90,0.0,-9.9
'Zavalla',1,10,2006,15000.0,10.9,31.3,2.0,2.20,0.0,-9.9
'Zavalla',2,10,2006, 8900.0,15.6,26.9,2.1,2.90,23.7,-9.9
'Zavalla',3,10,2006,16400.0,16.5,24.2,2.1,2.30,0.0,-9.9
'Zavalla',4,10,2006,11900.0,13.3,26.4,1.7,4.80,6.1,-9.9
'Zavalla',5,10,2006, 6600.0,8.1,20.0,0.8,2.40,0.0,-9.9
'Zavalla',6,10,2006,20000.0,7.7,23.4,1.1,2.20,0.0,-9.9
'Zavalla',7,10,2006,23600.0,8.2,25.9,1.2,1.90,0.0,-9.9
'Zavalla',8,10,2006,21600.0,11.0,26.9,1.4,3.50,0.0,-9.9
'Zavalla',9,10,2006,22100.0,14.5,28.20,1.8,2.50,0.0,-9.9
'Zavalla',10,10,2006,10600.0,13.5,27.7,1.9,2.40,0.0,-9.9
'Zavalla',11,10,2006,23200.0,12.4,28.0,1.5,2.80,0.0,-9.9
'Zavalla',12,10,2006,23700.0,13.6,29.2,2.0,3.00,27.5,-9.9
'Zavalla',13,10,2006,21300.0,19.9,30.5,2.2,4.20,53.0,-9.9
'Zavalla',14,10,2006,20200.0,13.1,25.3,1.2,3.50,0.0,-9.9
'Zavalla',15,10,2006,25200.0,8.9,22.5,1.1,2.70,0.0,-9.9
'Zavalla',16,10,2006,23900.0,7.8,23.7,1.1,2.60,0.0,-9.9
'Zavalla',17,10,2006,22000.0,10.3,25.9,1.5,2.40,0.0,-9.9
'Zavalla',18,10,2006,22700.0,13.1,24.7,1.3,3.20,0.0,-9.9
'Zavalla',19,10,2006,25100.0,10.6,24.5,1.5,2.80,0.0,-9.9
'Zavalla',20,10,2006,25000.0,10.3,26.0,1.5,2.10,0.0,-9.9
'Zavalla',21,10,2006,26200.0,14.3,30.5,1.5,2.40,0.0,-9.9
'Zavalla',22,10,2006,24900.0,15.5,31.9,1.5,3.20,0.0,-9.9
'Zavalla',23,10,2006,26700.0,16.4,31.0,1.7,3.60,0.0,-9.9
'Zavalla',24,10,2006,22100.0,20.0,33.5,2.1,3.70,0.0,-9.9
'Zavalla',25,10,2006,13200.0,14.3,26.9,1.7,4.40,0.0,-9.9
'Zavalla',26,10,2006,26700.0,7.1,23.0,1.3,3.40,8.5,-9.9
'Zavalla',27,10,2006, 7100.0,12.7,17.9,1.6,2.40,3.1,-9.9
'Zavalla',28,10,2006,10400.0,14.8,24.6,1.9,2.60,61.2,-9.9
'Zavalla',29,10,2006,12600.0,17.5,24.2,1.7,3.40,0.0,-9.9
'Zavalla',30,10,2006,25400.0,12.0,26.1,1.7,2.90,0.0,-9.9
'Zavalla',31,10,2006,21300.0,15.2,24.5,1.4,2.70,0.0,-9.9
'Zavalla',1,11,2006,27600.0,10.2,25.5,1.4,2.20,0.0,-9.9
'Zavalla',2,11,2006,23100.0,10.4,28.4,1.7,2.30,5.9,-9.9
'Zavalla',3,11,2006,23600.0,16.0,24.3,1.6,3.80,0.0,-9.9
'Zavalla',4,11,2006,25300.0,10.6,24.3,1.6,3.40,0.0,-9.9
'Zavalla',5,11,2006, 7800.0,15.1,18.2,1.8,2.80,32.7,-9.9
'Zavalla',6,11,2006,28200.0,15.1,22.8,1.1,4.40,0.0,-9.9
'Zavalla',7,11,2006,21500.0,6.7,19.6,0.9,2.50,0.0,-9.9
'Zavalla',8,11,2006,25900.0,8.1,21.9,1.2,2.10,0.0,-9.9
'Zavalla',9,11,2006,19200.0,11.4,24.2,1.2,1.20,0.0,-9.9
'Zavalla',10,11,2006,28200.0,10.3,27.6,1.4,1.90,0.0,-9.9
'Zavalla',11,11,2006,26400.0,13.1,27.5,1.7,2.90,0.0,-9.9
'Zavalla',12,11,2006,27700.0,16.8,29.7,1.5,4.20,0.0,-9.9
'Zavalla',13,11,2006,28900.0,17.2,31.2,1.7,4.60,0.0,-9.9
'Zavalla',14,11,2006,27900.0,19.4,34.0,1.9,3.60,0.0,-9.9
'Zavalla',15,11,2006,22100.0,19.9,29.8,2.1,2.50,39.8,-9.9
'Zavalla',16,11,2006, 7700.0,17.1,24.0,1.9,3.50,0.0,-9.9
'Zavalla',17,11,2006, 7700.0,15.9,22.9,1.4,3.90,0.0,-9.9
'Zavalla',18,11,2006, 9400.0,11.1,19.1,1.4,2.90,0.0,-9.9
'Zavalla',19,11,2006, 7700.0,9.8,24.0,1.3,1.90,0.0,-9.9
'Zavalla',20,11,2006, 7800.0,12.2,26.8,1.4,3.20,0.0,-9.9
'Zavalla',21,11,2006,28000.0,14.7,33.0,1.6,2.50,0.0,-9.9
'Zavalla',22,11,2006,29000.0,11.0,30.8,1.4,2.40,0.0,-9.9
'Zavalla',23,11,2006,20200.0,18.2,34.8,2.0,2.70,0.0,-9.9
'Zavalla',24,11,2006,22700.0,17.4,33.4,1.9,1.80,0.0,-9.9
'Zavalla',25,11,2006, 7800.0,19.7,29.3,2.2,2.90,21.0,-9.9
'Zavalla',26,11,2006,23000.0,17.0,22.6,2.0,5.10,0.6,-9.9
'Zavalla',27,11,2006, 7900.0,14.5,18.8,1.6,3.50,26.6,-9.9
'Zavalla',28,11,2006,30100.0,12.8,25.7,1.6,2.30,0.0,-9.9
'Zavalla',29,11,2006,28200.0,13.9,27.6,1.6,1.90,0.0,-9.9
'Zavalla',30,11,2006,30000.0,15.1,29.1,1.9,3.70,0.0,-9.9
'Zavalla',1,12,2006,28800.0,18.5,31.7,2.2,3.50,16.5,-9.9
'Zavalla',2,12,2006,20100.0,17.3,28.1,2.3,2.80,0.0,-9.9
'Zavalla',3,12,2006,29200.0,15.6,26.0,1.6,2.60,0.0,-9.9
'Zavalla',4,12,2006,26500.0,14.1,27.7,2.0,2.70,5.2,-9.9
'Zavalla',5,12,2006,18700.0,17.9,25.0,2.0,2.20,0.0,-9.9
'Zavalla',6,12,2006,28800.0,15.7,28.6,2.1,2.30,0.0,-9.9
'Zavalla',7,12,2006,26900.0,17.9,29.4,2.1,2.50,0.0,-9.9
'Zavalla',8,12,2006,25900.0,16.9,29.8,2.1,2.00,0.0,-9.9
'Zavalla',9,12,2006,31100.0,18.1,32.6,1.9,1.90,0.0,-9.9
'Zavalla',10,12,2006,24000.0,18.7,33.0,2.0,1.90,0.0,-9.9
'Zavalla',11,12,2006,19100.0,21.4,32.4,2.2,2.20,0.0,-9.9
'Zavalla',12,12,2006,13200.0,20.0,32.1,2.5,1.10,0.9,-9.9
'Zavalla',13,12,2006,28500.0,19.5,29.7,2.4,2.00,0.0,-9.9
'Zavalla',14,12,2006,23900.0,19.3,30.2,1.9,2.90,0.0,-9.9
'Zavalla',15,12,2006,28600.0,15.3,30.2,2.0,2.80,0.0,-9.9
'Zavalla',16,12,2006,30300.0,18.9,35.1,2.9,3.20,98.0,-9.9
'Zavalla',17,12,2006,12500.0,17.7,31.7,2.0,3.00,11.0,-9.9
'Zavalla',18,12,2006,19700.0,17.5,25.8,2.4,1.40,0.0,-9.9
'Zavalla',19,12,2006, 8100.0,20.7,24.1,2.5,2.50,32.0,-9.9
'Zavalla',20,12,2006,31400.0,17.8,25.9,1.8,3.30,0.0,-9.9
'Zavalla',21,12,2006,28900.0,14.2,27.1,2.0,1.80,0.0,-9.9
'Zavalla',22,12,2006,30600.0,16.3,30.7,2.4,2.20,0.0,-9.9
'Zavalla',23,12,2006,23700.0,21.6,33.3,2.8,2.50,60.6,-9.9
'Zavalla',24,12,2006,23400.0,19.9,27.6,2.4,2.90,9.3,-9.9
'Zavalla',25,12,2006,31400.0,17.4,26.1,1.8,3.00,0.0,-9.9
'Zavalla',26,12,2006,27900.0,14.1,27.7,2.2,2.20,0.0,-9.9
'Zavalla',27,12,2006,27400.0,18.0,31.1,2.5,2.50,0.0,-9.9
'Zavalla',28,12,2006,25400.0,18.2,31.5,2.7,2.70,0.0,-9.9
'Zavalla',29,12,2006,28600.0,22.0,33.2,3.1,2.20,0.0,-9.9
'Zavalla',30,12,2006,14300.0,21.9,28.9,2.6,2.60,0.0,-9.9
'Zavalla',31,12,2006,30500.0,19.6,33.5,2.9,3.20,0.0,-9.9
