* Source of data    : Zavalla local weather station 
* File content      : Meteo input file for Swap 3.2 (www.swap.alterra.nl) 
* File generated at :  Mon Oct 03 22:18:27 2016 
station,DD,MM,YYYY,Rad,Tmin,Tmax,Hum,Wind,Rain,ETref 
'Zavalla',1,1,2000,24900.0,18.4,32.9,1.8,1.9,0.0,6.0
'Zavalla',2,1,2000,30500.0,15.5,32.3,1.8,2.5,0.0,6.7
'Zavalla',3,1,2000,31000.0,16.6,31.4,1.7,2.40,0.0,6.6
'Zavalla',4,1,2000,31000.0,15.2,33.7,1.8,23.1,0.0,14.8
'Zavalla',5,1,2000,21400.0,21.8,34.7,2.2,1.4,0.0,5.6
'Zavalla',6,1,2000,29400.0,19.3,37.1,2.2,1.4,0.0,6.8
'Zavalla',7,1,2000,23300.0,20.3,37.6,2.3,3.1,0.0,6.6
'Zavalla',8,1,2000,13200.0,21.8,28.1,2.1,3.6,0.0,4.3
'Zavalla',9,1,2000,21500.0,16.2,34.5,2.1,3.1,0.0,5.6
'Zavalla',10,1,2000,14100.0,18.6,28.4,2.4,1.9,0.2,3.4
'Zavalla',11,1,2000,26800.0,17.0,34.2,2.4,1.7,0.0,5.9
'Zavalla',12,1,2000,31400.0,18.8,35.3,2.3,2.8,0.0,7.4
'Zavalla',13,1,2000,27400.0,19.6,33.7,2.4,2.5,0.0,6.6
'Zavalla',14,1,2000,11100.0,21.3,28.1,2.5,1.7,6.5,3.0
'Zavalla',15,1,2000,22000.0,17.8,30.1,2.5,1.4,0.0,4.7
'Zavalla',16,1,2000,12500.0,19.0,29.7,2.5,1.7,58.0,3.2
'Zavalla',17,1,2000,25300.0,17.5,29.1,2.1,1.7,0.0,5.4
'Zavalla',18,1,2000,29600.0,15.5,31.3,2.2,0.8,0.0,5.8
'Zavalla',19,1,2000,30000.0,17.6,32.9,2.2,1.9,0.0,6.5
'Zavalla',20,1,2000,29900.0,20.6,34.5,2.4,2.2,0.0,7.0
'Zavalla',21,1,2000,13600.0,21.3,28.7,2.6,2.8,5.2,3.6
'Zavalla',22,1,2000,28100.0,14.3,26.0,1.8,2.8,0.0,5.5
'Zavalla',23,1,2000,26600.0,15.3,30.3,2.2,2.2,6.5,5.4
'Zavalla',24,1,2000,16100.0,17.3,24.8,2.0,1.9,7.1,3.5
'Zavalla',25,1,2000,29100.0,15.5,28.5,2.0,1.7,0.0,5.6
'Zavalla',26,1,2000,28300.0,14.9,30.8,1.9,1.4,0.0,5.6
'Zavalla',27,1,2000,26100.0,15.8,31.3,1.9,1.7,0.0,5.5
'Zavalla',28,1,2000,23900.0,16.1,31.2,2.0,1.7,0.0,5.2
'Zavalla',29,1,2000,22600.0,17.4,33.1,2.3,1.1,0.0,5.0
'Zavalla',30,1,2000,14900.0,19.6,31.8,2.4,1.4,0.0,3.8
'Zavalla',31,1,2000,27600.0,16.6,32.9,2.3,1.1,0.0,5.7
'Zavalla',1,2,2000,25200.0,18.1,33.6,2.5,1.4,0.0,5.5
'Zavalla',2,2,2000, 8100.0,20.7,26.8,2.5,1.7,5.6,2.3
'Zavalla',3,2,2000,28700.0,15.8,30.4,1.8,1.4,0.0,5.7
'Zavalla',4,2,2000,28800.0,12.0,32.9,1.6,1.1,0.0,5.5
'Zavalla',5,2,2000,25700.0,14.2,34.1,2.1,1.4,0.0,5.3
'Zavalla',6,2,2000,16600.0,20.4,33.8,2.6,1.4,0.0,4.3
'Zavalla',7,2,2000,20800.0,19.0,35.9,2.4,2.2,0.0,5.4
'Zavalla',8,2,2000,22300.0,19.1,32.8,2.5,1.7,0.0,5.1
'Zavalla',9,2,2000,24000.0,22.0,34.9,2.5,1.7,0.0,5.9
'Zavalla',10,2,2000,21400.0,20.1,36.0,2.6,3.6,18.7,5.9
'Zavalla',11,2,2000, 8000.0,19.1,29.6,2.5,1.7,36.0,2.4
'Zavalla',12,2,2000, 7300.0,18.4,21.7,2.2,2.8,0.0,1.8
'Zavalla',13,2,2000,25100.0,15.5,26.0,1.6,1.9,0.0,4.9
'Zavalla',14,2,2000, 7700.0,14.4,22.7,1.8,1.7,0.0,1.9
'Zavalla',15,2,2000,27500.0,14.3,26.2,1.8,2.8,0.0,5.1
'Zavalla',16,2,2000,27400.0,15.6,27.5,1.8,2.5,0.0,5.3
'Zavalla',17,2,2000,26200.0,13.5,27.3,1.9,2.5,0.0,4.8
'Zavalla',18,2,2000,27300.0,15.3,29.3,2.1,1.4,0.0,5.1
'Zavalla',19,2,2000,10700.0,16.6,28.5,2.4,0.8,0.0,2.4
'Zavalla',20,2,2000,14900.0,19.6,29.3,2.3,1.1,0.0,3.5
'Zavalla',21,2,2000,26100.0,16.0,29.5,2.4,0.6,0.0,4.8
'Zavalla',22,2,2000,25700.0,17.9,31.1,2.3,0.8,0.0,5.1
'Zavalla',23,2,2000,24100.0,18.1,32.8,2.5,0.8,0.0,4.9
'Zavalla',24,2,2000,14600.0,19.8,32.8,2.6,1.4,2.0,3.6
'Zavalla',25,2,2000, 6800.0,21.5,24.9,2.6,1.4,3.5,1.7
'Zavalla',26,2,2000,17300.0,21.7,29.7,2.9,3.3,85.5,4.0
'Zavalla',27,2,2000,13700.0,18.5,25.6,2.1,2.2,7.0,3.1
'Zavalla',28,2,2000,25300.0,10.6,25.5,1.5,1.1,0.0,4.1
'Zavalla',29,2,2000,23900.0,10.3,25.9,1.7,1.4,0.0,3.8
'Zavalla',1,3,2000,15000.0,12.9,24.9,2.0,2.2,4.3,2.7
'Zavalla',2,3,2000,16500.0,15.8,26.6,2.4,1.7,0.0,3.0
'Zavalla',3,3,2000,21000.0,18.4,29.2,2.6,1.9,11.5,4.2
'Zavalla',4,3,2000, 7700.0,19.0,25.8,2.6,1.9,1.1,1.8
'Zavalla',5,3,2000,18200.0,20.2,29.1,2.6,2.2,0.0,3.9
'Zavalla',6,3,2000,21200.0,18.5,27.8,2.3,2.2,0.0,4.2
'Zavalla',7,3,2000,22600.0,15.1,26.5,2.0,2.2,0.0,4.0
'Zavalla',8,3,2000, 8600.0,15.9,24.0,1.9,1.7,0.0,2.1
'Zavalla',9,3,2000,20900.0,17.7,26.9,2.0,1.7,0.0,4.0
'Zavalla',10,3,2000,21800.0,15.3,28.8,2.2,0.8,0.0,3.8
'Zavalla',11,3,2000,21600.0,16.5,28.9,2.3,1.4,0.0,4.0
'Zavalla',12,3,2000,21300.0,14.9,28.7,2.1,1.1,0.0,3.8
'Zavalla',13,3,2000,20000.0,15.0,28.2,2.0,1.9,0.0,3.8
'Zavalla',14,3,2000,21300.0,13.9,29.6,2.1,0.6,0.0,3.7
'Zavalla',15,3,2000,21000.0,16.4,31.1,2.2,1.9,0.0,4.2
'Zavalla',16,3,2000, 8200.0,17.3,24.6,2.1,2.8,6.1,2.1
'Zavalla',17,3,2000,21200.0,10.8,25.3,1.6,1.4,0.0,3.3
'Zavalla',18,3,2000,21100.0,10.3,27.0,1.7,1.4,0.0,3.3
'Zavalla',19,3,2000,20900.0,14.1,27.7,1.7,2.5,0.0,3.9
'Zavalla',20,3,2000,16400.0,15.6,26.8,1.8,1.9,0.5,3.3
'Zavalla',21,3,2000,20600.0,15.7,26.0,1.5,2.2,0.0,3.9
'Zavalla',22,3,2000,20100.0,8.3,26.2,1.6,2.5,0.0,3.1
'Zavalla',23,3,2000, 9300.0,17.0,27.3,2.5,2.8,0.4,2.0
'Zavalla',24,3,2000,19300.0,14.0,26.0,1.3,1.7,0.0,3.6
'Zavalla',25,3,2000,20100.0,8.0,26.9,1.7,2.2,15.6,3.0
'Zavalla',26,3,2000, 6000.0,16.3,20.2,2.0,3.1,20.0,1.3
'Zavalla',27,3,2000,15600.0,10.6,20.4,1.2,2.8,0.0,2.9
'Zavalla',28,3,2000,20000.0,5.3,20.0,1.1,1.1,0.0,2.4
'Zavalla',29,3,2000,19800.0,9.5,21.5,1.3,1.4,0.0,2.7
'Zavalla',30,3,2000,17900.0,10.0,23.5,1.6,1.1,0.0,2.5
'Zavalla',31,3,2000,18300.0,14.8,26.1,1.7,1.1,0.0,3.1
'Zavalla',1,4,2000,18000.0,12.8,23.8,1.8,1.7,0.0,2.7
'Zavalla',2,4,2000,19000.0,10.1,25.2,1.5,1.7,0.0,2.8
'Zavalla',3,4,2000, 5300.0,9.1,16.9,1.6,1.9,8.3,0.9
'Zavalla',4,4,2000, 8700.0,14.9,23.0,1.9,0.6,0.0,1.7
'Zavalla',5,4,2000,15000.0,16.7,26.6,2.3,1.4,16.9,2.6
'Zavalla',6,4,2000, 5400.0,19.8,23.6,2.5,2.2,45.5,1.2
'Zavalla',7,4,2000, 5500.0,20.5,23.8,2.5,1.4,0.7,1.3
'Zavalla',8,4,2000, 7700.0,18.7,24.2,2.4,2.5,7.7,1.6
'Zavalla',9,4,2000,13000.0,21.1,33.4,2.9,2.8,0.9,3.2
'Zavalla',10,4,2000, 5600.0,17.5,26.8,2.1,2.2,2.7,1.9
'Zavalla',11,4,2000, 9800.0,13.7,21.0,1.6,1.7,0.0,1.9
'Zavalla',12,4,2000,17100.0,7.7,19.8,1.3,0.8,0.0,1.9
'Zavalla',13,4,2000,17200.0,8.5,22.2,1.5,1.1,0.0,2.0
'Zavalla',14,4,2000, 9500.0,10.6,23.3,1.7,0.6,0.0,1.5
'Zavalla',15,4,2000, 4700.0,13.0,17.9,1.9,1.4,13.6,0.8
'Zavalla',16,4,2000, 4800.0,13.5,17.4,1.8,2.2,20.0,0.8
'Zavalla',17,4,2000, 4600.0,15.4,17.8,1.8,3.3,16.8,0.9
'Zavalla',18,4,2000, 4500.0,13.7,17.7,1.6,2.2,0.9,1.1
'Zavalla',19,4,2000,15900.0,9.5,21.2,1.3,1.7,0.0,2.0
'Zavalla',20,4,2000,16100.0,7.4,21.9,1.4,0.6,0.0,1.7
'Zavalla',21,4,2000,15500.0,7.0,23.1,1.5,1.4,0.0,1.7
'Zavalla',22,4,2000,16600.0,10.8,24.3,1.7,2.2,0.0,2.1
'Zavalla',23,4,2000,16400.0,12.7,27.3,1.9,1.9,0.0,2.4
'Zavalla',24,4,2000,15600.0,14.6,25.9,2.0,1.7,0.0,2.2
'Zavalla',25,4,2000,12500.0,15.0,27.5,2.1,1.9,0.0,2.1
'Zavalla',26,4,2000,12100.0,18.0,26.2,2.4,3.9,16.8,2.2
'Zavalla',27,4,2000, 4200.0,13.9,21.7,2.1,2.5,0.3,0.8
'Zavalla',28,4,2000,12300.0,16.6,22.1,1.9,1.4,0.0,1.8
'Zavalla',29,4,2000,11200.0,15.9,26.7,2.4,2.5,42.6,1.8
'Zavalla',30,4,2000, 4100.0,15.6,21.8,1.8,3.1,42.6,1.5
'Zavalla',1,5,2000, 5000.0,15.4,18.7,1.8,2.8,0.0,1.0
'Zavalla',2,5,2000,10900.0,9.0,18.0,1.2,2.2,0.1,1.5
'Zavalla',3,5,2000, 4900.0,11.1,15.1,1.2,6.4,0.0,1.9
'Zavalla',4,5,2000, 3900.0,8.7,11.1,1.1,3.1,11.5,0.8
'Zavalla',5,5,2000,10800.0,7.5,13.4,1.0,3.3,0.0,1.4
'Zavalla',6,5,2000,14600.0,3.8,19.9,1.0,1.9,0.0,1.4
'Zavalla',7,5,2000,13800.0,3.9,21.5,1.3,0.8,0.0,1.1
'Zavalla',8,5,2000,12900.0,6.3,17.9,1.2,1.1,0.0,1.1
'Zavalla',9,5,2000,12700.0,5.8,22.0,1.4,1.1,0.0,1.1
'Zavalla',10,5,2000, 7400.0,10.5,18.0,1.6,1.9,0.0,0.8
'Zavalla',11,5,2000, 7200.0,11.3,19.0,1.4,1.1,0.0,1.1
'Zavalla',12,5,2000,11200.0,9.4,20.9,1.4,0.8,0.0,1.1
'Zavalla',13,5,2000, 3700.0,11.0,17.5,1.8,3.9,11.0,0.6
'Zavalla',14,5,2000, 3600.0,16.0,17.2,1.8,4.7,51.5,0.7
'Zavalla',15,5,2000, 3600.0,15.2,16.2,1.8,4.7,41.0,0.7
'Zavalla',16,5,2000, 5200.0,12.6,15.4,1.6,6.7,14.2,0.8
'Zavalla',17,5,2000, 3600.0,12.5,15.4,1.4,3.6,0.0,1.0
'Zavalla',18,5,2000, 4100.0,8.7,15.9,1.3,1.4,0.0,0.7
'Zavalla',19,5,2000, 9300.0,7.3,18.4,1.3,1.1,0.0,0.8
'Zavalla',20,5,2000, 5200.0,10.3,17.9,1.4,1.4,0.0,0.9
'Zavalla',21,5,2000, 6200.0,11.1,18.9,1.4,1.7,0.0,1.0
'Zavalla',22,5,2000,10400.0,10.8,22.0,1.4,1.1,0.0,1.2
'Zavalla',23,5,2000, 5100.0,13.6,21.1,1.5,1.7,0.0,1.3
'Zavalla',24,5,2000, 3700.0,11.8,18.9,1.6,2.5,0.0,0.7
'Zavalla',25,5,2000, 3800.0,13.7,18.9,1.7,2.2,2.5,0.8
'Zavalla',26,5,2000,12400.0,7.6,19.2,1.1,1.1,0.0,1.0
'Zavalla',27,5,2000,12200.0,5.1,20.7,1.3,1.1,0.0,0.7
'Zavalla',28,5,2000,12100.0,7.6,20.5,1.3,2.2,0.0,1.0
'Zavalla',29,5,2000, 3900.0,11.4,18.1,1.5,1.1,0.0,0.8
'Zavalla',30,5,2000,12100.0,6.9,16.8,1.1,3.1,0.0,1.1
'Zavalla',31,5,2000, 3300.0,6.2,12.0,1.1,1.4,0.8,0.4
'Zavalla',1,6,2000, 8900.0,2.3,13.1,0.9,1.7,0.0,0.5
'Zavalla',2,6,2000, 3200.0,6.7,16.7,1.1,2.5,0.0,1.0
'Zavalla',3,6,2000,12100.0,8.6,17.8,1.3,2.8,0.0,0.9
'Zavalla',4,6,2000, 9200.0,12.2,22.0,1.9,2.2,0.0,0.8
'Zavalla',5,6,2000, 3200.0,14.5,19.2,1.9,1.7,0.0,0.6
'Zavalla',6,6,2000, 4600.0,12.4,16.4,1.2,3.3,0.1,1.5
'Zavalla',7,6,2000, 3200.0,11.1,14.5,1.4,2.2,0.0,0.6
'Zavalla',8,6,2000, 3200.0,11.9,14.3,1.5,0.8,0.0,0.5
'Zavalla',9,6,2000, 3200.0,13.2,16.5,1.6,1.4,0.8,0.6
'Zavalla',10,6,2000, 4200.0,10.1,16.3,1.5,1.4,0.0,0.5
'Zavalla',11,6,2000, 4000.0,5.2,13.6,1.2,2.5,0.0,0.4
'Zavalla',12,6,2000, 3100.0,10.4,16.5,1.6,2.2,0.0,0.5
'Zavalla',13,6,2000, 4300.0,14.1,22.3,2.1,2.5,0.0,0.6
'Zavalla',14,6,2000, 3300.0,18.9,22.7,2.3,2.2,25.0,0.8
'Zavalla',15,6,2000, 3100.0,10.3,19.9,1.3,5.6,3.5,1.9
'Zavalla',16,6,2000,11600.0,4.7,11.8,0.9,2.8,0.0,0.7
'Zavalla',17,6,2000, 9900.0,0.8,10.7,0.8,2.2,0.0,0.5
'Zavalla',18,6,2000, 3300.0,4.6,10.8,0.9,1.7,0.0,0.7
'Zavalla',19,6,2000,11700.0,0.9,11.2,0.7,1.7,0.0,0.6
'Zavalla',20,6,2000,11600.0,-0.8,11.7,0.7,1.1,0.0,0.5
'Zavalla',21,6,2000,11600.0,-0.1,13.8,0.8,1.9,0.0,0.4
'Zavalla',22,6,2000, 5400.0,4.2,15.0,1.1,2.5,0.0,0.5
'Zavalla',23,6,2000, 4700.0,6.9,17.1,1.4,1.9,22.0,0.4
'Zavalla',24,6,2000, 4300.0,10.7,16.4,1.3,3.6,0.0,1.0
'Zavalla',25,6,2000,10500.0,4.4,15.9,1.0,1.1,0.0,0.6
'Zavalla',26,6,2000, 9800.0,7.4,16.4,1.0,1.9,0.0,0.9
'Zavalla',27,6,2000, 3100.0,5.5,13.3,1.3,2.8,0.0,0.4
'Zavalla',28,6,2000, 5300.0,7.2,14.0,1.2,1.9,0.0,0.5
'Zavalla',29,6,2000,10900.0,4.5,14.6,1.0,1.4,0.0,0.5
'Zavalla',30,6,2000,11000.0,3.9,14.7,1.1,3.1,0.0,0.5
'Zavalla',1,7,2000, 3200.0,9.3,14.1,1.2,3.3,0.1,0.9
'Zavalla',2,7,2000,11900.0,6.0,15.9,0.8,3.6,0.0,1.6
'Zavalla',3,7,2000,10300.0,4.4,16.0,1.0,1.7,0.0,0.7
'Zavalla',4,7,2000,10000.0,7.4,17.3,0.9,1.9,0.0,1.1
'Zavalla',5,7,2000,11300.0,4.8,19.1,1.1,1.7,0.0,0.7
'Zavalla',6,7,2000, 9600.0,11.2,24.7,1.8,1.9,0.0,1.0
'Zavalla',7,7,2000, 3200.0,11.7,21.2,1.6,5.0,0.3,1.2
'Zavalla',8,7,2000, 3200.0,5.4,11.7,0.9,5.6,2.5,1.2
'Zavalla',9,7,2000, 3300.0,4.0,6.7,0.8,4.7,3.8,0.9
'Zavalla',10,7,2000, 3300.0,4.2,7.5,0.8,5.3,0.1,1.0
'Zavalla',11,7,2000, 8400.0,2.1,6.4,0.6,5.0,0.0,1.0
'Zavalla',12,7,2000, 9600.0,0.9,8.5,0.6,4.2,0.0,1.2
'Zavalla',13,7,2000, 7800.0,-3.3,7.7,0.6,1.9,0.0,0.6
'Zavalla',14,7,2000, 8500.0,0.6,10.8,0.7,3.1,0.0,1.0
'Zavalla',15,7,2000,12800.0,0.3,8.9,0.6,3.9,0.0,1.0
'Zavalla',16,7,2000,13100.0,-3.1,10.8,0.6,1.7,0.0,0.6
'Zavalla',17,7,2000,12300.0,-0.3,13.3,0.7,3.1,0.0,0.9
'Zavalla',18,7,2000,12600.0,1.4,11.0,0.6,4.2,0.0,1.4
'Zavalla',19,7,2000,12800.0,-1.2,11.3,0.6,3.3,0.0,1.1
'Zavalla',20,7,2000,12300.0,0.4,18.2,0.7,1.9,0.0,1.1
'Zavalla',21,7,2000,11100.0,0.7,14.3,0.8,3.6,0.0,0.9
'Zavalla',22,7,2000,13500.0,1.0,11.8,0.6,3.1,0.0,1.2
'Zavalla',23,7,2000,12900.0,-2.1,17.4,0.6,3.3,0.0,1.4
'Zavalla',24,7,2000, 8900.0,3.6,18.9,0.8,2.2,0.0,1.5
'Zavalla',25,7,2000,13800.0,0.5,17.1,0.7,0.8,0.0,0.9
'Zavalla',26,7,2000,13500.0,0.9,18.5,0.8,2.2,0.0,1.2
'Zavalla',27,7,2000,12100.0,1.1,18.7,1.0,0.8,0.0,0.8
'Zavalla',28,7,2000,11900.0,2.4,17.3,0.9,2.2,0.0,1.1
'Zavalla',29,7,2000, 5100.0,3.0,9.5,0.9,1.1,0.0,0.6
'Zavalla',30,7,2000,11700.0,-0.5,14.7,1.0,1.1,0.0,0.6
'Zavalla',31,7,2000,10800.0,0.9,17.1,1.1,3.3,0.0,0.8
'Zavalla',1,8,2000, 9600.0,7.7,16.4,1.1,2.5,0.0,1.2
'Zavalla',2,8,2000,13100.0,4.7,16.7,0.7,2.2,0.0,1.5
'Zavalla',3,8,2000,14600.0,-2.0,15.5,0.6,1.4,0.0,1.1
'Zavalla',4,8,2000, 5900.0,0.8,13.7,0.8,2.8,0.0,1.0
'Zavalla',5,8,2000,10500.0,2.2,19.3,1.1,1.7,0.0,1.0
'Zavalla',6,8,2000,13900.0,6.9,24.1,1.5,1.9,0.0,1.4
'Zavalla',7,8,2000,14700.0,11.7,25.7,1.7,2.8,0.0,2.1
'Zavalla',8,8,2000, 5800.0,10.1,17.2,1.1,3.3,10.0,1.7
'Zavalla',9,8,2000,15600.0,2.7,14.2,0.8,1.9,0.0,1.3
'Zavalla',10,8,2000,15500.0,0.2,14.3,0.7,1.7,0.0,1.2
'Zavalla',11,8,2000,14300.0,-0.8,12.5,0.7,0.8,0.0,1.0
'Zavalla',12,8,2000,10300.0,-1.2,12.4,0.7,1.7,0.0,1.0
'Zavalla',13,8,2000,14300.0,0.1,15.3,0.9,1.1,0.0,1.0
'Zavalla',14,8,2000, 4600.0,9.2,13.9,1.2,2.2,0.0,1.0
'Zavalla',15,8,2000,15900.0,2.2,21.0,0.9,2.2,0.0,1.8
'Zavalla',16,8,2000,14000.0,7.3,20.1,1.1,2.8,0.0,2.0
'Zavalla',17,8,2000,15200.0,4.5,22.4,1.2,0.8,0.0,1.5
'Zavalla',18,8,2000,16200.0,7.8,23.8,1.1,2.5,0.0,2.4
'Zavalla',19,8,2000, 7900.0,11.2,24.1,1.9,2.8,21.0,1.3
'Zavalla',20,8,2000, 4400.0,14.0,19.0,1.8,2.8,10.0,1.0
'Zavalla',21,8,2000,11400.0,14.9,24.3,1.9,2.5,0.0,2.0
'Zavalla',22,8,2000, 4500.0,14.8,18.7,1.8,3.3,2.0,1.1
'Zavalla',23,8,2000, 4600.0,12.8,14.8,1.5,2.5,0.2,1.0
'Zavalla',24,8,2000, 4600.0,12.1,13.6,1.4,3.1,0.0,0.8
'Zavalla',25,8,2000,10100.0,9.1,15.9,1.1,1.9,0.0,1.5
'Zavalla',26,8,2000,17100.0,3.7,19.4,1.0,1.7,0.0,1.8
'Zavalla',27,8,2000,14600.0,5.2,18.0,0.9,3.6,0.0,2.2
'Zavalla',28,8,2000, 8800.0,-0.4,14.9,0.7,2.5,0.0,1.6
'Zavalla',29,8,2000,17600.0,4.8,17.2,0.7,2.8,0.0,2.4
'Zavalla',30,8,2000, 7200.0,3.9,20.6,1.0,5.0,3.2,2.3
'Zavalla',31,8,2000,18000.0,3.3,14.6,0.7,1.9,0.0,2.1
'Zavalla',1,9,2000,18300.0,-0.6,16.2,0.8,0.8,0.0,1.6
'Zavalla',2,9,2000,17600.0,1.2,20.5,0.9,1.7,0.0,2.0
'Zavalla',3,9,2000,18500.0,2.2,18.4,1.0,1.1,0.0,1.9
'Zavalla',4,9,2000,18500.0,3.6,21.1,1.0,1.7,0.0,2.2
'Zavalla',5,9,2000,17300.0,4.5,23.9,1.1,2.2,0.0,2.5
'Zavalla',6,9,2000,18200.0,7.1,25.1,1.5,6.4,0.0,3.0
'Zavalla',7,9,2000,16900.0,14.9,25.4,1.7,0.0,0.0,2.5
'Zavalla',8,9,2000,14500.0,12.8,28.0,2.0,4.2,30.5,2.9
'Zavalla',9,9,2000, 7200.0,15.3,20.0,1.8,3.3,0.1,1.6
'Zavalla',10,9,2000, 5800.0,13.5,21.8,2.0,4.4,3.2,1.0
'Zavalla',11,9,2000,19000.0,9.4,19.4,0.9,3.1,0.0,3.2
'Zavalla',12,9,2000, 6700.0,6.4,12.4,0.8,3.9,0.0,2.0
'Zavalla',13,9,2000, 5400.0,5.9,10.2,0.9,5.3,10.0,1.5
'Zavalla',14,9,2000, 5500.0,3.3,9.7,1.0,3.6,0.9,0.8
'Zavalla',15,9,2000, 7900.0,7.2,12.7,1.1,1.4,0.0,1.3
'Zavalla',16,9,2000, 7600.0,5.3,14.8,1.2,1.4,0.0,1.1
'Zavalla',17,9,2000,10200.0,10.8,20.3,1.6,2.5,0.0,1.8
'Zavalla',18,9,2000,12500.0,13.7,22.5,1.8,1.4,0.0,2.2
'Zavalla',19,9,2000,15400.0,9.3,22.4,1.7,4.4,0.9,2.2
'Zavalla',20,9,2000, 9400.0,14.1,22.0,1.8,3.3,0.0,2.0
'Zavalla',21,9,2000,21400.0,8.3,21.3,1.0,2.2,0.0,3.3
'Zavalla',22,9,2000,21700.0,5.4,21.2,1.2,3.6,0.0,3.0
'Zavalla',23,9,2000, 8400.0,11.5,19.0,1.1,3.3,0.0,2.8
'Zavalla',24,9,2000,21300.0,4.9,15.0,0.8,2.5,0.0,2.8
'Zavalla',25,9,2000,21300.0,0.0,17.7,0.9,2.2,0.0,2.5
'Zavalla',26,9,2000,21600.0,6.9,19.3,1.1,2.8,0.0,3.2
'Zavalla',27,9,2000,22100.0,7.5,22.2,1.2,2.2,0.0,3.3
'Zavalla',28,9,2000,22500.0,9.4,26.2,1.6,2.5,0.0,3.6
'Zavalla',29,9,2000,21700.0,12.9,29.8,2.0,2.2,0.0,4.0
'Zavalla',30,9,2000,20400.0,15.8,31.3,2.3,3.3,5.0,4.3
'Zavalla',1,10,2000, 6200.0,16.2,23.3,1.9,4.2,22.0,2.1
'Zavalla',2,10,2000, 7400.0,14.4,18.5,1.8,5.8,42.7,1.6
'Zavalla',3,10,2000, 6700.0,10.8,18.0,1.4,3.9,0.2,1.9
'Zavalla',4,10,2000,23600.0,3.6,18.0,1.2,1.9,0.0,2.6
'Zavalla',5,10,2000,23600.0,8.2,16.7,1.2,1.7,0.0,3.1
'Zavalla',6,10,2000,23500.0,6.6,21.5,1.4,1.1,0.0,3.1
'Zavalla',7,10,2000,17200.0,8.7,23.8,1.5,1.7,0.0,2.8
'Zavalla',8,10,2000,21800.0,14.7,26.1,1.6,5.0,0.0,4.9
'Zavalla',9,10,2000,23400.0,13.1,21.1,1.4,3.6,0.0,4.2
'Zavalla',10,10,2000,24100.0,6.9,21.9,1.2,1.7,0.0,3.5
'Zavalla',11,10,2000,24700.0,10.1,24.1,1.4,2.2,0.0,4.0
'Zavalla',12,10,2000,23800.0,13.1,28.1,1.4,4.4,0.0,5.4
'Zavalla',13,10,2000, 9900.0,11.9,19.0,1.4,3.6,0.0,2.5
'Zavalla',14,10,2000,16100.0,12.1,22.3,1.6,6.1,3.5,3.6
'Zavalla',15,10,2000, 7600.0,10.6,18.2,1.6,3.3,1.6,1.5
'Zavalla',16,10,2000, 7200.0,13.1,18.1,1.6,2.5,0.0,1.6
'Zavalla',17,10,2000,24900.0,10.6,22.5,1.6,0.8,0.0,3.7
'Zavalla',18,10,2000,22100.0,8.7,24.1,1.7,1.9,0.0,3.4
'Zavalla',19,10,2000,19900.0,16.2,29.5,2.4,1.4,0.0,3.9
'Zavalla',20,10,2000,24000.0,15.8,31.3,2.4,1.9,0.0,4.8
'Zavalla',21,10,2000,24800.0,18.0,30.9,2.6,5.8,27.8,5.5
'Zavalla',22,10,2000, 7000.0,17.5,26.7,2.1,2.2,2.7,2.3
'Zavalla',23,10,2000, 7100.0,13.7,19.4,1.5,5.3,0.0,2.6
'Zavalla',24,10,2000, 7100.0,12.3,19.1,1.7,3.6,0.9,1.6
'Zavalla',25,10,2000, 9500.0,14.8,23.0,2.1,2.2,3.0,1.9
'Zavalla',26,10,2000,13700.0,16.9,23.0,2.0,2.8,0.0,2.9
'Zavalla',27,10,2000,27700.0,13.1,25.0,1.5,1.9,0.0,4.9
'Zavalla',28,10,2000,25400.0,9.6,22.8,1.4,3.1,0.0,4.3
'Zavalla',29,10,2000,25500.0,11.0,22.7,1.4,3.1,0.0,4.5
'Zavalla',30,10,2000,25400.0,15.5,28.3,1.9,1.7,0.0,4.9
'Zavalla',31,10,2000,22900.0,15.9,30.1,2.0,3.9,0.0,5.3
'Zavalla',1,11,2000,12900.0,18.0,25.2,2.1,3.1,0.0,3.1
'Zavalla',2,11,2000,26400.0,15.7,25.7,1.6,1.1,0.0,4.8
'Zavalla',3,11,2000,26500.0,13.4,25.2,1.6,1.7,0.0,4.7
'Zavalla',4,11,2000,18300.0,16.8,25.2,1.8,1.1,0.0,3.7
'Zavalla',5,11,2000,16800.0,15.9,25.1,1.8,1.4,7.5,3.6
'Zavalla',6,11,2000,23600.0,13.3,22.5,1.7,2.8,6.5,4.2
'Zavalla',7,11,2000,10900.0,15.5,22.9,2.0,2.2,0.3,2.3
'Zavalla',8,11,2000,15600.0,14.8,22.4,1.9,2.5,14.2,3.0
'Zavalla',9,11,2000,23000.0,15.8,24.5,1.9,1.7,0.0,4.3
'Zavalla',10,11,2000,12400.0,16.6,23.7,1.9,2.8,25.0,3.1
'Zavalla',11,11,2000,10200.0,14.6,21.9,1.9,2.5,72.5,2.3
'Zavalla',12,11,2000,21100.0,11.4,21.6,1.6,2.5,0.0,3.7
'Zavalla',13,11,2000,22400.0,9.9,20.9,1.1,3.3,0.0,4.5
'Zavalla',14,11,2000,28300.0,7.3,17.0,0.9,2.5,0.0,4.4
'Zavalla',15,11,2000,28800.0,4.6,21.8,1.1,1.4,0.0,4.2
'Zavalla',16,11,2000,29100.0,10.0,25.9,1.5,2.2,0.0,5.1
'Zavalla',17,11,2000,29000.0,13.0,27.8,1.6,2.2,0.0,5.6
'Zavalla',18,11,2000,28800.0,15.1,29.5,1.8,3.1,0.0,6.1
'Zavalla',19,11,2000,11100.0,12.6,23.9,1.5,2.5,9.2,3.0
'Zavalla',20,11,2000,27800.0,8.2,22.9,1.3,2.2,0.0,4.6
'Zavalla',21,11,2000,24300.0,13.3,28.6,2.1,3.1,19.0,4.8
'Zavalla',22,11,2000, 7900.0,15.2,24.1,2.0,1.4,54.7,2.0
'Zavalla',23,11,2000,14800.0,16.4,29.7,2.2,3.9,29.2,4.0
'Zavalla',24,11,2000,28600.0,12.2,21.4,1.4,1.7,0.0,4.8
'Zavalla',25,11,2000,29800.0,10.4,24.2,1.5,2.2,0.0,5.0
'Zavalla',26,11,2000,17600.0,16.1,29.4,2.1,2.5,0.0,4.1
'Zavalla',27,11,2000,20300.0,19.6,28.8,2.5,1.7,1.3,4.5
'Zavalla',28,11,2000,13100.0,19.0,27.3,1.9,3.3,0.0,4.0
'Zavalla',29,11,2000,28400.0,13.6,23.8,1.5,3.1,0.0,5.4
'Zavalla',30,11,2000,28900.0,12.0,24.8,1.6,1.7,0.0,5.0
'Zavalla',1,12,2000,28500.0,12.9,26.9,1.7,1.7,0.0,5.2
'Zavalla',2,12,2000,23400.0,14.5,29.0,2.0,1.4,1.9,4.7
'Zavalla',3,12,2000, 8000.0,16.2,23.9,1.8,2.5,0.0,2.5
'Zavalla',4,12,2000,30500.0,10.8,24.3,1.2,1.4,0.0,5.2
'Zavalla',5,12,2000,28400.0,10.1,29.0,1.6,2.2,0.0,5.4
'Zavalla',6,12,2000,29200.0,16.8,32.2,1.9,2.8,0.0,6.7
'Zavalla',7,12,2000,12300.0,19.4,31.1,2.3,1.1,0.0,3.4
'Zavalla',8,12,2000,25000.0,20.0,33.7,2.4,1.4,0.0,5.9
'Zavalla',9,12,2000,27000.0,18.8,34.9,2.1,2.2,0.0,6.6
'Zavalla',10,12,2000,23100.0,18.3,35.7,2.6,3.1,8.0,6.0
'Zavalla',11,12,2000,16700.0,21.4,29.9,2.6,0.6,0.0,3.9
'Zavalla',12,12,2000,29300.0,19.5,32.0,2.8,1.4,5.5,6.3
'Zavalla',13,12,2000,13600.0,20.2,27.6,2.5,1.1,5.2,3.2
'Zavalla',14,12,2000,21200.0,18.1,30.2,2.0,2.8,0.0,5.3
'Zavalla',15,12,2000,12600.0,12.9,23.4,1.3,3.9,0.0,3.8
'Zavalla',16,12,2000,30100.0,7.4,25.0,1.3,1.7,0.0,5.0
'Zavalla',17,12,2000,28900.0,13.1,31.3,1.8,2.8,0.0,6.2
'Zavalla',18,12,2000,28700.0,16.8,33.3,1.9,3.1,0.0,6.8
'Zavalla',19,12,2000,21800.0,16.3,28.0,1.4,2.2,0.0,5.2
'Zavalla',20,12,2000,16100.0,14.9,26.1,1.9,1.9,0.0,3.6
'Zavalla',21,12,2000,16600.0,16.8,27.7,2.1,1.1,0.0,3.7
'Zavalla',22,12,2000,23000.0,15.8,31.7,1.8,3.1,7.5,5.7
'Zavalla',23,12,2000,29200.0,13.3,25.8,1.5,2.5,0.0,5.7
'Zavalla',24,12,2000,27400.0,12.3,29.0,1.6,2.5,0.0,5.6
'Zavalla',25,12,2000,29900.0,18.4,33.0,2.6,3.3,0.0,6.8
'Zavalla',26,12,2000,29400.0,24.2,36.6,3.1,3.6,35.0,8.0
'Zavalla',27,12,2000,20500.0,19.0,31.4,2.5,1.1,0.0,4.7
'Zavalla',28,12,2000,25200.0,19.3,29.0,1.8,2.2,5.5,5.8
'Zavalla',29,12,2000,22700.0,18.5,28.3,2.0,1.7,0.0,5.0
'Zavalla',30,12,2000,30600.0,14.7,29.9,2.0,1.1,0.0,5.9
'Zavalla',31,12,2000,29800.0,17.8,30.7,2.1,1.4,0.0,6.2
