* Source of data    : Zavalla local weather station 
* File content      : Meteo input file for Swap 3.2 (www.swap.alterra.nl) 
* File generated at :  Mon Oct 03 22:18:27 2016 
station,DD,MM,YYYY,Rad,Tmin,Tmax,Hum,Wind,Rain,ETref 
'Zavalla',1,1,1998, 9100.0,12.8,21.7,1.8,1.9,0.0,2.0
'Zavalla',2,1,1998,10700.0,15.0,22.0,2.0,1.1,0.0,2.1
'Zavalla',3,1,1998,28700.0,15.2,27.8,2.5,1.4,0.0,5.2
'Zavalla',4,1,1998,11700.0,20.5,27.5,2.9,2.2,6.5,2.5
'Zavalla',5,1,1998,20300.0,21.2,31.4,3.0,1.9,24.0,4.6
'Zavalla',6,1,1998, 8000.0,17.3,24.9,2.0,2.5,0.0,2.5
'Zavalla',7,1,1998,29300.0,11.5,23.3,1.4,1.1,0.0,4.9
'Zavalla',8,1,1998,30300.0,12.0,25.1,1.8,1.4,0.0,5.1
'Zavalla',9,1,1998,30300.0,14.3,26.9,2.0,1.7,0.0,5.5
'Zavalla',10,1,1998,22000.0,16.5,27.7,2.3,1.4,0.0,4.3
'Zavalla',11,1,1998,29700.0,15.1,31.6,2.5,1.1,0.0,5.8
'Zavalla',12,1,1998,24700.0,19.6,30.2,2.7,2.2,0.0,5.3
'Zavalla',13,1,1998,27400.0,18.4,30.3,2.7,3.6,30.5,5.8
'Zavalla',14,1,1998,19100.0,18.1,27.0,2.3,1.1,0.0,3.9
'Zavalla',15,1,1998,28100.0,16.3,27.8,2.6,1.4,0.0,5.2
'Zavalla',16,1,1998,29300.0,16.9,27.9,2.5,2.2,0.5,5.5
'Zavalla',17,1,1998,26000.0,8.7,26.0,2.0,2.8,0.0,4.1
'Zavalla',18,1,1998,29400.0,11.4,24.9,1.8,1.9,0.0,4.9
'Zavalla',19,1,1998,28100.0,16.4,29.3,2.2,3.3,0.0,5.8
'Zavalla',20,1,1998,28900.0,22.1,33.8,2.8,3.6,31.5,7.2
'Zavalla',21,1,1998, 7800.0,19.6,29.7,2.4,2.5,48.0,2.6
'Zavalla',22,1,1998,25100.0,16.4,24.9,1.6,1.7,0.0,4.9
'Zavalla',23,1,1998,30400.0,15.0,27.1,2.3,1.4,0.0,5.4
'Zavalla',24,1,1998,28600.0,18.1,30.0,2.5,1.1,0.0,5.7
'Zavalla',25,1,1998,29100.0,17.5,28.7,2.5,1.7,0.0,5.6
'Zavalla',26,1,1998,12300.0,20.9,30.0,3.0,1.9,42.5,2.9
'Zavalla',27,1,1998, 8700.0,21.3,25.5,2.6,2.8,9.0,2.2
'Zavalla',28,1,1998,27400.0,14.1,23.8,1.4,1.4,0.0,4.9
'Zavalla',29,1,1998,18500.0,12.6,23.5,1.9,1.4,0.0,3.1
'Zavalla',30,1,1998,28500.0,12.5,27.2,2.1,1.1,0.0,4.8
'Zavalla',31,1,1998,27400.0,16.1,29.4,2.3,1.7,0.0,5.3
'Zavalla',1,2,1998,27700.0,19.7,30.5,2.4,1.4,0.0,5.8
'Zavalla',2,2,1998,11900.0,16.0,23.0,2.1,5.0,28.7,2.6
'Zavalla',3,2,1998, 7700.0,17.7,24.5,2.5,2.5,30.3,1.6
'Zavalla',4,2,1998, 8200.0,18.2,23.7,2.3,1.9,0.1,1.9
'Zavalla',5,2,1998,23500.0,18.3,26.9,2.5,1.7,0.0,4.5
'Zavalla',6,2,1998,14300.0,23.0,27.3,2.8,2.5,2.0,3.4
'Zavalla',7,2,1998,23500.0,18.9,26.3,2.0,2.5,0.0,5.0
'Zavalla',8,2,1998,11100.0,17.9,24.4,2.3,2.5,30.5,2.4
'Zavalla',9,2,1998,11800.0,17.8,25.0,2.4,2.2,0.0,2.4
'Zavalla',10,2,1998,27800.0,16.2,26.6,1.9,1.4,0.0,5.1
'Zavalla',11,2,1998,28100.0,11.8,23.1,1.5,1.1,0.0,4.4
'Zavalla',12,2,1998,25000.0,11.0,24.6,1.7,1.1,0.0,4.0
'Zavalla',13,2,1998,26900.0,13.9,24.6,1.9,1.7,0.0,4.5
'Zavalla',14,2,1998,26900.0,15.1,29.1,2.3,1.7,0.0,4.9
'Zavalla',15,2,1998,22200.0,18.6,28.5,2.6,1.9,0.0,4.4
'Zavalla',16,2,1998,27000.0,19.0,30.2,2.7,2.2,0.0,5.5
'Zavalla',17,2,1998, 8600.0,20.1,24.2,2.7,1.9,16.3,1.7
'Zavalla',18,2,1998,15900.0,18.1,25.9,2.3,1.7,0.0,3.2
'Zavalla',19,2,1998, 7000.0,15.2,23.1,2.0,2.2,0.0,1.7
'Zavalla',20,2,1998, 8600.0,16.8,22.3,1.9,1.9,0.0,2.0
'Zavalla',21,2,1998,22400.0,12.8,24.8,1.9,2.5,0.4,3.8
'Zavalla',22,2,1998, 7900.0,15.9,21.2,2.0,2.5,29.4,1.7
'Zavalla',23,2,1998,11200.0,17.7,21.8,2.1,1.9,0.2,2.3
'Zavalla',24,2,1998,24100.0,15.1,26.1,2.2,1.1,0.0,4.1
'Zavalla',25,2,1998,25100.0,15.9,28.2,2.4,1.1,0.0,4.4
'Zavalla',26,2,1998,20500.0,17.9,30.2,2.4,0.8,0.0,4.1
'Zavalla',27,2,1998,20600.0,19.2,28.0,2.1,1.1,0.0,4.2
'Zavalla',28,2,1998,25000.0,14.3,27.2,1.8,1.4,0.0,4.4
'Zavalla',1,3,1998,24300.0,12.2,28.0,1.9,0.8,0.0,4.0
'Zavalla',2,3,1998,22700.0,14.0,29.0,2.3,1.1,0.0,4.0
'Zavalla',3,3,1998,22500.0,16.5,30.3,2.5,1.4,0.0,4.2
'Zavalla',4,3,1998,21400.0,20.6,32.5,3.1,3.9,29.3,4.8
'Zavalla',5,3,1998, 6500.0,21.6,28.9,2.8,1.1,24.0,1.8
'Zavalla',6,3,1998, 6400.0,21.7,25.0,2.8,1.9,0.0,1.5
'Zavalla',7,3,1998, 6400.0,21.4,24.0,2.6,2.5,22.0,1.6
'Zavalla',8,3,1998,19300.0,17.4,26.7,2.2,1.9,0.0,3.7
'Zavalla',9,3,1998, 6900.0,19.4,26.4,3.0,2.5,3.7,1.4
'Zavalla',10,3,1998,11200.0,13.6,23.8,1.2,2.5,0.0,3.2
'Zavalla',11,3,1998, 7000.0,10.8,17.4,1.4,0.8,0.0,1.4
'Zavalla',12,3,1998,16400.0,13.9,22.2,1.5,0.8,0.0,2.8
'Zavalla',13,3,1998,15200.0,11.9,22.9,1.8,1.1,0.0,2.4
'Zavalla',14,3,1998,19500.0,15.1,23.8,1.9,1.9,0.0,3.3
'Zavalla',15,3,1998, 7500.0,15.9,24.2,1.9,3.6,0.0,2.2
'Zavalla',16,3,1998,14400.0,12.8,23.4,1.8,1.1,0.0,2.4
'Zavalla',17,3,1998, 9100.0,17.0,22.9,2.0,2.2,8.0,2.0
'Zavalla',18,3,1998,13500.0,18.9,25.3,2.2,1.1,0.0,2.7
'Zavalla',19,3,1998,14900.0,15.3,25.9,2.2,0.8,0.0,2.5
'Zavalla',20,3,1998, 9600.0,15.0,25.6,2.2,1.7,0.0,1.9
'Zavalla',21,3,1998,18100.0,18.4,27.2,2.2,1.4,0.0,3.4
'Zavalla',22,3,1998,18400.0,14.3,27.3,2.3,0.6,5.5,2.9
'Zavalla',23,3,1998, 9500.0,13.8,25.3,2.2,1.9,0.0,1.7
'Zavalla',24,3,1998,19900.0,15.1,23.5,1.4,2.8,0.0,3.7
'Zavalla',25,3,1998,20400.0,4.5,19.6,1.0,1.4,0.0,2.5
'Zavalla',26,3,1998,12300.0,6.8,20.9,1.4,2.5,0.0,1.9
'Zavalla',27,3,1998, 5700.0,14.8,20.2,1.7,1.1,8.5,1.4
'Zavalla',28,3,1998,14900.0,10.8,23.9,1.6,1.1,0.0,2.3
'Zavalla',29,3,1998,12200.0,12.9,24.3,1.6,0.8,0.0,2.2
'Zavalla',30,3,1998,18400.0,8.3,26.5,1.6,1.7,0.0,2.7
'Zavalla',31,3,1998,18700.0,10.2,25.8,1.6,1.7,0.0,2.8
'Zavalla',1,4,1998,18100.0,8.7,20.7,1.4,1.4,0.0,2.3
'Zavalla',2,4,1998,19000.0,8.6,23.6,1.5,1.9,0.0,2.6
'Zavalla',3,4,1998,19400.0,8.6,24.2,1.4,2.5,0.0,2.9
'Zavalla',4,4,1998,18900.0,10.7,24.2,1.4,1.9,0.0,2.8
'Zavalla',5,4,1998,15000.0,9.4,26.6,1.7,2.2,9.0,2.3
'Zavalla',6,4,1998, 6400.0,17.8,22.0,2.0,2.8,2.0,1.6
'Zavalla',7,4,1998,10400.0,13.4,19.6,1.3,4.2,0.0,2.6
'Zavalla',8,4,1998,15600.0,8.1,22.1,1.1,1.1,0.0,2.2
'Zavalla',9,4,1998,14000.0,8.8,24.4,1.7,2.5,0.0,2.0
'Zavalla',10,4,1998, 4900.0,17.1,20.5,1.9,1.9,0.6,1.2
'Zavalla',11,4,1998, 4900.0,16.1,20.7,1.9,2.5,0.2,1.2
'Zavalla',12,4,1998, 4800.0,17.8,19.7,2.2,1.7,16.5,0.9
'Zavalla',13,4,1998, 4800.0,19.7,22.7,2.4,1.7,3.8,1.1
'Zavalla',14,4,1998, 4700.0,17.0,20.2,1.9,1.7,3.2,1.1
'Zavalla',15,4,1998, 5600.0,15.2,19.0,1.8,3.1,0.0,1.2
'Zavalla',16,4,1998, 4600.0,14.5,17.4,1.6,4.2,0.6,1.2
'Zavalla',17,4,1998, 5900.0,13.7,20.3,1.6,3.9,0.2,1.6
'Zavalla',18,4,1998,12300.0,13.6,20.9,1.5,1.1,0.0,1.9
'Zavalla',19,4,1998,14200.0,9.3,22.7,1.5,0.8,0.0,1.7
'Zavalla',20,4,1998, 9000.0,11.2,23.0,1.8,1.4,0.0,1.3
'Zavalla',21,4,1998, 8500.0,14.5,24.0,1.8,1.9,0.0,1.7
'Zavalla',22,4,1998, 8700.0,13.2,23.3,1.9,1.7,0.0,1.3
'Zavalla',23,4,1998, 6900.0,16.8,21.8,1.9,2.2,0.0,1.5
'Zavalla',24,4,1998,13600.0,11.0,23.6,1.6,1.4,0.0,1.8
'Zavalla',25,4,1998,11300.0,12.9,22.1,1.6,0.8,0.0,1.6
'Zavalla',26,4,1998, 7900.0,12.2,20.8,1.6,2.2,20.6,1.3
'Zavalla',27,4,1998,10300.0,14.8,21.7,1.6,4.2,0.6,2.3
'Zavalla',28,4,1998, 4200.0,11.9,15.4,1.4,6.7,0.7,1.2
'Zavalla',29,4,1998, 4400.0,11.9,16.2,1.3,4.2,0.0,1.5
'Zavalla',30,4,1998, 9400.0,7.4,16.9,1.3,1.9,0.0,1.0
'Zavalla',1,5,1998, 4400.0,11.5,17.8,1.4,0.6,0.0,1.0
'Zavalla',2,5,1998, 7700.0,10.7,29.0,1.3,0.6,0.0,1.7
'Zavalla',3,5,1998,11300.0,11.7,21.6,1.4,0.6,0.0,1.4
'Zavalla',4,5,1998,13500.0,8.8,22.8,1.3,0.8,0.0,1.4
'Zavalla',5,5,1998,11600.0,8.1,22.0,1.4,1.4,0.0,1.3
'Zavalla',6,5,1998, 3900.0,7.5,21.9,1.4,1.7,0.0,1.1
'Zavalla',7,5,1998,13300.0,10.9,24.5,1.6,2.8,0.0,1.8
'Zavalla',8,5,1998, 3800.0,14.0,26.5,1.6,1.9,0.0,1.7
'Zavalla',9,5,1998, 3800.0,15.3,22.2,2.0,1.1,0.0,0.9
'Zavalla',10,5,1998, 9600.0,16.6,25.8,2.0,2.5,0.0,1.8
'Zavalla',11,5,1998, 9000.0,18.5,26.7,2.1,3.3,0.0,2.2
'Zavalla',12,5,1998, 3800.0,13.7,18.9,1.5,2.8,0.0,1.2
'Zavalla',13,5,1998, 3700.0,12.1,16.5,1.4,4.7,0.5,1.1
'Zavalla',14,5,1998, 4900.0,11.7,16.9,1.3,4.2,2.2,1.5
'Zavalla',15,5,1998, 5100.0,9.9,15.2,1.3,1.1,0.0,0.7
'Zavalla',16,5,1998,12400.0,4.8,17.8,1.1,0.8,0.0,0.8
'Zavalla',17,5,1998,13000.0,4.7,18.9,1.2,1.7,0.0,0.9
'Zavalla',18,5,1998,13100.0,8.0,20.4,1.2,3.3,0.0,1.5
'Zavalla',19,5,1998,12500.0,11.0,22.0,1.4,1.7,0.0,1.4
'Zavalla',20,5,1998, 8800.0,5.9,20.7,1.2,1.1,0.0,0.9
'Zavalla',21,5,1998, 7600.0,8.6,21.3,1.4,1.4,0.0,0.9
'Zavalla',22,5,1998, 4100.0,8.2,20.7,1.5,1.4,7.9,0.8
'Zavalla',23,5,1998, 3400.0,12.8,17.1,1.8,2.5,28.2,0.5
'Zavalla',24,5,1998, 3400.0,14.5,16.0,1.7,3.1,9.1,0.6
'Zavalla',25,5,1998, 3400.0,13.2,17.3,1.6,6.1,22.0,0.9
'Zavalla',26,5,1998,10200.0,10.8,17.5,1.3,2.5,0.0,1.1
'Zavalla',27,5,1998, 9000.0,7.2,17.6,1.3,0.8,0.0,0.6
'Zavalla',28,5,1998, 6500.0,9.6,16.3,1.3,1.7,0.0,0.8
'Zavalla',29,5,1998, 6700.0,7.6,16.3,1.1,0.8,0.0,0.7
'Zavalla',30,5,1998, 6500.0,5.0,15.8,1.2,1.4,0.0,0.5
'Zavalla',31,5,1998, 4900.0,7.4,16.6,1.2,1.4,0.0,0.7
'Zavalla',1,6,1998, 9400.0,7.3,17.2,1.1,1.4,0.0,0.9
'Zavalla',2,6,1998,11900.0,2.7,17.7,1.0,1.4,0.0,0.6
'Zavalla',3,6,1998,10800.0,6.9,17.9,1.1,1.7,0.0,0.8
'Zavalla',4,6,1998,11400.0,6.7,19.1,1.3,3.6,0.0,0.8
'Zavalla',5,6,1998, 9600.0,12.7,21.3,1.5,3.9,0.0,1.4
'Zavalla',6,6,1998, 3400.0,13.1,20.7,1.7,1.9,0.0,0.9
'Zavalla',7,6,1998, 3100.0,12.5,17.4,1.6,2.8,0.0,0.7
'Zavalla',8,6,1998, 3100.0,13.2,16.7,1.6,2.5,0.0,0.7
'Zavalla',9,6,1998, 3100.0,11.5,14.7,1.4,3.1,0.0,0.7
'Zavalla',10,6,1998, 3100.0,8.6,11.9,1.1,4.2,0.0,0.9
'Zavalla',11,6,1998,11900.0,3.9,11.7,0.7,1.4,0.0,0.7
'Zavalla',12,6,1998, 5600.0,1.7,12.1,0.8,1.1,0.0,0.7
'Zavalla',13,6,1998, 5100.0,4.0,13.0,1.0,2.8,0.0,0.6
'Zavalla',14,6,1998, 3100.0,7.7,12.5,1.2,2.2,4.0,0.4
'Zavalla',15,6,1998, 3100.0,12.1,14.8,1.4,2.5,0.0,0.7
'Zavalla',16,6,1998, 9500.0,8.1,15.1,1.0,3.3,0.0,1.0
'Zavalla',17,6,1998, 6200.0,3.8,15.8,0.8,0.8,0.0,0.8
'Zavalla',18,6,1998,11700.0,3.6,17.7,0.8,1.1,0.0,0.8
'Zavalla',19,6,1998, 5500.0,1.0,16.5,0.9,1.1,0.0,0.6
'Zavalla',20,6,1998, 3300.0,2.9,16.1,1.1,0.6,0.0,0.5
'Zavalla',21,6,1998, 6300.0,4.2,16.7,1.1,0.6,0.0,0.5
'Zavalla',22,6,1998, 5900.0,5.7,16.7,1.1,1.4,0.0,0.7
'Zavalla',23,6,1998,11600.0,7.9,16.8,0.9,2.5,0.0,1.1
'Zavalla',24,6,1998,11100.0,1.1,15.8,0.9,1.4,0.0,0.5
'Zavalla',25,6,1998,11700.0,4.6,17.9,0.9,2.8,0.0,1.0
'Zavalla',26,6,1998,11600.0,5.3,17.4,0.9,1.4,0.0,0.7
'Zavalla',27,6,1998, 9700.0,3.5,15.5,0.9,1.1,0.0,0.6
'Zavalla',28,6,1998,10600.0,2.8,17.9,1.2,1.7,0.0,0.4
'Zavalla',29,6,1998, 5400.0,8.8,18.9,1.5,2.2,13.5,0.6
'Zavalla',30,6,1998, 3200.0,12.7,16.4,1.4,2.5,0.0,0.9
'Zavalla',1,7,1998,10800.0,4.5,14.9,1.0,1.7,0.0,0.6
'Zavalla',2,7,1998, 7100.0,3.9,16.1,1.1,3.1,0.0,0.6
'Zavalla',3,7,1998, 3300.0,9.0,15.6,1.6,3.3,0.5,0.4
'Zavalla',4,7,1998, 3100.0,14.1,17.8,1.7,1.4,0.6,0.6
'Zavalla',5,7,1998, 3100.0,14.4,19.0,1.8,1.9,0.0,0.6
'Zavalla',6,7,1998, 3100.0,9.6,14.7,1.3,1.1,0.0,0.6
'Zavalla',7,7,1998, 8400.0,6.1,16.1,1.1,1.7,0.0,0.7
'Zavalla',8,7,1998,10900.0,5.5,16.9,0.8,1.4,0.0,0.9
'Zavalla',9,7,1998,11900.0,0.0,17.6,0.8,2.2,0.0,0.8
'Zavalla',10,7,1998,12100.0,6.6,17.0,0.9,1.9,0.0,0.9
'Zavalla',11,7,1998,11300.0,1.4,17.3,1.0,1.4,0.0,0.6
'Zavalla',12,7,1998,11500.0,4.3,19.0,1.1,1.7,0.0,0.8
'Zavalla',13,7,1998,12000.0,5.9,18.2,1.2,1.9,0.0,0.7
'Zavalla',14,7,1998,11300.0,8.6,20.0,1.3,1.9,0.0,1.0
'Zavalla',15,7,1998, 4000.0,12.7,21.2,1.6,0.8,0.0,0.8
'Zavalla',16,7,1998, 6000.0,12.1,19.7,1.6,1.9,0.0,0.9
'Zavalla',17,7,1998, 3400.0,9.8,16.1,1.4,2.2,0.0,0.6
'Zavalla',18,7,1998,12800.0,3.6,18.1,0.8,1.4,0.0,0.9
'Zavalla',19,7,1998,11700.0,1.2,18.8,1.1,1.7,0.0,0.6
'Zavalla',20,7,1998, 5900.0,7.3,19.1,1.4,1.7,0.0,0.6
'Zavalla',21,7,1998, 4500.0,11.2,15.3,1.1,2.2,0.0,1.2
'Zavalla',22,7,1998, 3400.0,10.4,13.8,1.3,2.2,0.0,0.6
'Zavalla',23,7,1998, 3400.0,12.7,15.4,1.5,2.8,2.9,0.6
'Zavalla',24,7,1998, 3500.0,14.5,15.6,1.7,5.3,15.0,0.6
'Zavalla',25,7,1998, 3500.0,10.9,17.5,1.4,3.3,0.0,1.1
'Zavalla',26,7,1998,11900.0,5.7,18.7,1.2,1.1,0.0,0.9
'Zavalla',27,7,1998, 9800.0,5.6,19.6,1.3,1.1,0.0,0.8
'Zavalla',28,7,1998,10100.0,9.2,18.7,1.0,1.9,0.0,1.5
'Zavalla',29,7,1998,13800.0,2.9,18.7,0.9,0.8,0.0,0.9
'Zavalla',30,7,1998, 8600.0,4.7,17.8,1.0,1.4,0.0,1.0
'Zavalla',31,7,1998,10600.0,3.7,17.5,1.0,0.8,0.0,0.8
'Zavalla',1,8,1998,11000.0,2.8,17.0,1.1,1.7,0.0,0.7
'Zavalla',2,8,1998, 6800.0,9.1,16.3,1.2,1.1,0.0,1.0
'Zavalla',3,8,1998, 3700.0,7.8,12.9,1.2,1.1,0.0,0.5
'Zavalla',4,8,1998, 7400.0,7.8,18.3,1.5,2.2,0.0,0.7
'Zavalla',5,8,1998, 4600.0,8.9,15.2,1.2,1.7,0.0,0.8
'Zavalla',6,8,1998,12600.0,3.5,17.2,1.1,0.8,0.0,0.9
'Zavalla',7,8,1998,13400.0,5.0,20.1,1.3,1.9,0.0,1.1
'Zavalla',8,8,1998,10800.0,8.5,20.7,1.4,1.9,0.0,1.3
'Zavalla',9,8,1998,13900.0,8.2,19.5,1.4,2.5,0.1,1.3
'Zavalla',10,8,1998, 4000.0,10.7,14.2,1.4,3.3,3.5,0.6
'Zavalla',11,8,1998,14000.0,5.0,11.6,0.8,1.4,0.0,1.2
'Zavalla',12,8,1998,14900.0,1.2,15.1,0.9,1.4,0.0,1.1
'Zavalla',13,8,1998,15200.0,1.0,18.1,0.8,1.7,0.0,1.3
'Zavalla',14,8,1998,14800.0,2.5,20.0,0.9,1.4,0.0,1.4
'Zavalla',15,8,1998,13800.0,2.3,21.9,1.0,0.8,0.0,1.3
'Zavalla',16,8,1998,15100.0,5.9,22.6,1.1,2.2,0.0,1.8
'Zavalla',17,8,1998,11500.0,8.4,18.2,1.0,2.5,0.0,1.8
'Zavalla',18,8,1998,15800.0,2.4,18.8,1.0,1.1,0.0,1.3
'Zavalla',19,8,1998,13000.0,5.9,23.9,1.2,3.9,0.0,2.1
'Zavalla',20,8,1998, 6500.0,5.6,15.2,0.6,1.7,0.0,1.8
'Zavalla',21,8,1998, 5700.0,2.2,11.7,0.8,2.5,0.0,1.0
'Zavalla',22,8,1998,9720.0,5.6,13.7,1.0,2.5,0.2,-9.9
'Zavalla',23,8,1998, 6200.0,11.5,17.8,1.4,1.1,0.0,1.1
'Zavalla',24,8,1998, 7700.0,7.2,18.7,1.2,2.5,0.0,1.5
'Zavalla',25,8,1998,14400.0,4.9,19.1,0.9,1.9,0.0,1.9
'Zavalla',26,8,1998,11900.0,5.8,18.6,1.0,1.1,0.0,1.6
'Zavalla',27,8,1998,16600.0,1.8,20.4,1.0,1.9,0.0,1.7
'Zavalla',28,8,1998,15600.0,7.4,22.2,1.2,2.8,0.0,2.3
'Zavalla',29,8,1998,17400.0,5.1,17.5,0.8,2.5,0.0,2.2
'Zavalla',30,8,1998,17900.0,0.2,18.0,1.1,4.2,0.0,1.5
'Zavalla',31,8,1998,10400.0,9.4,20.0,1.2,2.5,0.0,1.9
'Zavalla',1,9,1998,10200.0,7.9,22.2,1.4,3.1,4.5,1.7
'Zavalla',2,9,1998, 4900.0,12.5,16.9,1.5,3.3,0.0,1.2
'Zavalla',3,9,1998,16300.0,9.0,18.4,1.1,1.7,0.0,2.1
'Zavalla',4,9,1998,17900.0,5.0,22.2,1.0,1.7,0.0,2.3
'Zavalla',5,9,1998,17900.0,4.2,22.2,1.1,1.9,0.0,2.2
'Zavalla',6,9,1998,16500.0,6.6,20.3,1.2,1.9,0.0,2.1
'Zavalla',7,9,1998,17800.0,7.6,23.6,1.3,2.5,0.0,2.5
'Zavalla',8,9,1998,10500.0,8.7,18.7,0.9,2.8,1.1,2.5
'Zavalla',9,9,1998,17600.0,2.0,17.9,0.8,2.5,0.0,2.2
'Zavalla',10,9,1998, 7500.0,6.7,22.0,1.4,3.6,0.0,1.5
'Zavalla',11,9,1998,16300.0,12.6,25.6,1.3,2.8,0.0,3.3
'Zavalla',12,9,1998,17100.0,10.6,22.7,0.8,3.1,0.0,3.6
'Zavalla',13,9,1998,17200.0,3.8,15.6,0.7,1.7,0.0,2.2
'Zavalla',14,9,1998,17700.0,3.4,17.8,0.9,1.4,0.0,2.1
'Zavalla',15,9,1998,19500.0,4.5,21.2,1.1,1.9,0.0,2.4
'Zavalla',16,9,1998,19900.0,8.5,23.1,1.1,2.2,0.0,3.1
'Zavalla',17,9,1998,11600.0,8.3,19.7,1.1,6.4,0.3,3.3
'Zavalla',18,9,1998,16300.0,4.3,13.1,0.6,4.2,0.0,3.0
'Zavalla',19,9,1998,20200.0,0.9,13.7,0.5,3.1,0.0,2.7
'Zavalla',20,9,1998,20500.0,-0.7,14.0,0.6,1.9,0.0,2.3
'Zavalla',21,9,1998, 5700.0,0.6,15.8,1.0,2.2,0.0,0.9
'Zavalla',22,9,1998,18300.0,4.2,19.0,1.1,3.1,0.0,2.5
'Zavalla',23,9,1998,15600.0,5.9,22.1,1.5,2.2,0.0,2.1
'Zavalla',24,9,1998,20400.0,7.3,25.3,1.0,1.7,0.0,3.2
'Zavalla',25,9,1998, 5800.0,11.6,26.0,1.4,3.1,0.0,2.4
'Zavalla',26,9,1998,19600.0,12.8,20.4,1.6,5.8,3.8,3.2
'Zavalla',27,9,1998,21900.0,5.8,17.8,0.6,4.4,0.0,4.1
'Zavalla',28,9,1998,20100.0,3.7,20.3,0.7,2.5,0.0,3.2
'Zavalla',29,9,1998,22100.0,0.3,21.8,0.9,2.5,0.0,2.9
'Zavalla',30,9,1998,21500.0,8.3,24.1,1.0,2.2,0.0,3.7
'Zavalla',1,10,1998,21100.0,6.6,22.9,1.1,1.7,0.0,3.1
'Zavalla',2,10,1998,19300.0,6.5,22.6,1.2,2.2,0.0,3.0
'Zavalla',3,10,1998,22500.0,8.0,24.2,1.7,2.5,0.3,3.1
'Zavalla',4,10,1998,11200.0,13.2,22.2,1.5,3.9,0.0,2.9
'Zavalla',5,10,1998,22300.0,7.0,21.7,0.9,1.7,0.0,3.4
'Zavalla',6,10,1998,20700.0,3.8,24.7,1.0,1.7,0.0,3.2
'Zavalla',7,10,1998,23400.0,7.6,25.9,1.0,2.5,0.0,4.1
'Zavalla',8,10,1998,23700.0,9.5,25.3,1.1,1.4,0.0,3.8
'Zavalla',9,10,1998,20200.0,9.2,27.0,1.7,3.6,0.0,3.6
'Zavalla',10,10,1998, 7700.0,16.3,24.1,1.9,3.1,5.5,2.3
'Zavalla',11,10,1998,17600.0,15.4,25.7,1.9,1.9,0.0,3.4
'Zavalla',12,10,1998,13300.0,12.2,23.9,1.8,4.4,0.0,2.6
'Zavalla',13,10,1998, 6900.0,15.4,19.6,1.7,2.8,0.0,1.8
'Zavalla',14,10,1998,22200.0,10.3,26.1,1.8,1.7,0.0,3.6
'Zavalla',15,10,1998,12400.0,15.4,27.9,1.9,2.2,0.0,3.0
'Zavalla',16,10,1998,17000.0,16.3,31.1,1.7,1.7,5.6,4.0
'Zavalla',17,10,1998,23900.0,14.0,28.9,1.8,1.4,0.0,4.4
'Zavalla',18,10,1998,25100.0,14.5,29.7,1.8,3.3,0.0,5.2
'Zavalla',19,10,1998,23800.0,15.9,28.6,1.3,2.8,0.0,5.3
'Zavalla',20,10,1998,19500.0,16.2,29.0,2.2,2.2,0.0,4.0
'Zavalla',21,10,1998,19000.0,18.3,31.5,2.1,2.5,0.0,4.6
'Zavalla',22,10,1998,20800.0,16.9,32.2,2.2,4.2,2.2,5.1
'Zavalla',23,10,1998,19900.0,13.3,21.8,0.9,3.1,0.0,4.6
'Zavalla',24,10,1998,18500.0,5.6,18.3,1.1,2.5,0.0,2.9
'Zavalla',25,10,1998,11300.0,9.7,24.6,1.3,1.4,0.0,2.6
'Zavalla',26,10,1998,25800.0,7.9,28.7,1.5,1.7,0.0,4.3
'Zavalla',27,10,1998,26600.0,11.5,31.1,1.8,2.8,0.0,5.2
'Zavalla',28,10,1998,23200.0,14.1,35.1,1.5,4.7,3.2,6.6
'Zavalla',29,10,1998,22300.0,10.8,20.4,1.2,2.5,0.0,3.9
'Zavalla',30,10,1998,23500.0,13.7,24.5,1.6,2.5,3.2,4.4
'Zavalla',31,10,1998,18100.0,14.3,24.3,1.5,3.9,0.0,4.3
'Zavalla',1,11,1998,22800.0,13.4,23.1,1.4,2.5,0.0,4.4
'Zavalla',2,11,1998,19900.0,14.8,23.5,1.4,2.2,0.0,4.2
'Zavalla',3,11,1998,27100.0,13.1,26.2,1.6,1.7,0.0,4.8
'Zavalla',4,11,1998,13700.0,13.3,30.2,1.9,1.7,0.0,3.3
'Zavalla',5,11,1998, 9000.0,16.4,20.7,2.0,3.1,7.0,1.9
'Zavalla',6,11,1998, 7400.0,16.8,21.1,2.0,4.4,6.0,1.9
'Zavalla',7,11,1998,14800.0,14.8,23.0,1.8,2.5,0.0,3.1
'Zavalla',8,11,1998, 8300.0,14.3,20.0,1.8,1.7,0.0,1.7
'Zavalla',9,11,1998,21800.0,12.8,25.9,1.6,1.7,0.0,4.1
'Zavalla',10,11,1998,28700.0,12.7,26.8,1.9,3.3,0.0,5.2
'Zavalla',11,11,1998,15600.0,17.2,25.5,1.7,1.9,0.0,3.7
'Zavalla',12,11,1998,27800.0,12.7,31.4,1.8,1.4,0.0,5.3
'Zavalla',13,11,1998,28200.0,15.5,32.4,1.8,3.9,0.0,6.6
'Zavalla',14,11,1998,13700.0,18.0,25.9,2.3,3.1,42.7,3.1
'Zavalla',15,11,1998, 7600.0,16.0,22.1,2.0,5.0,68.0,1.9
'Zavalla',16,11,1998, 7700.0,13.1,16.0,1.5,5.0,1.0,1.7
'Zavalla',17,11,1998,22600.0,11.1,21.9,1.4,1.9,0.0,3.9
'Zavalla',18,11,1998,29600.0,9.1,23.0,1.5,1.4,0.0,4.6
'Zavalla',19,11,1998,28800.0,13.1,26.1,1.6,1.7,0.0,5.1
'Zavalla',20,11,1998,28900.0,13.1,28.4,1.8,1.9,0.0,5.4
'Zavalla',21,11,1998,29800.0,16.0,28.7,2.0,1.9,0.0,5.8
'Zavalla',22,11,1998,29600.0,16.4,30.7,2.0,2.5,0.0,6.2
'Zavalla',23,11,1998,10900.0,16.1,28.7,2.0,2.5,0.0,3.2
'Zavalla',24,11,1998, 8200.0,13.7,21.3,1.7,3.9,5.9,2.3
'Zavalla',25,11,1998,30100.0,8.8,25.7,1.3,2.2,0.0,5.2
'Zavalla',26,11,1998,30100.0,13.2,28.2,1.2,2.8,0.0,6.2
'Zavalla',27,11,1998,29700.0,15.3,30.6,2.0,3.6,15.8,6.4
'Zavalla',28,11,1998,21100.0,15.1,24.8,2.0,1.7,0.0,4.0
'Zavalla',29,11,1998,29900.0,14.7,30.1,1.8,1.7,0.0,5.9
'Zavalla',30,11,1998,30100.0,15.0,30.6,1.8,1.9,0.0,6.1
'Zavalla',1,12,1998, 9000.0,17.3,26.4,2.1,1.1,0.0,2.3
'Zavalla',2,12,1998,29800.0,15.9,30.9,2.3,1.7,0.0,5.9
'Zavalla',3,12,1998,26900.0,17.2,30.1,2.3,1.7,0.0,5.5
'Zavalla',4,12,1998,21400.0,17.6,32.9,2.5,4.2,15.5,5.3
'Zavalla',5,12,1998,30400.0,11.0,23.4,1.2,2.8,0.0,5.5
'Zavalla',6,12,1998,30800.0,10.6,22.6,1.5,2.5,0.0,5.0
'Zavalla',7,12,1998,28900.0,14.2,33.3,1.7,2.2,0.0,6.3
'Zavalla',8,12,1998,15800.0,15.6,28.5,1.7,2.8,4.7,4.2
'Zavalla',9,12,1998,31000.0,14.2,27.5,1.7,2.5,0.0,6.0
'Zavalla',10,12,1998,30500.0,13.1,27.2,1.5,1.4,0.0,5.6
'Zavalla',11,12,1998,30300.0,15.7,31.4,2.2,1.7,0.0,6.1
'Zavalla',12,12,1998,30400.0,17.0,32.3,2.5,3.1,11.6,6.5
'Zavalla',13,12,1998,13900.0,16.5,25.7,2.2,1.1,13.1,2.9
'Zavalla',14,12,1998,29900.0,14.7,27.7,2.1,2.2,0.0,5.6
'Zavalla',15,12,1998,24300.0,17.9,29.0,2.1,5.3,38.0,6.0
'Zavalla',16,12,1998,13800.0,15.9,26.6,1.9,3.1,4.8,3.6
'Zavalla',17,12,1998,30600.0,15.1,25.0,1.8,1.7,0.0,5.5
'Zavalla',18,12,1998,31100.0,12.1,25.3,1.8,1.4,0.0,5.3
'Zavalla',19,12,1998,22300.0,16.3,28.5,2.0,1.7,12.5,4.7
'Zavalla',20,12,1998, 8300.0,18.7,22.3,2.1,1.9,5.1,2.1
'Zavalla',21,12,1998,30400.0,15.3,23.5,1.7,3.3,0.0,5.8
'Zavalla',22,12,1998,30400.0,11.0,24.0,1.4,1.7,0.0,5.2
'Zavalla',23,12,1998,30400.0,13.7,28.9,2.0,2.5,0.0,5.9
'Zavalla',24,12,1998,31000.0,16.9,29.3,1.9,2.2,0.0,6.4
'Zavalla',25,12,1998,30400.0,18.1,31.6,2.7,1.9,0.0,6.3
'Zavalla',26,12,1998,30800.0,21.8,33.7,2.9,1.7,0.0,7.0
'Zavalla',27,12,1998,25200.0,20.9,35.4,2.8,2.8,6.5,6.4
'Zavalla',28,12,1998,19300.0,19.8,26.5,2.4,3.3,0.6,4.4
'Zavalla',29,12,1998,26100.0,16.0,28.1,1.7,2.8,0.0,5.7
'Zavalla',30,12,1998,30900.0,15.4,30.3,2.1,1.9,0.0,6.1
'Zavalla',31,12,1998,20200.0,16.8,25.5,2.0,1.7,0.0,4.2
