* Source of data    : Zavalla local weather station 
* File content      : Meteo input file for Swap 3.2 (www.swap.alterra.nl) 
* File generated at :  Mon Oct 03 22:18:27 2016 
station,DD,MM,YYYY,Rad,Tmin,Tmax,Hum,Wind,Rain,ETref 
'Zavalla',1,1,2010, 8100.0,16.1,26.8,2.3,1.70,0.0,-9.9
'Zavalla',2,1,2010,18700.0,10.6,30.8,2.6,2.00,0.0,-9.9
'Zavalla',3,1,2010,29500.0,18.3,29.6,2.7,2.90,54.8,-9.9
'Zavalla',4,1,2010,25800.0,20.9,31.9,3.0,1.70,0.0,-9.9
'Zavalla',5,1,2010,25200.0,21.3,34.1,3.1,3.20,36.5,-9.9
'Zavalla',6,1,2010,26400.0,18.0,24.8,1.7,3.30,0.0,-9.9
'Zavalla',7,1,2010,20000.0,14.5,24.5,1.8,2.40,0.0,-9.9
'Zavalla',8,1,2010,29800.0,12.3,29.3,2.4,1.90,0.0,-9.9
'Zavalla',9,1,2010,28300.0,18.5,32.0,3.0,1.50,3.5,-9.9
'Zavalla',10,1,2010,26500.0,20.9,31.8,2.7,2.50,0.0,-9.9
'Zavalla',11,1,2010,28200.0,20.5,32.2,2.9,4.00,40.6,-9.9
'Zavalla',12,1,2010,26700.0,15.7,27.7,1.6,3.40,0.0,-9.9
'Zavalla',13,1,2010,30300.0,11.2,27.1,2.0,2.20,0.0,-9.9
'Zavalla',14,1,2010,29500.0,15.2,32.0,2.5,1.90,0.0,-9.9
'Zavalla',15,1,2010,19800.0,17.4,29.9,2.3,2.90,0.0,-9.9
'Zavalla',16,1,2010,25000.0,20.3,29.2,2.3,2.70,0.0,-9.9
'Zavalla',17,1,2010,28400.0,17.8,33.5,2.5,2.70,0.0,-9.9
'Zavalla',18,1,2010, 7900.0,19.0,24.5,2.3,2.20,10.4,-9.9
'Zavalla',19,1,2010,31100.0,17.1,29.2,2.6,2.90,0.0,-9.9
'Zavalla',20,1,2010,30100.0,16.6,32.2,2.5,1.60,0.0,-9.9
'Zavalla',21,1,2010,30000.0,15.4,33.3,2.6,1.70,0.0,-9.9
'Zavalla',22,1,2010,28300.0,16.1,32.2,2.7,1.90,0.0,-9.9
'Zavalla',23,1,2010,29600.0,18.1,34.0,2.8,1.80,0.0,-9.9
'Zavalla',24,1,2010,28300.0,17.2,34.2,2.4,1.70,0.0,-9.9
'Zavalla',25,1,2010,29900.0,17.6,33.0,2.7,2.20,0.0,-9.9
'Zavalla',26,1,2010,29600.0,20.4,33.4,3.0,2.00,0.0,-9.9
'Zavalla',27,1,2010,28100.0,19.6,33.8,2.9,1.90,0.0,-9.9
'Zavalla',28,1,2010,29200.0,20.9,34.3,2.8,2.70,0.0,-9.9
'Zavalla',29,1,2010,28200.0,21.2,35.1,2.7,2.50,0.0,-9.9
'Zavalla',30,1,2010,15500.0,21.4,30.5,2.5,1.90,1.5,-9.9
'Zavalla',31,1,2010,11800.0,21.1,27.1,2.7,1.60,9.6,-9.9
'Zavalla',1,2,2010,17500.0,20.2,29.7,2.8,2.20,0.0,-9.9
'Zavalla',2,2,2010,22700.0,22.4,30.2,3.1,3.40,0.0,-9.9
'Zavalla',3,2,2010, 7500.0,20.0,33.0,2.9,4.10,55.2,-9.9
'Zavalla',4,2,2010,10700.0,20.0,26.2,2.6,1.90,0.0,-9.9
'Zavalla',5,2,2010, 9300.0,19.2,26.1,2.7,2.30,36.0,-9.9
'Zavalla',6,2,2010,27400.0,22.2,28.8,2.8,2.00,18.5,-9.9
'Zavalla',7,2,2010, 9400.0,16.0,30.9,2.9,3.40,0.0,-9.9
'Zavalla',8,2,2010,26300.0,19.5,28.5,2.4,2.30,0.0,-9.9
'Zavalla',9,2,2010,27700.0,16.6,33.3,2.8,3.30,0.0,-9.9
'Zavalla',10,2,2010,20900.0,21.0,31.9,2.8,2.10,0.0,-9.9
'Zavalla',11,2,2010,27700.0,19.2,34.3,2.9,1.50,0.0,-9.9
'Zavalla',12,2,2010,25400.0,19.6,33.1,2.9,2.20,0.0,-9.9
'Zavalla',13,2,2010,10500.0,20.2,29.1,2.5,2.60,2.6,-9.9
'Zavalla',14,2,2010,19200.0,17.1,29.3,2.4,2.70,0.0,-9.9
'Zavalla',15,2,2010, 7100.0,18.5,26.7,2.9,3.10,28.0,-9.9
'Zavalla',16,2,2010,26400.0,19.9,25.9,2.3,3.40,0.0,-9.9
'Zavalla',17,2,2010,21100.0,17.3,26.4,2.2,3.40,0.0,-9.9
'Zavalla',18,2,2010,25900.0,20.3,30.2,2.8,3.70,0.0,-9.9
'Zavalla',19,2,2010,20700.0,23.8,34.2,3.2,2.90,48.1,-9.9
'Zavalla',20,2,2010,15300.0,22.8,29.5,2.9,2.60,0.7,-9.9
'Zavalla',21,2,2010, 8600.0,23.6,27.6,3.0,2.90,11.6,-9.9
'Zavalla',22,2,2010,15700.0,20.2,31.2,2.8,2.70,3.9,-9.9
'Zavalla',23,2,2010,21500.0,18.0,25.7,2.1,2.90,0.0,-9.9
'Zavalla',24,2,2010,25100.0,14.5,23.6,1.4,3.20,0.0,-9.9
'Zavalla',25,2,2010,25200.0,9.5,24.6,1.6,1.50,0.0,-9.9
'Zavalla',26,2,2010,19100.0,13.7,25.9,2.0,1.50,0.0,-9.9
'Zavalla',27,2,2010,24900.0,13.7,27.7,2.0,1.70,0.0,-9.9
'Zavalla',28,2,2010,23600.0,13.2,29.1,2.0,1.90,0.0,-9.9
'Zavalla',1,3,2010,24800.0,15.6,29.5,2.2,2.10,0.0,-9.9
'Zavalla',2,3,2010,24700.0,18.1,29.8,2.5,1.50,13.6,-9.9
'Zavalla',3,3,2010,16700.0,17.1,29.5,2.4,1.80,0.0,-9.9
'Zavalla',4,3,2010,21800.0,17.7,31.2,2.5,1.90,0.0,-9.9
'Zavalla',5,3,2010,24200.0,17.0,31.9,2.5,1.40,0.0,-9.9
'Zavalla',6,3,2010,23500.0,18.8,31.7,2.6,1.40,0.0,-9.9
'Zavalla',7,3,2010,22400.0,17.4,29.9,2.3,2.40,0.0,-9.9
'Zavalla',8,3,2010,22200.0,15.4,30.1,2.4,2.40,0.0,-9.9
'Zavalla',9,3,2010,23000.0,17.1,30.0,2.6,1.60,0.0,-9.9
'Zavalla',10,3,2010,22100.0,19.6,29.3,2.1,2.30,0.0,-9.9
'Zavalla',11,3,2010,22500.0,13.1,30.0,1.8,2.10,0.0,-9.9
'Zavalla',12,3,2010,21600.0,13.7,25.0,2.0,1.80,0.0,-9.9
'Zavalla',13,3,2010, 8200.0,12.3,30.0,2.2,3.40,0.0,-9.9
'Zavalla',14,3,2010,22100.0,18.0,27.8,1.5,3.10,0.0,-9.9
'Zavalla',15,3,2010,20400.0,10.7,29.0,1.5,1.80,0.0,-9.9
'Zavalla',16,3,2010,21200.0,11.8,28.1,1.7,3.20,0.0,-9.9
'Zavalla',17,3,2010,21900.0,16.3,33.2,2.4,2.40,14.5,-9.9
'Zavalla',18,3,2010,13100.0,19.1,26.5,2.6,1.50,27.1,-9.9
'Zavalla',19,3,2010,12100.0,21.2,28.6,2.6,1.70,0.0,-9.9
'Zavalla',20,3,2010,12800.0,18.5,26.7,2.4,2.10,0.0,-9.9
'Zavalla',21,3,2010,11400.0,16.9,26.6,2.1,3.40,42.5,-9.9
'Zavalla',22,3,2010, 9800.0,13.1,26.9,1.6,2.20,0.0,-9.9
'Zavalla',23,3,2010,21000.0,9.7,28.3,1.7,1.90,0.0,-9.9
'Zavalla',24,3,2010, 5600.0,14.0,30.2,1.8,1.90,0.0,-9.9
'Zavalla',25,3,2010,20300.0,14.1,26.6,1.8,2.90,0.0,-9.9
'Zavalla',26,3,2010,20600.0,13.0,26.7,2.1,2.40,0.0,-9.9
'Zavalla',27,3,2010,14800.0,17.9,27.5,2.4,2.00,0.0,-9.9
'Zavalla',28,3,2010,19800.0,18.6,29.0,2.3,1.90,0.0,-9.9
'Zavalla',29,3,2010,19500.0,15.3,30.1,2.2,1.50,0.0,-9.9
'Zavalla',30,3,2010,19000.0,18.0,32.7,2.4,1.90,0.0,-9.9
'Zavalla',31,3,2010,20000.0,20.0,31.8,2.1,2.70,0.0,-9.9
'Zavalla',1,4,2010,18000.0,19.0,30.9,1.8,2.50,0.0,-9.9
'Zavalla',2,4,2010, 5700.0,10.9,19.7,1.6,2.10,17.5,-9.9
'Zavalla',3,4,2010,16800.0,10.1,23.7,1.3,3.40,0.0,-9.9
'Zavalla',4,4,2010,19200.0,9.8,20.7,1.2,2.80,0.0,-9.9
'Zavalla',5,4,2010,19300.0,7.2,23.7,1.4,1.90,0.0,-9.9
'Zavalla',6,4,2010,18800.0,10.3,23.2,1.4,2.40,0.0,-9.9
'Zavalla',7,4,2010,19100.0,8.9,23.7,1.5,2.20,0.0,-9.9
'Zavalla',8,4,2010,17400.0,9.5,23.9,1.5,2.20,0.0,-9.9
'Zavalla',9,4,2010,18200.0,12.0,25.2,1.6,2.50,0.0,-9.9
'Zavalla',10,4,2010,19200.0,10.4,25.8,1.5,2.80,0.0,-9.9
'Zavalla',11,4,2010,17700.0,12.9,27.8,1.7,2.30,0.0,-9.9
'Zavalla',12,4,2010, 6600.0,16.9,27.8,1.9,2.40,0.0,-9.9
'Zavalla',13,4,2010, 4800.0,11.6,21.5,1.6,3.00,44.5,-9.9
'Zavalla',14,4,2010,10600.0,10.7,16.0,1.3,3.60,0.0,-9.9
'Zavalla',15,4,2010,16500.0,10.0,19.8,1.2,2.70,0.0,-9.9
'Zavalla',16,4,2010,16700.0,5.7,23.9,1.4,2.60,0.0,-9.9
'Zavalla',17,4,2010, 6800.0,12.4,25.8,2.0,2.10,0.0,-9.9
'Zavalla',18,4,2010,16200.0,17.6,32.7,2.6,1.50,0.0,-9.9
'Zavalla',19,4,2010, 5600.0,16.3,26.6,1.9,2.20,0.0,-9.9
'Zavalla',20,4,2010,16400.0,14.9,20.5,1.5,2.80,3.9,-9.9
'Zavalla',21,4,2010,17200.0,10.2,23.5,1.4,2.20,0.0,-9.9
'Zavalla',22,4,2010,12400.0,8.6,20.7,1.0,3.20,0.0,-9.9
'Zavalla',23,4,2010,16700.0,4.7,16.8,0.9,1.90,0.0,-9.9
'Zavalla',24,4,2010, 6400.0,4.5,15.7,1.1,2.20,0.0,-9.9
'Zavalla',25,4,2010,10700.0,6.8,20.1,1.0,2.20,0.0,-9.9
'Zavalla',26,4,2010, 4200.0,6.1,21.3,1.2,1.40,0.0,-9.9
'Zavalla',27,4,2010,16600.0,6.6,22.5,1.3,2.20,0.0,-9.9
'Zavalla',28,4,2010,16600.0,4.3,24.6,1.2,1.60,0.0,-9.9
'Zavalla',29,4,2010,15700.0,8.6,26.1,1.4,1.60,0.0,-9.9
'Zavalla',30,4,2010,15600.0,9.9,25.7,1.3,2.70,0.0,-9.9
'Zavalla',1,5,2010,14510.0,12.9,30.0,1.6,2.20,0.0,-9.9
'Zavalla',2,5,2010, 4000.0,14.0,24.3,1.7,2.00,0.0,-9.9
'Zavalla',3,5,2010, 4000.0,14.7,21.0,1.8,2.10,0.0,-9.9
'Zavalla',4,5,2010,14100.0,8.5,24.4,1.5,1.80,0.0,-9.9
'Zavalla',5,5,2010, 6900.0,10.0,22.8,1.8,3.40,0.0,-9.9
'Zavalla',6,5,2010, 4100.0,7.9,22.8,0.9,3.70,0.0,-9.9
'Zavalla',7,5,2010,13900.0,0.7,18.2,0.8,1.70,0.0,-9.9
'Zavalla',8,5,2010,14400.0,2.0,20.3,0.9,1.10,0.0,-9.9
'Zavalla',9,5,2010,13800.0,1.2,20.4,0.9,1.50,0.0,-9.9
'Zavalla',10,5,2010,13100.0,1.7,21.0,1.0,1.40,0.0,-9.9
'Zavalla',11,5,2010,11800.0,2.0,18.8,1.0,2.00,0.0,-9.9
'Zavalla',12,5,2010,13600.0,3.1,20.7,1.3,2.40,0.0,-9.9
'Zavalla',13,5,2010,11400.0,8.0,21.9,1.5,3.70,0.0,-9.9
'Zavalla',14,5,2010, 8200.0,12.1,21.9,1.6,2.90,0.0,-9.9
'Zavalla',15,5,2010, 3600.0,11.8,16.2,1.2,3.90,0.0,-9.9
'Zavalla',16,5,2010,10700.0,1.9,14.5,0.8,2.40,0.0,-9.9
'Zavalla',17,5,2010, 6900.0,5.8,16.1,1.0,1.90,0.0,-9.9
'Zavalla',18,5,2010,11300.0,4.0,20.4,1.3,2.10,0.0,-9.9
'Zavalla',19,5,2010, 8500.0,9.5,21.8,1.5,1.80,0.0,-9.9
'Zavalla',20,5,2010, 5700.0,10.0,21.4,1.8,1.50,0.0,-9.9
'Zavalla',21,5,2010, 4000.0,16.3,20.8,2.0,2.20,0.0,-9.9
'Zavalla',22,5,2010, 4400.0,16.9,20.6,2.0,2.40,0.5,-9.9
'Zavalla',23,5,2010, 3500.0,13.8,19.9,1.9,2.20,2.0,-9.9
'Zavalla',24,5,2010, 3400.0,11.2,15.0,1.5,3.20,4.6,-9.9
'Zavalla',25,5,2010, 3400.0,5.3,22.5,1.1,1.70,0.0,-9.9
'Zavalla',26,5,2010,12200.0,5.3,20.2,1.3,1.90,0.0,-9.9
'Zavalla',27,5,2010, 3900.0,10.4,16.9,1.5,2.70,0.0,-9.9
'Zavalla',28,5,2010, 3300.0,13.7,18.9,1.7,2.20,24.3,-9.9
'Zavalla',29,5,2010, 3300.0,12.5,15.4,1.6,3.70,35.0,-9.9
'Zavalla',30,5,2010,11300.0,7.8,15.3,1.1,3.70,0.0,-9.9
'Zavalla',31,5,2010,10800.0,3.8,13.4,0.9,1.90,0.0,-9.9
'Zavalla',1,6,2010,10000.0,3.0,15.2,1.0,2.60,0.0,-9.9
'Zavalla',2,6,2010, 9900.0,3.0,16.0,1.0,2.30,0.0,-9.9
'Zavalla',3,6,2010, 7100.0,5.0,19.7,1.3,1.50,0.0,-9.9
'Zavalla',4,6,2010,11500.0,5.4,19.7,1.1,2.20,0.0,-9.9
'Zavalla',5,6,2010,11600.0,6.1,22.3,1.1,2.70,0.0,-9.9
'Zavalla',6,6,2010,11200.0,7.9,22.1,1.2,2.90,0.0,-9.9
'Zavalla',7,6,2010, 9300.0,4.7,19.9,1.2,2.00,0.0,-9.9
'Zavalla',8,6,2010,10200.0,6.4,15.6,1.0,2.90,0.0,-9.9
'Zavalla',9,6,2010, 5100.0,3.0,12.9,0.9,2.70,0.0,-9.9
'Zavalla',10,6,2010, 3100.0,1.1,13.5,0.8,2.40,0.0,-9.9
'Zavalla',11,6,2010, 4000.0,3.3,12.7,1.0,2.70,0.0,-9.9
'Zavalla',12,6,2010, 3300.0,5.6,17.3,1.3,1.20,0.0,-9.9
'Zavalla',13,6,2010, 3700.0,5.9,15.3,1.4,2.30,0.0,-9.9
'Zavalla',14,6,2010, 3100.0,13.0,19.6,1.6,3.10,0.4,-9.9
'Zavalla',15,6,2010, 5600.0,4.0,14.1,1.1,2.30,0.0,-9.9
'Zavalla',16,6,2010, 6700.0,6.8,16.5,1.0,2.90,0.0,-9.9
'Zavalla',17,6,2010, 5000.0,6.8,13.7,1.2,2.10,0.0,-9.9
'Zavalla',18,6,2010, 3500.0,12.2,15.1,1.4,1.90,0.0,-9.9
'Zavalla',19,6,2010,10600.0,6.6,13.6,1.0,2.80,0.0,-9.9
'Zavalla',20,6,2010,11800.0,2.8,17.7,1.0,2.20,0.0,-9.9
'Zavalla',21,6,2010, 9200.0,1.6,13.2,0.9,2.00,0.0,-9.9
'Zavalla',22,6,2010,10200.0,4.4,18.4,1.0,3.80,0.0,-9.9
'Zavalla',23,6,2010, 5900.0,9.1,17.6,1.2,4.10,0.0,-9.9
'Zavalla',24,6,2010,11400.0,9.1,18.9,0.7,3.40,0.0,-9.9
'Zavalla',25,6,2010,11100.0,5.6,16.5,0.9,2.60,0.0,-9.9
'Zavalla',26,6,2010, 3100.0,8.0,12.5,1.1,2.90,0.2,-9.9
'Zavalla',27,6,2010, 5900.0,4.0,15.1,0.9,3.40,0.0,-9.9
'Zavalla',28,6,2010,11800.0,-0.9,16.8,0.6,2.40,0.0,-9.9
'Zavalla',29,6,2010, 8200.0,1.5,15.9,0.9,2.80,0.0,-9.9
'Zavalla',30,6,2010, 7200.0,8.1,15.9,1.3,1.70,0.0,-9.9
'Zavalla',1,7,2010, 3100.0,7.8,16.2,1.4,2.80,0.0,-9.9
'Zavalla',2,7,2010, 8200.0,6.8,23.1,1.5,1.40,0.0,-9.9
'Zavalla',3,7,2010,10000.0,11.2,23.9,1.7,2.30,0.0,-9.9
'Zavalla',4,7,2010, 6700.0,13.8,26.1,1.7,3.90,0.0,-9.9
'Zavalla',5,7,2010, 9000.0,14.9,25.3,1.8,3.70,0.0,-9.9
'Zavalla',6,7,2010, 3100.0,14.0,15.9,1.6,2.20,0.0,-9.9
'Zavalla',7,7,2010,11000.0,8.0,15.2,0.8,3.50,0.0,-9.9
'Zavalla',8,7,2010,11500.0,3.1,18.3,0.6,2.00,0.0,-9.9
'Zavalla',9,7,2010,11600.0,-0.6,16.3,0.7,2.40,0.0,-9.9
'Zavalla',10,7,2010,10700.0,-1.7,17.5,0.9,2.40,0.0,-9.9
'Zavalla',11,7,2010, 5900.0,11.1,19.2,1.1,4.60,0.0,-9.9
'Zavalla',12,7,2010,11500.0,-1.6,11.4,0.5,4.10,0.0,-9.9
'Zavalla',13,7,2010, 7900.0,-1.8,11.4,0.5,3.10,0.0,-9.9
'Zavalla',14,7,2010,11000.0,-2.2,10.9,0.6,2.70,0.0,-9.9
'Zavalla',15,7,2010,11100.0,-2.1,8.0,0.5,2.80,0.0,-9.9
'Zavalla',16,7,2010, 9700.0,-5.7,8.1,0.4,1.80,0.0,-9.9
'Zavalla',17,7,2010, 9100.0,-5.7,8.1,0.4,1.90,1.5,-9.9
'Zavalla',18,7,2010, 3300.0,1.1,4.0,0.7,4.00,3.6,-9.9
'Zavalla',19,7,2010, 3400.0,2.9,9.5,0.8,3.80,2.5,-9.9
'Zavalla',20,7,2010,12300.0,-1.1,15.5,0.5,1.70,0.0,-9.9
'Zavalla',21,7,2010, 9600.0,-0.2,16.7,0.7,2.20,0.0,-9.9
'Zavalla',22,7,2010, 6400.0,-1.6,10.6,0.6,2.40,0.0,-9.9
'Zavalla',23,7,2010,12800.0,-2.9,14.5,0.6,2.90,0.0,-9.9
'Zavalla',24,7,2010, 8700.0,1.1,13.7,0.8,2.30,0.0,-9.9
'Zavalla',25,7,2010,12100.0,1.9,15.2,0.7,3.70,0.0,-9.9
'Zavalla',26,7,2010,13200.0,1.4,19.9,0.6,2.70,0.0,-9.9
'Zavalla',27,7,2010,12100.0,4.0,17.9,0.8,3.60,0.0,-9.9
'Zavalla',28,7,2010,13000.0,4.4,19.1,0.8,2.90,0.0,-9.9
'Zavalla',29,7,2010,10600.0,0.1,17.6,0.9,2.40,0.0,-9.9
'Zavalla',30,7,2010, 6100.0,8.7,15.1,1.2,3.60,10.1,-9.9
'Zavalla',31,7,2010,14200.0,2.2,14.8,0.6,3.20,0.0,-9.9
'Zavalla',1,8,2010, 3700.0,-0.7,10.7,0.6,2.40,0.0,-9.9
'Zavalla',2,8,2010,11100.0,-0.3,10.7,0.5,1.90,0.0,-9.9
'Zavalla',3,8,2010,13500.0,-3.2,9.9,0.5,2.20,0.0,-9.9
'Zavalla',4,8,2010,13800.0,-3.1,9.7,0.5,2.20,0.0,-9.9
'Zavalla',5,8,2010,12900.0,-2.3,10.8,0.7,2.30,0.0,-9.9
'Zavalla',6,8,2010,14600.0,0.5,15.7,0.8,2.50,0.0,-9.9
'Zavalla',7,8,2010,11700.0,1.9,17.4,0.8,1.40,0.0,-9.9
'Zavalla',8,8,2010,12600.0,1.4,15.8,0.8,1.90,0.0,-9.9
'Zavalla',9,8,2010,15000.0,-0.1,17.1,0.7,1.70,0.0,-9.9
'Zavalla',10,8,2010,13700.0,2.3,18.8,0.8,2.20,0.0,-9.9
'Zavalla',11,8,2010, 5500.0,0.6,11.7,0.8,1.90,0.0,-9.9
'Zavalla',12,8,2010, 5500.0,4.5,13.7,0.8,5.20,0.0,-9.9
'Zavalla',13,8,2010,10500.0,0.4,10.7,0.6,2.90,0.0,-9.9
'Zavalla',14,8,2010, 4100.0,-1.6,9.9,0.6,1.90,0.0,-9.9
'Zavalla',15,8,2010,14800.0,-2.6,12.9,0.8,3.90,0.0,-9.9
'Zavalla',16,8,2010,13600.0,2.4,17.2,0.9,2.70,0.0,-9.9
'Zavalla',17,8,2010, 4200.0,3.4,23.7,1.2,3.00,0.0,-9.9
'Zavalla',18,8,2010,15600.0,11.0,21.1,1.4,2.40,0.0,-9.9
'Zavalla',19,8,2010,16400.0,7.2,22.2,0.7,2.70,0.0,-9.9
'Zavalla',20,8,2010,15900.0,1.5,22.8,0.9,2.20,0.0,-9.9
'Zavalla',21,8,2010,13900.0,6.9,24.9,1.2,2.20,0.0,-9.9
'Zavalla',22,8,2010, 4400.0,10.7,25.9,1.6,1.90,0.0,-9.9
'Zavalla',23,8,2010,13800.0,11.4,22.6,1.3,4.20,0.0,-9.9
'Zavalla',24,8,2010,17500.0,5.4,20.4,0.7,2.70,0.0,-9.9
'Zavalla',25,8,2010, 8000.0,-0.3,16.5,0.7,1.90,0.0,-9.9
'Zavalla',26,8,2010,16900.0,-0.6,17.5,1.1,2.50,0.0,-9.9
'Zavalla',27,8,2010, 5700.0,7.6,16.1,1.3,2.10,0.0,-9.9
'Zavalla',28,8,2010,10000.0,8.1,22.3,1.5,3.40,0.0,-9.9
'Zavalla',29,8,2010, 4700.0,9.0,18.1,0.8,3.70,0.0,-9.9
'Zavalla',30,8,2010, 4700.0,7.4,13.2,1.0,2.10,0.7,-9.9
'Zavalla',31,8,2010, 4800.0,11.3,13.8,1.3,3.20,7.5,-9.9
'Zavalla',1,9,2010, 4800.0,8.9,12.0,0.9,5.00,3.6,-9.9
'Zavalla',2,9,2010, 4900.0,5.8,10.4,1.1,3.20,11.2,-9.9
'Zavalla',3,9,2010,17600.0,7.1,11.3,1.0,5.30,0.0,-9.9
'Zavalla',4,9,2010,11400.0,6.9,17.6,1.0,3.80,0.0,-9.9
'Zavalla',5,9,2010,19100.0,5.3,23.6,1.0,1.90,0.0,-9.9
'Zavalla',6,9,2010,18500.0,9.3,24.1,1.3,2.60,0.0,-9.9
'Zavalla',7,9,2010,18400.0,8.5,23.7,1.3,2.40,0.0,-9.9
'Zavalla',8,9,2010,18700.0,8.6,24.1,1.2,3.00,0.0,-9.9
'Zavalla',9,9,2010, 8600.0,7.8,25.2,1.6,2.90,0.0,-9.9
'Zavalla',10,9,2010, 9300.0,15.2,24.8,1.8,3.30,3.5,-9.9
'Zavalla',11,9,2010,18800.0,10.1,21.2,1.1,2.70,0.0,-9.9
'Zavalla',12,9,2010,19600.0,5.2,18.2,1.2,3.20,0.0,-9.9
'Zavalla',13,9,2010, 7300.0,8.8,16.5,1.2,4.60,0.0,-9.9
'Zavalla',14,9,2010,20300.0,6.5,20.2,0.9,2.60,0.0,-9.9
'Zavalla',15,9,2010,16200.0,6.9,23.4,1.0,2.20,0.0,-9.9
'Zavalla',16,9,2010,19600.0,8.1,23.7,1.1,2.20,0.0,-9.9
'Zavalla',17,9,2010,14700.0,7.1,18.0,0.7,2.60,0.0,-9.9
'Zavalla',18,9,2010,20800.0,4.9,19.8,1.0,3.60,0.0,-9.9
'Zavalla',19,9,2010,17900.0,8.7,25.0,1.4,2.60,0.0,-9.9
'Zavalla',20,9,2010,12300.0,13.0,26.7,1.6,2.10,1.6,-9.9
'Zavalla',21,9,2010, 5700.0,14.1,17.8,1.6,1.90,8.5,-9.9
'Zavalla',22,9,2010, 6900.0,10.4,21.7,1.5,3.20,5.3,-9.9
'Zavalla',23,9,2010,11400.0,9.9,20.6,1.1,2.90,0.0,-9.9
'Zavalla',24,9,2010,12700.0,6.6,19.0,1.3,2.00,0.6,-9.9
'Zavalla',25,9,2010,14900.0,9.0,22.4,1.5,2.10,0.0,-9.9
'Zavalla',26,9,2010,19400.0,9.9,24.5,1.4,2.90,0.0,-9.9
'Zavalla',27,9,2010, 9000.0,12.7,17.7,1.6,3.10,6.2,-9.9
'Zavalla',28,9,2010,11300.0,11.0,16.9,1.3,5.40,0.5,-9.9
'Zavalla',29,9,2010,15200.0,11.6,18.0,1.3,4.50,0.0,-9.9
'Zavalla',30,9,2010,20300.0,4.6,19.5,1.1,2.90,2.3,-9.9
'Zavalla',1,10,2010,23400.0,10.0,12.0,1.1,2.90,2.0,-9.9
'Zavalla',2,10,2010, 7300.0,2.5,19.5,0.9,2.10,0.0,-9.9
'Zavalla',3,10,2010,23200.0,3.6,22.5,1.0,3.20,0.0,-9.9
'Zavalla',4,10,2010,21400.0,5.5,24.6,1.2,2.20,0.0,-9.9
'Zavalla',5,10,2010,21400.0,9.6,26.2,1.5,2.60,0.0,-9.9
'Zavalla',6,10,2010, 9800.0,12.5,20.2,1.6,2.70,8.5,-9.9
'Zavalla',7,10,2010,23200.0,11.4,21.9,1.3,3.80,0.0,-9.9
'Zavalla',8,10,2010,23600.0,5.8,21.9,1.2,2.00,0.0,-9.9
'Zavalla',9,10,2010,22300.0,7.3,23.5,1.6,2.60,0.0,-9.9
'Zavalla',10,10,2010,24800.0,9.7,24.3,1.5,2.80,0.0,-9.9
'Zavalla',11,10,2010,24000.0,11.3,24.0,1.5,3.00,0.0,-9.9
'Zavalla',12,10,2010,24300.0,13.4,25.4,1.6,2.90,0.0,-9.9
'Zavalla',13,10,2010, 8400.0,14.9,19.9,1.7,2.50,19.2,-9.9
'Zavalla',14,10,2010,12700.0,13.8,23.0,1.9,3.20,0.1,-9.9
'Zavalla',15,10,2010, 7700.0,11.9,16.8,1.4,3.20,0.0,-9.9
'Zavalla',16,10,2010,20800.0,7.6,18.8,1.2,2.70,0.0,-9.9
'Zavalla',17,10,2010,25500.0,7.4,20.0,1.2,2.70,0.0,-9.9
'Zavalla',18,10,2010,25400.0,5.9,24.9,1.4,2.70,0.0,-9.9
'Zavalla',19,10,2010,23700.0,12.1,26.6,1.5,2.90,0.0,-9.9
'Zavalla',20,10,2010,25300.0,11.7,27.9,1.6,2.70,0.0,-9.9
'Zavalla',21,10,2010,14900.0,13.0,27.7,1.9,2.50,0.0,-9.9
'Zavalla',22,10,2010,20200.0,12.7,23.8,1.4,3.30,0.0,-9.9
'Zavalla',23,10,2010,25700.0,8.7,21.2,1.2,2.70,0.0,-9.9
'Zavalla',24,10,2010,13800.0,10.8,21.9,1.4,2.20,0.0,-9.9
'Zavalla',25,10,2010,26600.0,7.8,25.1,1.3,2.50,0.0,-9.9
'Zavalla',26,10,2010,26700.0,7.1,26.0,1.3,2.40,0.0,-9.9
'Zavalla',27,10,2010,21800.0,12.7,25.7,1.5,2.90,0.0,-9.9
'Zavalla',28,10,2010,25400.0,10.2,27.5,1.6,3.50,0.0,-9.9
'Zavalla',29,10,2010,17000.0,11.5,21.5,1.4,4.20,7.7,-9.9
'Zavalla',30,10,2010,25900.0,6.8,22.5,0.9,4.90,0.0,-9.9
'Zavalla',31,10,2010,27500.0,11.0,25.9,1.2,3.90,0.0,-9.9
'Zavalla',1,11,2010,26500.0,8.1,29.6,1.6,2.00,0.0,-9.9
'Zavalla',2,11,2010,27500.0,12.4,30.9,1.8,2.00,0.0,-9.9
'Zavalla',3,11,2010,23900.0,15.1,33.9,1.8,3.40,4.0,-9.9
'Zavalla',4,11,2010, 9400.0,16.8,24.8,1.8,1.90,0.6,-9.9
'Zavalla',5,11,2010,28300.0,11.9,26.9,1.2,2.90,0.0,-9.9
'Zavalla',6,11,2010,26200.0,11.1,32.7,1.7,2.50,0.0,-9.9
'Zavalla',7,11,2010,28600.0,14.3,36.2,2.1,5.20,0.0,-9.9
'Zavalla',8,11,2010, 7500.0,13.8,28.9,1.5,4.10,3.9,-9.9
'Zavalla',9,11,2010,28500.0,9.6,23.2,1.1,3.20,0.0,-9.9
'Zavalla',10,11,2010,28200.0,7.7,26.3,1.4,1.90,0.0,-9.9
'Zavalla',11,11,2010,28300.0,10.2,25.7,1.5,2.60,0.0,-9.9
'Zavalla',12,11,2010,29100.0,12.0,26.7,1.5,2.90,0.0,-9.9
'Zavalla',13,11,2010,29600.0,10.0,26.1,1.5,2.70,0.0,-9.9
'Zavalla',14,11,2010,17400.0,12.8,25.7,1.6,2.20,0.0,-9.9
'Zavalla',15,11,2010,26300.0,11.5,27.7,1.6,2.20,0.0,-9.9
'Zavalla',16,11,2010,24500.0,9.5,26.6,1.5,2.40,0.0,-9.9
'Zavalla',17,11,2010,26200.0,9.1,25.9,1.5,1.90,0.0,-9.9
'Zavalla',18,11,2010,22500.0,9.9,28.2,1.8,1.70,0.0,-9.9
'Zavalla',19,11,2010,18100.0,15.3,26.8,1.6,2.20,0.0,-9.9
'Zavalla',20,11,2010,26200.0,10.9,28.6,1.6,2.00,0.0,-9.9
'Zavalla',21,11,2010,22700.0,15.7,31.0,1.7,2.30,6.9,-9.9
'Zavalla',22,11,2010,29500.0,17.5,22.6,1.8,2.90,0.0,-9.9
'Zavalla',23,11,2010, 8100.0,14.8,27.7,1.8,1.60,0.8,-9.9
'Zavalla',24,11,2010,28900.0,13.9,30.2,1.6,1.80,0.0,-9.9
'Zavalla',25,11,2010,29000.0,15.2,31.8,1.7,2.40,0.0,-9.9
'Zavalla',26,11,2010,29700.0,17.7,33.8,1.6,2.40,2.5,-9.9
'Zavalla',27,11,2010, 7900.0,16.8,24.7,1.9,3.50,15.6,-9.9
'Zavalla',28,11,2010,27700.0,16.4,26.8,1.5,3.20,0.0,-9.9
'Zavalla',29,11,2010,27700.0,10.5,26.8,1.4,1.70,0.0,-9.9
'Zavalla',30,11,2010,19800.0,12.3,31.4,1.5,1.80,11.2,-9.9
'Zavalla',1,12,2010,30800.0,15.2,33.0,2.1,3.20,0.1,-9.9
'Zavalla',2,12,2010,27900.0,18.8,30.1,2.3,2.70,0.0,-9.9
'Zavalla',3,12,2010,25500.0,16.7,28.2,2.0,2.70,7.9,-9.9
'Zavalla',4,12,2010,19900.0,15.9,24.9,2.0,2.10,0.0,-9.9
'Zavalla',5,12,2010,30000.0,15.0,28.4,2.1,2.40,0.0,-9.9
'Zavalla',6,12,2010,29300.0,16.0,33.2,2.2,2.80,0.0,-9.9
'Zavalla',7,12,2010,23500.0,19.2,30.2,2.5,2.80,0.0,-9.9
'Zavalla',8,12,2010,20300.0,16.0,29.9,1.1,2.60,0.2,-9.9
'Zavalla',9,12,2010,30400.0,12.2,25.6,1.9,3.00,0.0,-9.9
'Zavalla',10,12,2010,23500.0,14.1,32.3,2.4,2.00,13.6,-9.9
'Zavalla',11,12,2010,18100.0,14.3,28.9,2.4,3.70,13.8,-9.9
'Zavalla',12,12,2010,25600.0,11.3,22.9,1.2,3.90,0.0,-9.9
'Zavalla',13,12,2010,31000.0,5.6,28.5,1.4,2.40,0.0,-9.9
'Zavalla',14,12,2010,31000.0,14.1,31.7,1.8,3.40,0.0,-9.9
'Zavalla',15,12,2010,31000.0,16.5,31.1,2.0,3.70,0.0,-9.9
'Zavalla',16,12,2010,31100.0,14.6,32.0,2.2,3.50,0.0,-9.9
'Zavalla',17,12,2010,29600.0,19.1,33.6,2.6,2.60,13.6,-9.9
'Zavalla',18,12,2010, 9600.0,19.1,22.8,2.2,2.90,6.5,-9.9
'Zavalla',19,12,2010,16000.0,15.6,23.7,2.1,1.60,0.1,-9.9
'Zavalla',20,12,2010,30900.0,14.6,31.5,2.4,1.70,0.0,-9.9
'Zavalla',21,12,2010,31100.0,18.0,33.0,2.4,1.90,0.0,-9.9
'Zavalla',22,12,2010,31100.0,17.9,34.0,2.4,2.60,0.0,-9.9
'Zavalla',23,12,2010,25700.0,20.6,33.5,2.9,3.00,17.5,-9.9
'Zavalla',24,12,2010,28600.0,20.1,32.0,2.4,2.80,0.0,-9.9
'Zavalla',25,12,2010,30900.0,14.9,34.1,2.1,1.70,0.0,-9.9
'Zavalla',26,12,2010,31600.0,17.9,34.6,2.3,2.00,0.0,-9.9
'Zavalla',27,12,2010,31100.0,18.5,35.8,2.1,1.80,0.0,-9.9
'Zavalla',28,12,2010,29600.0,18.9,35.3,2.2,2.20,0.0,-9.9
'Zavalla',29,12,2010,31100.0,16.0,32.0,2.3,3.20,0.0,-9.9
'Zavalla',30,12,2010,30800.0,19.1,30.9,1.8,3.10,0.0,-9.9
'Zavalla',31,12,2010,31000.0,18.0,32.6,2.1,2.70,0.0,-9.9
