* Source of data    : Zavalla local weather station 
* File content      : Meteo input file for Swap 3.2 (www.swap.alterra.nl) 
* File generated at :  Mon Oct 03 22:18:27 2016 
station,DD,MM,YYYY,Rad,Tmin,Tmax,Hum,Wind,Rain,ETref 
'Zavalla',1,1,1993,14180.0,18.4,24.8,2.2,3.9,0.0,-9.9
'Zavalla',2,1,1993,13570.0,19.4,26.4,2.5,2.5,0.0,-9.9
'Zavalla',3,1,1993,19220.0,21.3,25.6,2.7,1.1,0.7,-9.9
'Zavalla',4,1,1993,24550.0,21.6,31.2,2.9,0.8,0.0,-9.9
'Zavalla',5,1,1993,22610.0,19.7,33.7,3.0,1.4,0.0,-9.9
'Zavalla',6,1,1993,5800.0,19.8,33.1,3.0,2.2,37.5,-9.9
'Zavalla',7,1,1993,13180.0,18.1,27.4,2.6,2.5,0.0,-9.9
'Zavalla',8,1,1993,25960.0,17.9,27.6,1.8,2.2,0.0,-9.9
'Zavalla',9,1,1993,29020.0,13.2,28.5,1.8,1.7,0.0,-9.9
'Zavalla',10,1,1993,31640.0,18.5,31.2,2.2,2.5,0.0,-9.9
'Zavalla',11,1,1993,29160.0,18.3,33.0,2.5,1.9,0.0,-9.9
'Zavalla',12,1,1993,30130.0,19.9,33.7,2.8,1.1,0.0,-9.9
'Zavalla',13,1,1993,29480.0,19.9,34.0,3.0,1.1,0.0,-9.9
'Zavalla',14,1,1993,20020.0,23.6,34.7,3.0,1.4,3.6,-9.9
'Zavalla',15,1,1993,23580.0,23.5,34.9,3.1,1.9,7.7,-9.9
'Zavalla',16,1,1993,18290.0,19.5,29.7,2.8,3.9,0.2,-9.9
'Zavalla',17,1,1993,31680.0,10.5,24.7,1.5,0.8,0.0,-9.9
'Zavalla',18,1,1993,17500.0,10.0,25.7,1.7,1.7,0.0,-9.9
'Zavalla',19,1,1993,27290.0,15.0,30.1,2.0,2.2,0.0,-9.9
'Zavalla',20,1,1993,30170.0,15.0,30.0,2.0,1.7,0.0,-9.9
'Zavalla',21,1,1993,28400.0,15.8,33.5,2.4,2.2,0.0,-9.9
'Zavalla',22,1,1993,27360.0,19.9,34.1,2.8,1.7,0.0,-9.9
'Zavalla',23,1,1993,21280.0,20.5,34.8,2.8,2.2,17.9,-9.9
'Zavalla',24,1,1993,12740.0,18.4,34.1,2.7,3.6,48.8,-9.9
'Zavalla',25,1,1993,26860.0,18.1,28.0,1.9,1.1,0.0,-9.9
'Zavalla',26,1,1993,22860.0,13.9,29.0,2.5,0.6,0.0,-9.9
'Zavalla',27,1,1993,23980.0,20.0,30.1,2.8,2.2,0.0,-9.9
'Zavalla',28,1,1993,24300.0,19.8,29.8,2.8,1.1,0.0,-9.9
'Zavalla',29,1,1993,27540.0,18.8,30.2,2.8,3.3,6.8,-9.9
'Zavalla',30,1,1993,17240.0,22.4,29.8,3.0,3.6,22.8,-9.9
'Zavalla',31,1,1993,20950.0,17.8,26.7,2.4,1.9,1.0,-9.9
'Zavalla',1,2,1993,27580.0,16.4,26.7,2.1,1.7,0.0,-9.9
'Zavalla',2,2,1993,28010.0,15.0,27.8,2.6,1.4,0.0,-9.9
'Zavalla',3,2,1993,25780.0,17.2,28.8,2.7,1.1,0.0,-9.9
'Zavalla',4,2,1993,25340.0,18.8,29.6,2.6,1.4,0.0,-9.9
'Zavalla',5,2,1993,26060.0,18.6,30.2,2.6,1.9,0.0,-9.9
'Zavalla',6,2,1993,8030.0,14.6,23.1,1.9,5.6,28.3,-9.9
'Zavalla',7,2,1993,15300.0,12.2,19.3,1.4,4.2,0.0,-9.9
'Zavalla',8,2,1993,5220.0,13.2,19.0,1.3,3.1,0.0,-9.9
'Zavalla',9,2,1993,25200.0,11.8,25.4,1.4,2.2,0.0,-9.9
'Zavalla',10,2,1993,24010.0,13.0,30.2,1.8,2.5,0.0,-9.9
'Zavalla',11,2,1993,23080.0,16.9,32.3,2.3,1.9,0.0,-9.9
'Zavalla',12,2,1993,22360.0,19.6,26.5,2.4,1.4,0.0,-9.9
'Zavalla',13,2,1993,23360.0,17.2,29.0,2.3,1.1,0.0,-9.9
'Zavalla',14,2,1993,25420.0,15.1,31.9,2.4,1.4,0.0,-9.9
'Zavalla',15,2,1993,25450.0,17.6,31.7,2.2,0.6,0.0,-9.9
'Zavalla',16,2,1993,23330.0,16.8,30.2,2.4,1.1,0.0,-9.9
'Zavalla',17,2,1993,20660.0,15.9,29.7,2.3,2.2,0.2,-9.9
'Zavalla',18,2,1993,13820.0,19.3,27.8,2.3,1.7,0.8,-9.9
'Zavalla',19,2,1993,23900.0,16.3,30.5,2.6,3.3,0.0,-9.9
'Zavalla',20,2,1993,20950.0,14.8,24.1,1.5,3.9,0.0,-9.9
'Zavalla',21,2,1993,22070.0,10.8,22.2,1.4,2.2,0.0,-9.9
'Zavalla',22,2,1993,22460.0,9.5,26.3,1.7,2.5,0.0,-9.9
'Zavalla',23,2,1993,20700.0,13.6,27.7,1.8,2.5,0.0,-9.9
'Zavalla',24,2,1993,21420.0,13.0,28.6,1.9,2.8,0.0,-9.9
'Zavalla',25,2,1993,20920.0,14.5,29.5,2.0,1.9,0.0,-9.9
'Zavalla',26,2,1993,20700.0,15.6,30.2,2.2,2.5,0.0,-9.9
'Zavalla',27,2,1993,22360.0,15.7,31.8,2.2,3.3,0.1,-9.9
'Zavalla',28,2,1993,6590.0,18.7,23.3,2.3,2.2,6.7,-9.9
'Zavalla',1,3,1993,10980.0,14.4,24.7,1.8,2.2,0.0,-9.9
'Zavalla',2,3,1993,13180.0,10.6,23.8,1.6,1.1,0.0,-9.9
'Zavalla',3,3,1993,25560.0,9.7,26.8,1.6,1.4,0.0,-9.9
'Zavalla',4,3,1993,23720.0,12.6,24.8,1.7,2.8,0.0,-9.9
'Zavalla',5,3,1993,19940.0,10.6,24.8,1.7,2.2,0.0,-9.9
'Zavalla',6,3,1993,18860.0,16.8,26.5,2.1,1.1,0.0,-9.9
'Zavalla',7,3,1993,25600.0,14.5,28.9,2.0,1.1,0.0,-9.9
'Zavalla',8,3,1993,24700.0,13.6,29.9,2.4,0.8,0.0,-9.9
'Zavalla',9,3,1993,24190.0,15.0,31.3,2.5,1.1,0.0,-9.9
'Zavalla',10,3,1993,20590.0,15.0,31.1,2.5,1.4,0.0,-9.9
'Zavalla',11,3,1993,19620.0,16.7,32.2,2.7,1.7,0.0,-9.9
'Zavalla',12,3,1993,3780.0,19.1,26.2,2.5,2.8,32.0,-9.9
'Zavalla',13,3,1993,22210.0,16.8,29.3,2.6,0.3,0.0,-9.9
'Zavalla',14,3,1993,17860.0,18.6,31.9,3.0,2.5,0.0,-9.9
'Zavalla',15,3,1993,6910.0,20.8,28.8,2.8,2.5,32.0,-9.9
'Zavalla',16,3,1993,9790.0,20.0,26.0,2.5,1.4,0.0,-9.9
'Zavalla',17,3,1993,22720.0,16.8,31.1,2.8,1.4,0.0,-9.9
'Zavalla',18,3,1993,18040.0,20.5,32.4,2.9,2.2,5.0,-9.9
'Zavalla',19,3,1993,22610.0,16.1,27.2,1.9,3.1,0.0,-9.9
'Zavalla',20,3,1993,17890.0,11.5,23.1,1.5,1.7,0.0,-9.9
'Zavalla',21,3,1993,16340.0,12.3,25.0,1.6,1.9,0.0,-9.9
'Zavalla',22,3,1993,22460.0,14.4,29.6,2.0,1.1,0.0,-9.9
'Zavalla',23,3,1993,22610.0,14.0,30.8,2.1,1.4,0.0,-9.9
'Zavalla',24,3,1993,21850.0,16.6,30.7,2.4,1.7,0.0,-9.9
'Zavalla',25,3,1993,20770.0,15.4,32.7,2.5,1.1,0.0,-9.9
'Zavalla',26,3,1993,21380.0,17.6,32.9,2.4,1.7,0.0,-9.9
'Zavalla',27,3,1993,20660.0,18.4,31.0,2.3,2.5,0.0,-9.9
'Zavalla',28,3,1993,15340.0,16.6,32.3,2.5,3.3,29.8,-9.9
'Zavalla',29,3,1993,9290.0,16.8,24.3,2.1,2.8,0.0,-9.9
'Zavalla',30,3,1993,13500.0,14.0,23.1,2.1,1.7,0.0,-9.9
'Zavalla',31,3,1993,18650.0,16.7,29.6,2.2,1.4,0.0,-9.9
'Zavalla',1,4,1993,15800.0,17.7,30.7,2.4,1.9,0.0,-9.9
'Zavalla',2,4,1993,12710.0,18.6,31.9,2.4,5.0,26.2,-9.9
'Zavalla',3,4,1993,4140.0,13.3,22.1,1.7,4.4,5.5,-9.9
'Zavalla',4,4,1993,7160.0,13.1,20.2,1.9,1.9,10.5,-9.9
'Zavalla',5,4,1993,4790.0,14.0,17.5,1.8,5.6,5.0,-9.9
'Zavalla',6,4,1993,9040.0,11.8,18.5,1.6,3.1,0.0,-9.9
'Zavalla',7,4,1993,14650.0,9.8,22.3,1.6,2.2,0.0,-9.9
'Zavalla',8,4,1993,17030.0,7.4,20.2,1.0,2.8,0.0,-9.9
'Zavalla',9,4,1993,16600.0,6.5,25.4,1.2,2.8,0.0,-9.9
'Zavalla',10,4,1993,17100.0,9.7,26.4,1.6,2.2,0.0,-9.9
'Zavalla',11,4,1993,12240.0,11.0,23.7,1.7,1.7,0.0,-9.9
'Zavalla',12,4,1993,15660.0,12.1,27.9,1.8,2.5,0.0,-9.9
'Zavalla',13,4,1993,12560.0,15.2,30.5,2.6,6.1,15.5,-9.9
'Zavalla',14,4,1993,6980.0,15.7,27.6,1.2,4.4,0.0,-9.9
'Zavalla',15,4,1993,13860.0,14.2,21.5,1.4,5.0,0.5,-9.9
'Zavalla',16,4,1993,3960.0,14.7,19.0,2.0,3.3,0.4,-9.9
'Zavalla',17,4,1993,7850.0,19.0,25.8,2.3,1.9,0.0,-9.9
'Zavalla',18,4,1993,4430.0,17.8,22.9,2.4,3.6,4.5,-9.9
'Zavalla',19,4,1993,1620.0,19.6,23.6,2.4,3.3,33.5,-9.9
'Zavalla',20,4,1993,13500.0,11.0,20.1,1.4,2.8,0.3,-9.9
'Zavalla',21,4,1993,16990.0,6.1,19.7,1.2,1.1,0.0,-9.9
'Zavalla',22,4,1993,15300.0,9.5,18.6,1.2,1.9,0.0,-9.9
'Zavalla',23,4,1993,13930.0,6.9,20.3,1.3,1.9,0.0,-9.9
'Zavalla',24,4,1993,9860.0,11.6,22.6,1.7,2.5,0.0,-9.9
'Zavalla',25,4,1993,13970.0,14.0,23.0,1.4,2.5,0.0,-9.9
'Zavalla',26,4,1993,12240.0,6.1,21.5,1.1,1.4,0.0,-9.9
'Zavalla',27,4,1993,14220.0,8.0,21.8,1.2,1.7,0.0,-9.9
'Zavalla',28,4,1993,16420.0,9.0,26.4,1.5,1.1,0.0,-9.9
'Zavalla',29,4,1993,15660.0,11.6,26.6,1.9,2.5,0.0,-9.9
'Zavalla',30,4,1993,7200.0,17.3,29.5,2.5,3.9,41.6,-9.9
'Zavalla',1,5,1993,6550.0,18.3,22.4,2.2,2.5,24.0,-9.9
'Zavalla',2,5,1993,13640.0,17.4,24.4,2.1,1.4,0.0,-9.9
'Zavalla',3,5,1993,6590.0,15.6,24.8,2.2,5.0,30.5,-9.9
'Zavalla',4,5,1993,14800.0,8.1,21.3,0.7,4.4,0.0,-9.9
'Zavalla',5,5,1993,14260.0,3.2,16.7,0.8,3.6,0.0,-9.9
'Zavalla',6,5,1993,13680.0,8.6,17.9,1.1,2.8,0.0,-9.9
'Zavalla',7,5,1993,11840.0,7.8,20.2,1.4,1.4,0.0,-9.9
'Zavalla',8,5,1993,13280.0,9.9,19.3,1.5,3.3,0.0,-9.9
'Zavalla',9,5,1993,5180.0,14.9,19.0,2.0,1.4,0.5,-9.9
'Zavalla',10,5,1993,3820.0,18.2,21.6,2.2,3.6,13.5,-9.9
'Zavalla',11,5,1993,9720.0,13.9,18.9,1.6,3.3,0.0,-9.9
'Zavalla',12,5,1993,5440.0,7.4,17.8,1.2,1.9,5.5,-9.9
'Zavalla',13,5,1993,10400.0,9.3,16.2,1.1,2.8,0.0,-9.9
'Zavalla',14,5,1993,13610.0,3.8,16.3,0.8,2.2,0.0,-9.9
'Zavalla',15,5,1993,10980.0,5.0,17.8,1.0,1.9,0.0,-9.9
'Zavalla',16,5,1993,11810.0,5.1,18.0,1.1,1.9,0.0,-9.9
'Zavalla',17,5,1993,12200.0,7.0,19.9,1.2,1.9,0.0,-9.9
'Zavalla',18,5,1993,12820.0,7.0,21.6,1.3,3.9,0.0,-9.9
'Zavalla',19,5,1993,11340.0,13.6,24.9,1.7,5.3,0.0,-9.9
'Zavalla',20,5,1993,12420.0,16.9,27.4,2.1,3.3,0.0,-9.9
'Zavalla',21,5,1993,11920.0,16.5,26.8,2.0,3.9,0.0,-9.9
'Zavalla',22,5,1993,4000.0,15.8,24.4,2.1,4.2,24.8,-9.9
'Zavalla',23,5,1993,10370.0,15.0,24.0,1.8,6.7,23.5,-9.9
'Zavalla',24,5,1993,9610.0,4.2,19.6,0.8,2.2,0.7,-9.9
'Zavalla',25,5,1993,8320.0,1.0,12.4,0.8,1.4,0.0,-9.9
'Zavalla',26,5,1993,8210.0,1.3,11.1,0.7,1.4,0.0,-9.9
'Zavalla',27,5,1993,12900.0,-1.3,10.9,0.6,1.4,0.0,0.5
'Zavalla',28,5,1993,11050.0,1.6,12.5,0.8,3.1,0.0,-9.9
'Zavalla',29,5,1993,7740.0,2.7,14.3,0.9,1.1,0.0,-9.9
'Zavalla',30,5,1993,9970.0,3.4,14.9,1.0,3.6,0.0,-9.9
'Zavalla',31,5,1993,10730.0,-0.4,9.8,0.6,3.3,0.0,-9.9
'Zavalla',1,6,1993,11300.0,-3.9,10.8,0.6,3.3,0.0,-9.9
'Zavalla',2,6,1993,9580.0,2.7,12.9,0.8,3.9,0.0,-9.9
'Zavalla',3,6,1993,6730.0,4.9,18.3,1.1,1.7,0.0,-9.9
'Zavalla',4,6,1993,11810.0,5.0,19.1,1.2,1.9,0.2,-9.9
'Zavalla',5,6,1993,9360.0,4.8,18.8,1.6,4.4,0.0,-9.9
'Zavalla',6,6,1993,4030.0,13.8,17.9,1.8,3.1,0.0,-9.9
'Zavalla',7,6,1993,3460.0,12.3,16.9,1.6,6.1,23.5,-9.9
'Zavalla',8,6,1993,8960.0,9.0,13.1,1.0,6.9,0.0,-9.9
'Zavalla',9,6,1993,9900.0,3.8,10.6,0.8,1.9,0.0,-9.9
'Zavalla',10,6,1993,10150.0,1.2,11.4,0.8,1.4,0.0,-9.9
'Zavalla',11,6,1993,7420.0,0.9,12.5,0.9,3.3,0.0,-9.9
'Zavalla',12,6,1993,4640.0,4.8,12.3,1.2,2.5,1.8,-9.9
'Zavalla',13,6,1993,2810.0,11.2,15.8,1.7,1.9,14.0,-9.9
'Zavalla',14,6,1993,1690.0,11.8,16.5,1.6,5.3,6.0,-9.9
'Zavalla',15,6,1993,5690.0,7.9,11.8,1.0,3.3,0.0,-9.9
'Zavalla',16,6,1993,10440.0,2.5,11.2,0.8,2.2,0.0,-9.9
'Zavalla',17,6,1993,11810.0,-0.2,13.2,0.7,2.5,0.0,-9.9
'Zavalla',18,6,1993,11950.0,2.4,16.0,0.9,1.7,0.0,-9.9
'Zavalla',19,6,1993,7670.0,3.7,16.7,0.9,3.9,0.0,-9.9
'Zavalla',20,6,1993,12060.0,7.7,18.1,1.1,3.1,0.0,-9.9
'Zavalla',21,6,1993,11300.0,4.6,19.5,1.1,0.8,0.0,-9.9
'Zavalla',22,6,1993,7880.0,5.2,17.9,1.2,3.3,0.0,-9.9
'Zavalla',23,6,1993,5220.0,6.9,12.9,1.2,1.4,0.0,-9.9
'Zavalla',24,6,1993,10300.0,3.9,16.9,1.0,1.7,0.0,-9.9
'Zavalla',25,6,1993,4610.0,6.8,12.7,1.2,5.0,0.0,-9.9
'Zavalla',26,6,1993,4900.0,11.3,17.0,1.5,1.4,0.0,-9.9
'Zavalla',27,6,1993,11200.0,5.4,17.7,0.9,1.9,0.0,-9.9
'Zavalla',28,6,1993,10010.0,2.4,17.8,0.8,1.7,0.0,-9.9
'Zavalla',29,6,1993,10080.0,3.9,18.9,0.8,1.4,0.0,-9.9
'Zavalla',30,6,1993,11990.0,4.2,19.0,1.0,1.1,0.0,-9.9
'Zavalla',1,7,1993,11740.0,4.3,18.5,1.1,4.7,0.0,-9.9
'Zavalla',2,7,1993,8680.0,5.2,11.1,0.9,4.7,0.0,-9.9
'Zavalla',3,7,1993,6190.0,6.4,14.2,0.9,4.7,0.0,-9.9
'Zavalla',4,7,1993,7160.0,5.4,13.1,1.1,5.3,5.0,-9.9
'Zavalla',5,7,1993,3490.0,8.3,10.8,1.1,5.3,5.5,-9.9
'Zavalla',6,7,1993,9650.0,3.6,10.1,0.8,2.8,0.0,-9.9
'Zavalla',7,7,1993,12130.0,1.8,15.4,0.9,5.0,0.0,-9.9
'Zavalla',8,7,1993,10800.0,6.7,16.2,0.9,2.2,0.0,-9.9
'Zavalla',9,7,1993,9680.0,2.5,15.5,0.7,1.4,0.0,-9.9
'Zavalla',10,7,1993,5690.0,-0.5,11.7,0.8,1.7,0.0,-9.9
'Zavalla',11,7,1993,9830.0,-0.4,14.7,0.7,1.4,0.0,-9.9
'Zavalla',12,7,1993,10910.0,0.3,11.0,0.8,4.4,0.2,-9.9
'Zavalla',13,7,1993,11090.0,-0.6,9.0,0.7,1.7,0.0,-9.9
'Zavalla',14,7,1993,12710.0,-2.6,10.3,0.6,1.9,0.0,-9.9
'Zavalla',15,7,1993,12890.0,0.2,13.1,0.8,3.3,0.0,-9.9
'Zavalla',16,7,1993,11880.0,3.0,14.8,0.8,1.7,0.0,-9.9
'Zavalla',17,7,1993,11520.0,1.6,18.0,0.9,1.7,0.0,-9.9
'Zavalla',18,7,1993,9360.0,5.5,19.4,1.2,2.8,0.0,-9.9
'Zavalla',19,7,1993,5980.0,9.1,19.6,1.7,2.8,0.6,-9.9
'Zavalla',20,7,1993,10690.0,10.6,19.7,1.4,3.6,0.0,-9.9
'Zavalla',21,7,1993,11990.0,6.0,17.0,1.0,4.2,0.0,-9.9
'Zavalla',22,7,1993,5470.0,7.8,12.0,1.3,2.5,0.0,-9.9
'Zavalla',23,7,1993,6370.0,7.8,13.6,1.2,3.6,0.0,-9.9
'Zavalla',24,7,1993,13000.0,0.6,12.7,0.7,1.7,0.0,-9.9
'Zavalla',25,7,1993,8750.0,0.2,10.1,0.8,3.3,0.0,-9.9
'Zavalla',26,7,1993,11950.0,6.2,14.6,0.9,3.3,0.0,-9.9
'Zavalla',27,7,1993,8170.0,5.6,14.2,1.1,4.2,0.0,-9.9
'Zavalla',28,7,1993,10730.0,6.6,11.3,0.7,5.6,0.0,-9.9
'Zavalla',29,7,1993,12600.0,-0.3,11.0,0.6,3.9,0.0,-9.9
'Zavalla',30,7,1993,9500.0,-1.0,10.3,0.6,4.4,0.0,-9.9
'Zavalla',31,7,1993,10840.0,-0.3,11.5,0.7,1.7,0.0,-9.9
'Zavalla',1,8,1993,12060.0,-3.0,12.8,0.7,1.7,0.0,-9.9
'Zavalla',2,8,1993,14330.0,-0.6,15.9,0.8,1.7,0.0,-9.9
'Zavalla',3,8,1993,11920.0,1.3,18.4,0.7,3.3,0.0,-9.9
'Zavalla',4,8,1993,14000.0,4.6,19.9,1.2,2.8,0.0,-9.9
'Zavalla',5,8,1993,12130.0,10.6,17.7,1.2,2.8,0.0,-9.9
'Zavalla',6,8,1993,10260.0,7.7,17.4,1.2,1.9,0.0,-9.9
'Zavalla',7,8,1993,10910.0,7.9,13.6,1.1,4.7,0.0,-9.9
'Zavalla',8,8,1993,15190.0,0.7,12.9,0.5,2.8,0.0,-9.9
'Zavalla',9,8,1993,15370.0,-4.1,13.7,0.5,2.5,0.0,-9.9
'Zavalla',10,8,1993,15620.0,-1.2,18.5,0.5,4.4,0.0,-9.9
'Zavalla',11,8,1993,12200.0,3.2,22.3,0.7,1.9,0.0,-9.9
'Zavalla',12,8,1993,7810.0,3.2,22.8,0.8,1.9,0.0,-9.9
'Zavalla',13,8,1993,14720.0,4.5,21.6,0.8,1.9,0.0,-9.9
'Zavalla',14,8,1993,15550.0,3.7,22.8,1.0,2.2,0.0,-9.9
'Zavalla',15,8,1993,14260.0,7.4,23.9,1.1,4.7,0.0,-9.9
'Zavalla',16,8,1993,9220.0,5.3,14.2,0.7,3.3,0.0,-9.9
'Zavalla',17,8,1993,16560.0,-2.7,14.1,0.5,2.5,0.0,-9.9
'Zavalla',18,8,1993,17280.0,1.8,18.7,0.6,3.1,0.0,-9.9
'Zavalla',19,8,1993,17390.0,-0.5,22.0,0.7,2.5,0.0,-9.9
'Zavalla',20,8,1993,17460.0,3.1,21.0,0.8,1.1,0.0,-9.9
'Zavalla',21,8,1993,14980.0,3.2,20.6,0.9,1.7,0.0,-9.9
'Zavalla',22,8,1993,17060.0,5.6,21.6,1.0,1.4,0.0,-9.9
'Zavalla',23,8,1993,17780.0,3.0,22.0,1.0,2.5,0.0,-9.9
'Zavalla',24,8,1993,17030.0,9.7,24.3,1.4,4.2,0.0,-9.9
'Zavalla',25,8,1993,16160.0,12.5,25.3,1.5,2.8,0.0,-9.9
'Zavalla',26,8,1993,17060.0,12.3,27.3,1.7,0.8,0.0,-9.9
'Zavalla',27,8,1993,16340.0,9.9,29.6,1.8,1.7,0.0,-9.9
'Zavalla',28,8,1993,17570.0,15.5,28.9,1.8,8.1,21.6,-9.9
'Zavalla',29,8,1993,5400.0,8.5,18.9,1.1,8.6,8.9,-9.9
'Zavalla',30,8,1993,6230.0,2.9,11.6,0.9,10.3,8.3,-9.9
'Zavalla',31,8,1993,8710.0,2.9,8.9,0.8,4.2,0.4,-9.9
'Zavalla',1,9,1993,7420.0,6.5,11.0,1.0,2.5,0.0,-9.9
'Zavalla',2,9,1993,20410.0,1.7,15.2,0.9,1.4,0.0,-9.9
'Zavalla',3,9,1993,19760.0,2.9,18.2,1.0,3.1,0.0,-9.9
'Zavalla',4,9,1993,18470.0,6.8,23.6,1.2,1.7,0.0,-9.9
'Zavalla',5,9,1993,19120.0,8.7,23.1,1.3,3.3,0.0,-9.9
'Zavalla',6,9,1993,4320.0,10.1,15.0,1.2,6.4,0.0,-9.9
'Zavalla',7,9,1993,18860.0,5.8,17.8,0.8,3.9,0.0,-9.9
'Zavalla',8,9,1993,18610.0,3.9,20.2,0.7,2.8,0.0,-9.9
'Zavalla',9,9,1993,18580.0,4.3,23.3,0.8,3.1,0.0,-9.9
'Zavalla',10,9,1993,18760.0,5.6,22.3,1.0,3.6,0.0,-9.9
'Zavalla',11,9,1993,18610.0,5.3,17.7,0.8,3.1,0.0,-9.9
'Zavalla',12,9,1993,18790.0,3.9,22.1,0.9,2.8,0.0,-9.9
'Zavalla',13,9,1993,18220.0,4.8,22.3,1.1,1.7,0.0,-9.9
'Zavalla',14,9,1993,18790.0,4.9,24.2,1.1,1.1,0.0,-9.9
'Zavalla',15,9,1993,19550.0,5.2,25.2,1.0,1.7,0.0,-9.9
'Zavalla',16,9,1993,18140.0,8.7,26.4,1.5,2.8,0.0,-9.9
'Zavalla',17,9,1993,15880.0,13.0,27.9,1.6,4.7,17.8,-9.9
'Zavalla',18,9,1993,15520.0,14.7,21.1,1.8,1.9,0.3,-9.9
'Zavalla',19,9,1993,13500.0,10.6,21.0,1.6,5.3,1.5,-9.9
'Zavalla',20,9,1993,17420.0,8.3,15.0,1.0,4.7,0.0,-9.9
'Zavalla',21,9,1993,19190.0,3.8,14.4,0.8,3.9,0.0,-9.9
'Zavalla',22,9,1993,13250.0,5.8,11.2,0.8,5.0,0.0,-9.9
'Zavalla',23,9,1993,11630.0,5.2,18.0,1.2,4.7,0.5,-9.9
'Zavalla',24,9,1993,11450.0,10.3,18.6,1.4,2.5,0.7,-9.9
'Zavalla',25,9,1993,15010.0,11.0,19.7,1.4,2.8,0.0,-9.9
'Zavalla',26,9,1993,19300.0,10.8,19.1,1.1,3.3,0.0,-9.9
'Zavalla',27,9,1993,21240.0,5.9,26.1,1.1,5.3,0.0,-9.9
'Zavalla',28,9,1993,9320.0,8.6,16.6,0.8,5.6,2.2,-9.9
'Zavalla',29,9,1993,8500.0,7.6,10.4,1.1,5.0,1.2,-9.9
'Zavalla',30,9,1993,3200.0,10.2,16.0,1.5,6.4,1.8,-9.9
'Zavalla',1,10,1993,4500.0,11.8,14.1,1.4,5.0,8.8,-9.9
'Zavalla',2,10,1993,4750.0,11.3,15.0,1.5,3.3,0.4,-9.9
'Zavalla',3,10,1993,24520.0,9.2,20.6,1.3,2.2,0.0,-9.9
'Zavalla',4,10,1993,21600.0,8.3,21.9,1.2,1.9,0.0,-9.9
'Zavalla',5,10,1993,23330.0,9.0,20.5,1.3,1.7,0.0,-9.9
'Zavalla',6,10,1993,23900.0,4.6,23.7,1.3,2.8,0.0,-9.9
'Zavalla',7,10,1993,22820.0,9.5,25.7,1.2,3.3,0.0,-9.9
'Zavalla',8,10,1993,18610.0,9.8,30.2,1.4,2.2,0.0,-9.9
'Zavalla',9,10,1993,22320.0,11.9,29.6,1.6,2.5,0.0,-9.9
'Zavalla',10,10,1993,23040.0,13.5,33.0,1.7,1.4,0.0,-9.9
'Zavalla',11,10,1993,22430.0,16.6,34.7,1.9,3.9,2.3,-9.9
'Zavalla',12,10,1993,8890.0,18.2,26.9,2.0,1.7,0.0,-9.9
'Zavalla',13,10,1993,3640.0,15.0,20.6,2.0,2.5,0.0,-9.9
'Zavalla',14,10,1993,11770.0,12.2,24.4,1.8,1.4,0.0,-9.9
'Zavalla',15,10,1993,20660.0,10.9,29.4,1.8,4.4,0.0,-9.9
'Zavalla',16,10,1993,15800.0,16.3,34.1,2.2,8.9,44.9,-9.9
'Zavalla',17,10,1993,28080.0,14.7,22.4,1.5,4.2,0.0,-9.9
'Zavalla',18,10,1993,21780.0,10.3,22.1,1.4,5.8,0.6,-9.9
'Zavalla',19,10,1993,13320.0,14.5,21.9,2.0,3.6,0.0,-9.9
'Zavalla',20,10,1993,5080.0,17.1,19.8,2.0,3.9,20.3,-9.9
'Zavalla',21,10,1993,5220.0,15.5,19.2,1.9,6.1,29.3,-9.9
'Zavalla',22,10,1993,2770.0,11.8,15.6,1.4,5.8,11.7,-9.9
'Zavalla',23,10,1993,13750.0,10.6,17.8,1.5,4.2,0.0,-9.9
'Zavalla',24,10,1993,8030.0,10.7,15.3,1.4,4.4,3.9,-9.9
'Zavalla',25,10,1993,17210.0,8.2,16.8,1.3,1.7,0.0,-9.9
'Zavalla',26,10,1993,27900.0,7.3,20.5,1.4,3.3,0.0,-9.9
'Zavalla',27,10,1993,24770.0,11.9,23.0,1.2,5.3,0.0,-9.9
'Zavalla',28,10,1993,26320.0,11.6,28.0,2.1,3.3,3.5,-9.9
'Zavalla',29,10,1993,1330.0,18.0,23.0,2.3,4.4,30.8,-9.9
'Zavalla',30,10,1993,19040.0,18.1,25.3,2.5,5.0,39.4,-9.9
'Zavalla',31,10,1993,19620.0,14.1,22.8,1.6,6.4,0.8,-9.9
'Zavalla',1,11,1993,30850.0,12.3,23.6,1.5,2.2,0.0,-9.9
'Zavalla',2,11,1993,29950.0,12.5,25.7,1.9,3.1,0.0,-9.9
'Zavalla',3,11,1993,29200.0,16.3,30.4,2.4,2.5,0.0,-9.9
'Zavalla',4,11,1993,23620.0,17.4,29.6,1.9,4.4,9.5,-9.9
'Zavalla',5,11,1993,10940.0,11.4,23.7,1.3,7.5,0.0,-9.9
'Zavalla',6,11,1993,26600.0,8.4,19.9,1.3,3.9,0.0,-9.9
'Zavalla',7,11,1993,29160.0,11.4,25.4,1.2,2.5,0.0,-9.9
'Zavalla',8,11,1993,26600.0,15.2,30.0,2.0,3.9,0.0,-9.9
'Zavalla',9,11,1993,26570.0,18.3,30.1,2.1,2.8,0.0,-9.9
'Zavalla',10,11,1993,22610.0,17.9,32.1,2.5,5.0,15.3,-9.9
'Zavalla',11,11,1993,12240.0,20.2,26.0,2.4,2.8,0.0,-9.9
'Zavalla',12,11,1993,24410.0,13.8,25.9,2.3,5.6,59.8,-9.9
'Zavalla',13,11,1993,18180.0,13.4,22.3,1.7,5.8,0.0,-9.9
'Zavalla',14,11,1993,12420.0,11.0,19.8,1.6,4.4,0.0,-9.9
'Zavalla',15,11,1993,12100.0,16.0,20.3,2.0,3.1,0.8,-9.9
'Zavalla',16,11,1993,10910.0,17.3,21.8,1.8,4.7,0.0,-9.9
'Zavalla',17,11,1993,27000.0,13.1,23.4,1.4,3.9,0.0,-9.9
'Zavalla',18,11,1993,29340.0,9.9,24.7,1.5,1.9,0.0,-9.9
'Zavalla',19,11,1993,29120.0,10.6,27.6,1.7,2.5,0.0,-9.9
'Zavalla',20,11,1993,29630.0,16.0,29.1,2.0,2.8,0.0,-9.9
'Zavalla',21,11,1993,22720.0,17.3,28.9,2.0,3.6,0.0,-9.9
'Zavalla',22,11,1993,8600.0,15.2,23.6,1.7,4.4,2.7,-9.9
'Zavalla',23,11,1993,8500.0,13.9,21.0,1.9,4.2,2.8,-9.9
'Zavalla',24,11,1993,15440.0,15.9,23.2,2.0,4.2,0.5,-9.9
'Zavalla',25,11,1993,8240.0,17.1,21.4,2.1,6.1,23.0,-9.9
'Zavalla',26,11,1993,13280.0,13.4,21.0,1.7,5.6,0.0,-9.9
'Zavalla',27,11,1993,26140.0,12.7,22.4,1.6,3.3,0.0,-9.9
'Zavalla',28,11,1993,32080.0,11.7,24.5,1.9,2.5,2.5,-9.9
'Zavalla',29,11,1993,25740.0,15.9,27.0,2.2,3.6,8.5,-9.9
'Zavalla',30,11,1993,30820.0,12.4,22.1,1.3,3.6,0.0,-9.9
'Zavalla',1,12,1993,30740.0,8.1,24.3,1.0,4.7,0.0,-9.9
'Zavalla',2,12,1993,26600.0,15.6,28.9,2.0,5.0,0.0,-9.9
'Zavalla',3,12,1993,24160.0,22.2,32.4,3.1,6.7,39.5,-9.9
'Zavalla',4,12,1993,24120.0,16.4,29.3,1.6,4.4,0.0,-9.9
'Zavalla',5,12,1993,32800.0,10.4,22.0,1.5,2.5,0.0,-9.9
'Zavalla',6,12,1993,27040.0,12.2,25.6,1.9,1.7,0.0,-9.9
'Zavalla',7,12,1993,27720.0,14.9,29.7,2.6,1.9,0.0,-9.9
'Zavalla',8,12,1993,28220.0,19.8,31.5,2.6,3.1,0.0,-9.9
'Zavalla',9,12,1993,23290.0,20.2,31.2,2.4,3.6,0.0,-9.9
'Zavalla',10,12,1993,27940.0,17.4,29.1,2.0,4.2,0.0,-9.9
'Zavalla',11,12,1993,29160.0,19.2,32.3,2.3,3.9,0.0,-9.9
'Zavalla',12,12,1993,22640.0,21.8,35.2,2.7,4.2,8.8,-9.9
'Zavalla',13,12,1993,23650.0,20.6,26.9,2.5,3.9,0.0,-9.9
'Zavalla',14,12,1993,5510.0,14.9,22.9,2.1,6.7,45.0,-9.9
'Zavalla',15,12,1993,17500.0,14.4,22.4,1.9,3.1,0.0,-9.9
'Zavalla',16,12,1993,33910.0,12.8,25.8,1.8,2.5,0.0,-9.9
'Zavalla',17,12,1993,32980.0,16.6,29.0,1.7,2.5,0.0,-9.9
'Zavalla',18,12,1993,26820.0,16.6,29.6,2.0,3.3,0.0,-9.9
'Zavalla',19,12,1993,25740.0,18.8,33.5,2.1,5.0,0.0,-9.9
'Zavalla',20,12,1993,28940.0,12.4,25.1,1.2,3.3,0.0,-9.9
'Zavalla',21,12,1993,27430.0,12.6,24.6,1.4,3.3,0.0,-9.9
'Zavalla',22,12,1993,26570.0,12.9,27.1,1.8,1.9,0.0,-9.9
'Zavalla',23,12,1993,29340.0,16.5,32.6,2.5,3.3,0.0,-9.9
'Zavalla',24,12,1993,22540.0,22.4,33.7,2.4,5.0,23.5,-9.9
'Zavalla',25,12,1993,6370.0,17.8,24.4,2.3,1.10,38.5,-9.9
'Zavalla',26,12,1993,20560.0,19.7,27.9,2.7,5.0,0.0,-9.9
'Zavalla',27,12,1993,26320.0,21.2,29.0,2.7,2.5,7.2,-9.9
'Zavalla',28,12,1993,26710.0,16.0,28.9,1.9,3.6,3.3,-9.9
'Zavalla',29,12,1993,29840.0,15.7,24.0,1.8,2.2,0.0,-9.9
'Zavalla',30,12,1993,30350.0,14.2,26.7,1.9,2.5,0.0,-9.9
'Zavalla',31,12,1993,29090.0,15.6,29.7,2.2,2.8,0.0,-9.9
