* Source of data    : Zavalla local weather station 
* File content      : Meteo input file for Swap 3.2 (www.swap.alterra.nl) 
* File generated at :  Mon Oct 03 22:18:27 2016 
station,DD,MM,YYYY,Rad,Tmin,Tmax,Hum,Wind,Rain,ETref 
'Zavalla',1,1,2014,29500.0,20.7,33.1,2.9,1.60,11.6,-9.9
'Zavalla',2,1,2014, 8100.0,18.8,28.9,2.0,3.40,4.9,-9.9
'Zavalla',3,1,2014,31200.0,14.0,27.5,1.7,2.40,0.0,-9.9
'Zavalla',4,1,2014,21800.0,14.0,30.8,1.9,2.80,0.0,-9.9
'Zavalla',5,1,2014,29400.0,18.8,34.1,2.1,2.80,0.0,-9.9
'Zavalla',6,1,2014,31300.0,19.0,35.1,2.7,2.90,0.0,-9.9
'Zavalla',7,1,2014,15400.0,23.4,35.5,2.9,2.20,8.5,-9.9
'Zavalla',8,1,2014,30800.0,17.8,33.3,2.8,1.90,0.0,-9.9
'Zavalla',9,1,2014,20700.0,20.3,35.3,3.2,3.40,0.5,-9.9
'Zavalla',10,1,2014,24600.0,20.1,31.8,2.7,2.70,0.0,-9.9
'Zavalla',11,1,2014,30900.0,17.2,27.6,1.4,4.10,0.0,-9.9
'Zavalla',12,1,2014,28400.0,12.4,25.8,1.4,2.30,0.0,-9.9
'Zavalla',13,1,2014,28600.0,13.9,31.5,2.3,2.30,0.0,-9.9
'Zavalla',14,1,2014,28500.0,17.1,35.2,2.5,1.90,0.0,-9.9
'Zavalla',15,1,2014,25100.0,20.7,35.5,2.4,1.90,0.0,-9.9
'Zavalla',16,1,2014,28700.0,22.0,36.6,2.5,2.70,0.0,-9.9
'Zavalla',17,1,2014,28400.0,22.8,35.1,2.4,2.80,0.0,-9.9
'Zavalla',18,1,2014,28100.0,24.6,36.7,2.8,2.70,0.0,-9.9
'Zavalla',19,1,2014,16200.0,22.4,32.2,2.8,2.00,0.0,-9.9
'Zavalla',20,1,2014,28200.0,20.9,36.4,2.8,3.60,0.0,-9.9
'Zavalla',21,1,2014,11900.0,24.4,36.4,2.6,1.90,0.0,-9.9
'Zavalla',22,1,2014,21100.0,23.9,38.1,3.0,4.00,0.0,-9.9
'Zavalla',23,1,2014,24600.0,28.5,38.7,3.2,3.80,38.0,-9.9
'Zavalla',24,1,2014, 9600.0,17.0,33.8,1.8,4.30,0.0,-9.9
'Zavalla',25,1,2014,27300.0,14.9,25.6,1.8,2.10,0.0,-9.9
'Zavalla',26,1,2014,29800.0,13.7,30.2,2.0,1.90,0.0,-9.9
'Zavalla',27,1,2014,24800.0,20.3,31.1,2.9,1.80,36.5,-9.9
'Zavalla',28,1,2014, 7700.0,22.6,27.1,2.6,1.60,22.0,-9.9
'Zavalla',29,1,2014,14400.0,20.2,30.8,3.0,1.80,0.5,-9.9
'Zavalla',30,1,2014,20600.0,23.7,31.5,3.1,2.80,0.0,-9.9
'Zavalla',31,1,2014,26100.0,24.7,33.0,3.4,2.60,0.0,-9.9
'Zavalla',1,2,2014,22800.0,25.7,27.7,3.2,1.90,58.5,-9.9
'Zavalla',2,2,2014, 7500.0,21.2,26.9,2.8,2.20,12.6,-9.9
'Zavalla',3,2,2014, 7500.0,20.4,25.8,2.7,1.90,0.5,-9.9
'Zavalla',4,2,2014, 7500.0,21.1,26.9,2.8,3.60,4.0,-9.9
'Zavalla',5,2,2014,22900.0,20.9,32.2,2.8,4.00,106.9,-9.9
'Zavalla',6,2,2014, 7400.0,14.4,22.9,2.0,2.40,3.5,-9.9
'Zavalla',7,2,2014,27500.0,19.0,30.0,3.0,1.50,0.0,-9.9
'Zavalla',8,2,2014,26900.0,22.8,34.6,3.5,2.80,13.2,-9.9
'Zavalla',9,2,2014, 7300.0,20.8,29.7,2.6,2.50,1.8,-9.9
'Zavalla',10,2,2014,15600.0,20.3,28.2,2.7,2.30,21.8,-9.9
'Zavalla',11,2,2014, 7300.0,19.2,24.9,2.8,1.70,29.0,-9.9
'Zavalla',12,2,2014,18100.0,17.5,29.5,2.7,2.00,0.0,-9.9
'Zavalla',13,2,2014,20600.0,19.5,27.2,2.5,4.40,0.0,-9.9
'Zavalla',14,2,2014,19900.0,16.7,24.5,1.9,4.10,0.0,-9.9
'Zavalla',15,2,2014,21500.0,13.2,25.1,1.9,4.00,0.0,-9.9
'Zavalla',16,2,2014, 7100.0,18.5,23.0,2.3,2.90,0.9,-9.9
'Zavalla',17,2,2014, 7100.0,20.6,25.9,2.6,2.00,5.0,-9.9
'Zavalla',18,2,2014, 7000.0,20.2,27.0,2.6,1.70,3.5,-9.9
'Zavalla',19,2,2014, 8700.0,19.8,28.9,2.7,1.10,0.0,-9.9
'Zavalla',20,2,2014,19300.0,20.2,30.1,2.7,1.40,0.0,-9.9
'Zavalla',21,2,2014, 6900.0,17.7,27.0,2.2,1.90,0.0,-9.9
'Zavalla',22,2,2014,15100.0,17.4,24.0,2.3,2.10,1.4,-9.9
'Zavalla',23,2,2014,23000.0,14.7,27.5,2.2,1.20,3.0,-9.9
'Zavalla',24,2,2014,17800.0,15.2,27.3,2.2,3.20,0.0,-9.9
'Zavalla',25,2,2014,13600.0,14.3,22.8,1.6,3.50,0.0,-9.9
'Zavalla',26,2,2014,20100.0,11.6,22.9,1.4,2.60,0.0,-9.9
'Zavalla',27,2,2014,21600.0,10.5,23.8,1.6,1.50,0.0,-9.9
'Zavalla',28,2,2014,24000.0,9.3,25.9,1.8,1.80,0.0,-9.9
'Zavalla',1,3,2014,25400.0,15.0,26.6,2.0,1.60,0.0,-9.9
'Zavalla',2,3,2014,10800.0,16.0,25.5,2.0,1.90,9.8,-9.9
'Zavalla',3,3,2014,14900.0,17.0,24.8,2.2,1.90,14.0,-9.9
'Zavalla',4,3,2014,23000.0,15.5,24.5,2.0,2.20,0.0,-9.9
'Zavalla',5,3,2014,23400.0,16.3,28.9,2.3,2.10,0.0,-9.9
'Zavalla',6,3,2014,12900.0,12.8,23.2,1.9,2.20,0.0,-9.9
'Zavalla',7,3,2014,23900.0,11.5,26.7,1.9,1.50,0.0,-9.9
'Zavalla',8,3,2014,23900.0,11.5,27.0,1.5,2.70,0.0,-9.9
'Zavalla',9,3,2014,11500.0,13.8,23.3,1.8,2.80,17.0,-9.9
'Zavalla',10,3,2014,19600.0,10.1,23.1,1.4,2.20,0.0,-9.9
'Zavalla',11,3,2014,18200.0,7.7,25.9,1.4,2.00,0.0,-9.9
'Zavalla',12,3,2014,19700.0,11.8,30.3,1.9,2.90,0.0,-9.9
'Zavalla',13,3,2014,21600.0,11.5,29.8,2.0,3.20,5.8,-9.9
'Zavalla',14,3,2014, 6100.0,17.3,21.2,2.2,4.20,80.0,-9.9
'Zavalla',15,3,2014,22100.0,14.5,26.8,1.7,2.10,0.0,-9.9
'Zavalla',16,3,2014,21600.0,14.5,29.0,2.1,2.20,0.0,-9.9
'Zavalla',17,3,2014,19600.0,16.7,25.3,1.6,3.80,0.0,-9.9
'Zavalla',18,3,2014,12200.0,10.4,19.5,1.4,2.90,10.5,-9.9
'Zavalla',19,3,2014, 9800.0,12.5,20.7,1.6,2.00,0.0,-9.9
'Zavalla',20,3,2014,21100.0,10.8,25.9,1.8,2.40,0.0,-9.9
'Zavalla',21,3,2014,20200.0,13.5,21.6,1.2,3.80,0.0,-9.9
'Zavalla',22,3,2014,20100.0,4.9,23.6,1.1,1.80,0.0,-9.9
'Zavalla',23,3,2014,21000.0,8.7,24.6,1.3,2.70,0.0,-9.9
'Zavalla',24,3,2014,20100.0,8.2,25.5,1.5,2.20,0.0,-9.9
'Zavalla',25,3,2014,20300.0,10.6,26.6,1.8,2.40,0.0,-9.9
'Zavalla',26,3,2014, 5500.0,14.0,24.7,2.1,1.90,0.0,-9.9
'Zavalla',27,3,2014, 9700.0,15.8,26.1,2.2,1.80,0.0,-9.9
'Zavalla',28,3,2014,16000.0,14.8,27.0,2.2,2.40,0.0,-9.9
'Zavalla',29,3,2014,19200.0,18.7,30.1,2.4,3.20,13.0,-9.9
'Zavalla',30,3,2014, 5400.0,11.1,23.2,1.8,3.50,0.0,-9.9
'Zavalla',31,3,2014,12800.0,8.7,23.2,1.3,2.70,0.0,-9.9
'Zavalla',1,4,2014,19800.0,15.0,26.6,2.0,2.70,0.0,-9.9
'Zavalla',2,4,2014,20900.0,17.3,21.5,2.1,3.00,0.0,-9.9
'Zavalla',3,4,2014,13600.0,19.9,28.5,2.5,2.60,0.0,-9.9
'Zavalla',4,4,2014,13800.0,19.8,31.2,2.6,2.50,0.0,-9.9
'Zavalla',5,4,2014, 6200.0,20.6,27.7,2.7,2.40,12.7,-9.9
'Zavalla',6,4,2014, 5100.0,20.6,24.5,2.6,2.70,5.5,-9.9
'Zavalla',7,4,2014, 7300.0,22.0,26.2,2.9,4.50,33.5,-9.9
'Zavalla',8,4,2014,18800.0,14.3,24.0,1.4,3.20,0.0,-9.9
'Zavalla',9,4,2014,18200.0,12.5,26.0,1.5,2.00,0.0,-9.9
'Zavalla',10,4,2014,11600.0,16.8,26.2,1.6,2.70,0.0,-9.9
'Zavalla',11,4,2014,12100.0,11.7,23.0,1.7,2.00,0.0,-9.9
'Zavalla',12,4,2014,14600.0,10.3,16.5,0.9,5.50,0.0,-9.9
'Zavalla',13,4,2014,17800.0,6.2,17.7,1.1,2.50,0.0,-9.9
'Zavalla',14,4,2014,16800.0,7.3,21.2,1.2,2.20,0.0,-9.9
'Zavalla',15,4,2014,17000.0,9.2,23.1,1.5,3.40,0.0,-9.9
'Zavalla',16,4,2014,16700.0,11.5,26.2,1.5,2.20,0.0,-9.9
'Zavalla',17,4,2014,17600.0,13.0,23.5,1.4,3.30,0.0,-9.9
'Zavalla',18,4,2014,14000.0,4.5,21.5,1.1,1.40,0.0,-9.9
'Zavalla',19,4,2014,16900.0,7.5,23.3,1.2,1.80,0.0,-9.9
'Zavalla',20,4,2014,16600.0,9.1,23.5,1.4,1.90,0.0,-9.9
'Zavalla',21,4,2014, 7300.0,12.4,23.4,1.7,2.00,0.0,-9.9
'Zavalla',22,4,2014,14700.0,10.5,21.7,1.4,1.70,0.0,-9.9
'Zavalla',23,4,2014, 4300.0,8.8,23.7,1.4,1.70,0.0,-9.9
'Zavalla',24,4,2014,12100.0,10.5,24.2,1.4,1.90,0.0,-9.9
'Zavalla',25,4,2014,15900.0,10.0,24.5,1.6,2.50,0.0,-9.9
'Zavalla',26,4,2014,15200.0,10.4,20.7,1.2,3.00,0.0,-9.9
'Zavalla',27,4,2014, 4200.0,8.6,19.3,1.5,2.00,0.0,-9.9
'Zavalla',28,4,2014,11100.0,11.2,25.1,1.7,2.10,8.7,-9.9
'Zavalla',29,4,2014, 4100.0,14.3,17.8,1.8,2.30,17.2,-9.9
'Zavalla',30,4,2014, 4100.0,13.6,17.7,1.6,2.60,0.0,-9.9
'Zavalla',1,5,2014,14300.0,8.9,20.4,1.4,1.80,0.0,-9.9
'Zavalla',2,5,2014, 6600.0,10.3,20.9,1.7,2.50,0.0,-9.9
'Zavalla',3,5,2014, 4000.0,13.2,23.7,2.0,1.90,0.0,-9.9
'Zavalla',4,5,2014,14900.0,15.9,25.8,2.0,1.90,0.0,-9.9
'Zavalla',5,5,2014, 3900.0,13.6,19.0,1.8,1.70,0.0,-9.9
'Zavalla',6,5,2014, 9100.0,11.2,20.9,1.6,1.80,0.0,-9.9
'Zavalla',7,5,2014, 8800.0,9.3,21.4,1.6,1.50,0.0,-9.9
'Zavalla',8,5,2014,13900.0,9.2,18.9,1.3,2.50,0.0,-9.9
'Zavalla',9,5,2014,13000.0,5.7,19.7,1.3,2.00,0.0,-9.9
'Zavalla',10,5,2014, 6700.0,9.0,18.9,1.6,2.40,0.0,-9.9
'Zavalla',11,5,2014, 3700.0,14.7,15.9,1.8,1.10,8.5,-9.9
'Zavalla',12,5,2014, 5500.0,14.1,20.2,1.8,1.00,0.0,-9.9
'Zavalla',13,5,2014,12500.0,10.9,22.3,1.6,2.10,0.0,-9.9
'Zavalla',14,5,2014, 5000.0,11.9,22.4,1.9,2.00,0.0,-9.9
'Zavalla',15,5,2014,10600.0,15.9,23.9,1.9,2.40,0.0,-9.9
'Zavalla',16,5,2014, 4700.0,12.1,19.0,1.8,2.90,0.0,-9.9
'Zavalla',17,5,2014,10000.0,9.0,16.9,0.9,2.00,1.6,-9.9
'Zavalla',18,5,2014, 7600.0,4.2,17.1,1.1,1.70,0.5,-9.9
'Zavalla',19,5,2014, 3500.0,11.8,14.2,1.4,2.00,4.0,-9.9
'Zavalla',20,5,2014, 3500.0,10.9,13.1,1.3,3.30,13.5,-9.9
'Zavalla',21,5,2014, 3400.0,11.5,14.6,1.5,4.20,0.7,-9.9
'Zavalla',22,5,2014, 5500.0,7.1,13.7,1.0,4.50,0.0,-9.9
'Zavalla',23,5,2014,12200.0,4.5,14.4,0.9,2.10,0.0,-9.9
'Zavalla',24,5,2014,11100.0,5.1,16.8,1.1,2.30,0.0,-9.9
'Zavalla',25,5,2014,12300.0,6.5,18.8,1.1,2.30,0.0,-9.9
'Zavalla',26,5,2014,12100.0,3.9,18.0,0.9,1.60,0.0,-9.9
'Zavalla',27,5,2014,10900.0,3.1,18.9,1.1,1.80,0.0,-9.9
'Zavalla',28,5,2014,10000.0,7.1,19.8,1.3,3.60,0.0,-9.9
'Zavalla',29,5,2014, 9700.0,10.9,20.2,1.4,3.40,0.0,-9.9
'Zavalla',30,5,2014, 4500.0,12.5,18.3,1.7,2.00,0.0,-9.9
'Zavalla',31,5,2014, 7300.0,10.0,18.1,1.3,2.80,0.5,-9.9
'Zavalla',1,6,2014,12000.0,4.6,20.1,1.0,2.00,0.0,-9.9
'Zavalla',2,6,2014,10800.0,5.9,20.0,1.0,3.20,0.0,-9.9
'Zavalla',3,6,2014,12300.0,8.0,19.0,1.1,4.70,0.0,-9.9
'Zavalla',4,6,2014,11500.0,10.9,19.5,1.4,3.20,0.0,-9.9
'Zavalla',5,6,2014,10300.0,4.0,15.1,1.0,2.60,0.0,-9.9
'Zavalla',6,6,2014, 9500.0,-0.4,14.7,0.8,2.20,0.0,-9.9
'Zavalla',7,6,2014,10200.0,7.8,17.6,1.0,2.20,0.0,-9.9
'Zavalla',8,6,2014, 9100.0,0.6,17.0,0.8,2.40,0.0,-9.9
'Zavalla',9,6,2014, 9000.0,3.8,18.7,0.9,1.90,0.0,-9.9
'Zavalla',10,6,2014,10500.0,7.2,19.0,1.1,3.80,0.5,-9.9
'Zavalla',11,6,2014, 3100.0,12.4,20.0,2.0,4.00,0.2,-9.9
'Zavalla',12,6,2014, 3100.0,9.8,22.0,1.5,5.20,16.3,-9.9
'Zavalla',13,6,2014,10700.0,4.1,14.5,0.9,2.20,0.0,-9.9
'Zavalla',14,6,2014,11000.0,0.1,14.5,1.0,2.30,0.0,-9.9
'Zavalla',15,6,2014, 3100.0,4.9,13.8,1.4,1.90,0.0,-9.9
'Zavalla',16,6,2014,10100.0,8.7,19.3,1.1,2.20,0.0,-9.9
'Zavalla',17,6,2014,10200.0,1.9,17.2,0.9,1.70,0.0,-9.9
'Zavalla',18,6,2014,12000.0,3.8,13.7,0.7,1.90,0.0,-9.9
'Zavalla',19,6,2014,11200.0,-1.3,14.6,0.8,2.20,0.0,-9.9
'Zavalla',20,6,2014,11900.0,4.3,16.2,0.9,2.80,0.0,-9.9
'Zavalla',21,6,2014,11800.0,6.9,17.1,1.1,3.00,0.0,-9.9
'Zavalla',22,6,2014, 7900.0,12.3,22.8,1.7,1.40,0.0,-9.9
'Zavalla',23,6,2014, 7900.0,12.9,20.1,1.6,2.00,0.0,-9.9
'Zavalla',24,6,2014, 7100.0,6.1,14.5,1.1,2.10,0.0,-9.9
'Zavalla',25,6,2014, 7100.0,5.8,16.6,1.1,2.40,0.0,-9.9
'Zavalla',26,6,2014,10500.0,4.7,13.4,0.9,2.50,0.0,-9.9
'Zavalla',27,6,2014,12400.0,0.9,16.7,0.8,2.00,0.0,-9.9
'Zavalla',28,6,2014,12200.0,1.3,16.9,0.8,1.60,0.0,-9.9
'Zavalla',29,6,2014,11300.0,0.3,16.4,0.8,1.50,0.0,-9.9
'Zavalla',30,6,2014, 3100.0,-2.1,16.0,0.7,1.90,0.0,-9.9
'Zavalla',1,7,2014,11500.0,0.1,17.1,1.0,2.60,0.0,-9.9
'Zavalla',2,7,2014,12000.0,3.0,19.7,1.0,2.30,0.0,-9.9
'Zavalla',3,7,2014,11600.0,5.9,19.0,0.8,2.40,0.0,-9.9
'Zavalla',4,7,2014, 5300.0,4.4,15.4,1.2,2.20,0.0,-9.9
'Zavalla',5,7,2014, 7600.0,6.8,14.3,1.0,5.30,17.5,-9.9
'Zavalla',6,7,2014, 6700.0,3.2,13.1,0.8,3.80,0.0,-9.9
'Zavalla',7,7,2014,12500.0,3.1,21.9,0.9,1.90,0.0,-9.9
'Zavalla',8,7,2014,10400.0,2.6,18.0,0.9,2.20,0.0,-9.9
'Zavalla',9,7,2014, 9600.0,1.8,17.2,1.1,1.60,0.0,-9.9
'Zavalla',10,7,2014, 3200.0,1.9,12.0,1.3,2.20,0.0,-9.9
'Zavalla',11,7,2014, 5400.0,11.6,18.2,1.6,3.00,0.0,-9.9
'Zavalla',12,7,2014, 3200.0,15.0,19.0,1.9,2.30,7.8,-9.9
'Zavalla',13,7,2014,11700.0,8.9,19.4,1.5,1.90,0.0,-9.9
'Zavalla',14,7,2014,10200.0,15.7,25.8,2.2,4.00,0.0,-9.9
'Zavalla',15,7,2014, 7400.0,10.3,21.6,1.4,3.40,4.6,-9.9
'Zavalla',16,7,2014, 5900.0,6.3,16.5,1.2,2.00,0.0,-9.9
'Zavalla',17,7,2014, 7700.0,7.1,16.5,0.9,2.80,0.0,-9.9
'Zavalla',18,7,2014,12700.0,3.1,18.5,1.1,1.90,0.0,-9.9
'Zavalla',19,7,2014,12700.0,8.0,22.6,1.2,2.70,0.0,-9.9
'Zavalla',20,7,2014,12100.0,9.2,18.7,1.2,3.40,0.0,-9.9
'Zavalla',21,7,2014, 6800.0,9.5,18.3,1.4,2.10,2.5,-9.9
'Zavalla',22,7,2014, 5600.0,12.9,15.6,1.5,4.50,0.0,-9.9
'Zavalla',23,7,2014, 9700.0,6.5,13.6,0.8,4.10,0.0,-9.9
'Zavalla',24,7,2014,13000.0,-0.3,13.6,0.6,2.20,0.0,-9.9
'Zavalla',25,7,2014,12700.0,2.5,15.4,0.7,2.40,0.0,-9.9
'Zavalla',26,7,2014,10200.0,2.1,11.0,0.7,2.30,0.0,-9.9
'Zavalla',27,7,2014, 9900.0,1.1,14.1,0.9,2.50,0.0,-9.9
'Zavalla',28,7,2014, 9800.0,6.7,17.6,1.1,3.20,0.0,-9.9
'Zavalla',29,7,2014, 5600.0,12.3,21.0,1.8,2.40,0.0,-9.9
'Zavalla',30,7,2014,11100.0,9.1,19.0,1.3,2.20,0.0,-9.9
'Zavalla',31,7,2014, 3700.0,14.5,19.8,2.1,1.70,0.0,-9.9
'Zavalla',1,8,2014, 3700.0,15.8,19.2,2.0,1.90,0.0,-9.9
'Zavalla',2,8,2014,13300.0,15.2,25.4,2.1,2.70,0.0,-9.9
'Zavalla',3,8,2014,13500.0,12.1,22.8,1.2,4.30,0.0,-9.9
'Zavalla',4,8,2014,14300.0,6.0,17.5,0.8,2.30,0.0,-9.9
'Zavalla',5,8,2014,14600.0,3.5,18.4,0.9,3.80,0.0,-9.9
'Zavalla',6,8,2014,14900.0,9.6,23.4,1.3,3.80,0.0,-9.9
'Zavalla',7,8,2014,14900.0,3.7,17.6,0.8,2.70,0.0,-9.9
'Zavalla',8,8,2014,15000.0,0.4,17.8,0.9,1.80,0.0,-9.9
'Zavalla',9,8,2014,13000.0,7.4,18.5,1.0,2.90,0.0,-9.9
'Zavalla',10,8,2014,12200.0,4.7,21.0,1.2,2.90,0.0,-9.9
'Zavalla',11,8,2014,12600.0,2.8,16.1,0.8,2.20,0.0,-9.9
'Zavalla',12,8,2014,14400.0,-0.6,16.6,0.6,3.40,0.0,-9.9
'Zavalla',13,8,2014,14900.0,-1.4,17.9,0.7,2.20,0.0,-9.9
'Zavalla',14,8,2014,13700.0,3.9,17.3,0.8,3.20,0.0,-9.9
'Zavalla',15,8,2014,14700.0,4.9,19.0,1.0,2.40,0.0,-9.9
'Zavalla',16,8,2014,15100.0,6.5,23.0,1.3,1.90,0.0,-9.9
'Zavalla',17,8,2014,15800.0,7.0,25.3,1.7,2.20,0.0,-9.9
'Zavalla',18,8,2014,15700.0,11.8,26.5,1.8,2.70,0.0,-9.9
'Zavalla',19,8,2014,14300.0,12.4,29.3,1.9,2.70,0.0,-9.9
'Zavalla',20,8,2014,15300.0,15.7,29.0,2.1,3.40,0.0,-9.9
'Zavalla',21,8,2014,14500.0,19.5,31.9,2.2,3.20,0.0,-9.9
'Zavalla',22,8,2014,15200.0,17.6,30.8,2.0,2.80,0.0,-9.9
'Zavalla',23,8,2014,14900.0,14.9,26.4,1.8,4.00,0.0,-9.9
'Zavalla',24,8,2014,14200.0,8.1,17.5,1.1,5.00,0.0,-9.9
'Zavalla',25,8,2014,13400.0,5.6,10.6,0.9,6.60,0.0,-9.9
'Zavalla',26,8,2014,16000.0,3.2,11.6,0.7,3.40,0.0,-9.9
'Zavalla',27,8,2014,15900.0,-1.2,16.1,0.8,1.40,0.0,-9.9
'Zavalla',28,8,2014,15700.0,-0.5,17.0,0.9,2.30,0.0,-9.9
'Zavalla',29,8,2014,16200.0,2.9,21.0,1.0,2.40,0.0,-9.9
'Zavalla',30,8,2014,14700.0,5.6,22.2,1.3,2.30,0.0,-9.9
'Zavalla',31,8,2014,17300.0,6.6,26.0,1.2,2.00,0.0,-9.9
'Zavalla',1,9,2014,15400.0,6.5,23.3,1.4,3.30,22.0,-9.9
'Zavalla',2,9,2014,11700.0,13.8,21.0,1.6,2.70,0.0,-9.9
'Zavalla',3,9,2014,16100.0,11.6,21.2,1.8,3.20,0.0,-9.9
'Zavalla',4,9,2014, 6600.0,15.0,17.9,1.7,3.60,3.5,-9.9
'Zavalla',5,9,2014, 5000.0,15.9,20.4,2.1,2.70,4.8,-9.9
'Zavalla',6,9,2014,18700.0,10.2,20.3,1.2,3.40,0.0,-9.9
'Zavalla',7,9,2014,19300.0,8.1,22.4,1.1,2.70,4.8,-9.9
'Zavalla',8,9,2014,15400.0,11.3,25.1,2.0,3.50,2.0,-9.9
'Zavalla',9,9,2014, 5200.0,12.4,23.1,1.2,4.20,0.6,-9.9
'Zavalla',10,9,2014,19800.0,3.7,18.2,0.9,2.30,0.0,-9.9
'Zavalla',11,9,2014,18700.0,2.0,19.4,1.0,1.80,0.0,-9.9
'Zavalla',12,9,2014,19600.0,7.5,20.2,1.2,2.30,0.0,-9.9
'Zavalla',13,9,2014, 5300.0,6.7,15.5,1.6,2.40,8.5,-9.9
'Zavalla',14,9,2014, 5400.0,14.0,15.9,1.7,3.70,26.6,-9.9
'Zavalla',15,9,2014,20000.0,8.4,21.4,1.1,2.40,0.0,-9.9
'Zavalla',16,9,2014,19300.0,6.6,21.9,1.2,2.40,0.0,-9.9
'Zavalla',17,9,2014,19600.0,7.4,22.9,1.4,2.20,0.0,-9.9
'Zavalla',18,9,2014,17200.0,9.8,24.1,1.6,1.70,0.0,-9.9
'Zavalla',19,9,2014,19600.0,8.3,24.3,1.6,2.40,0.0,-9.9
'Zavalla',20,9,2014,20200.0,10.0,24.4,1.2,2.80,0.0,-9.9
'Zavalla',21,9,2014,21400.0,9.1,22.0,1.5,3.70,0.0,-9.9
'Zavalla',22,9,2014,19700.0,13.2,24.8,1.5,3.10,0.0,-9.9
'Zavalla',23,9,2014, 8200.0,10.6,17.9,1.4,2.90,2.6,-9.9
'Zavalla',24,9,2014,18400.0,3.8,20.4,1.2,2.80,0.0,-9.9
'Zavalla',25,9,2014,18200.0,10.4,25.5,1.7,4.20,0.0,-9.9
'Zavalla',26,9,2014,21000.0,5.3,18.7,1.0,1.90,0.0,-9.9
'Zavalla',27,9,2014,18400.0,5.9,20.2,1.0,3.20,0.0,-9.9
'Zavalla',28,9,2014,13300.0,14.1,25.5,2.0,2.40,0.0,-9.9
'Zavalla',29,9,2014,20700.0,12.1,24.1,1.6,3.00,0.0,-9.9
'Zavalla',30,9,2014, 9600.0,11.9,22.1,1.6,2.90,0.0,-9.9
'Zavalla',1,10,2014,23200.0,7.9,22.3,1.6,3.60,0.0,-9.9
'Zavalla',2,10,2014,15700.0,10.8,18.8,1.0,4.20,0.0,-9.9
'Zavalla',3,10,2014, 6400.0,14.7,17.8,1.5,4.90,3.5,-9.9
'Zavalla',4,10,2014, 6200.0,14.5,20.4,1.6,4.70,10.5,-9.9
'Zavalla',5,10,2014,10900.0,13.7,18.8,1.7,1.90,20.3,-9.9
'Zavalla',6,10,2014,24000.0,10.4,25.1,1.6,2.30,0.0,-9.9
'Zavalla',7,10,2014, 6300.0,12.9,28.1,1.8,2.50,0.0,-9.9
'Zavalla',8,10,2014,21000.0,14.5,27.1,2.4,3.40,11.5,-9.9
'Zavalla',9,10,2014, 9600.0,16.0,24.3,1.9,4.60,0.0,-9.9
'Zavalla',10,10,2014,25000.0,9.5,17.4,1.1,2.60,0.0,-9.9
'Zavalla',11,10,2014,25400.0,6.6,19.5,1.2,1.70,0.0,-9.9
'Zavalla',12,10,2014,25100.0,9.6,23.2,1.4,1.90,0.0,-9.9
'Zavalla',13,10,2014,20700.0,10.0,24.8,1.5,2.10,0.0,-9.9
'Zavalla',14,10,2014,22000.0,9.6,26.9,1.6,2.60,0.0,-9.9
'Zavalla',15,10,2014,10700.0,16.7,25.0,2.1,2.70,10.8,-9.9
'Zavalla',16,10,2014,25500.0,17.8,28.4,2.0,3.50,0.0,-9.9
'Zavalla',17,10,2014,22000.0,12.6,25.7,1.8,3.00,0.0,-9.9
'Zavalla',18,10,2014, 6800.0,17.1,24.8,2.2,3.70,0.0,-9.9
'Zavalla',19,10,2014,25100.0,13.6,25.4,1.2,2.40,0.0,-9.9
'Zavalla',20,10,2014,24400.0,10.5,25.5,1.7,2.70,0.0,-9.9
'Zavalla',21,10,2014, 6900.0,15.4,29.2,1.6,3.60,0.0,-9.9
'Zavalla',22,10,2014, 6900.0,15.5,32.7,1.8,3.00,0.0,-9.9
'Zavalla',23,10,2014, 7000.0,17.7,32.0,2.1,2.20,0.0,-9.9
'Zavalla',24,10,2014,23700.0,16.9,33.7,2.1,2.10,0.0,-9.9
'Zavalla',25,10,2014,24200.0,18.5,30.5,2.2,2.80,0.0,-9.9
'Zavalla',26,10,2014,22600.0,18.5,33.8,2.0,4.10,0.0,-9.9
'Zavalla',27,10,2014,22000.0,22.0,37.3,2.4,4.60,0.0,-9.9
'Zavalla',28,10,2014,24300.0,16.9,36.2,2.6,2.70,0.0,-9.9
'Zavalla',29,10,2014,11300.0,18.1,25.2,2.3,4.50,5.5,-9.9
'Zavalla',30,10,2014,24800.0,13.8,26.3,1.7,1.90,16.3,-9.9
'Zavalla',31,10,2014, 7200.0,16.6,25.0,1.9,3.20,0.5,-9.9
'Zavalla',1,11,2014, 7300.0,10.4,17.2,1.2,5.20,26.8,-9.9
'Zavalla',2,11,2014, 7300.0,10.5,15.2,1.6,3.50,31.5,-9.9
'Zavalla',3,11,2014, 7300.0,12.7,18.4,1.6,4.60,0.0,-9.9
'Zavalla',4,11,2014,27800.0,8.0,22.4,1.2,2.70,0.0,-9.9
'Zavalla',5,11,2014,28100.0,8.9,24.8,1.4,3.00,0.0,-9.9
'Zavalla',6,11,2014,28200.0,10.8,26.7,1.7,1.90,0.0,-9.9
'Zavalla',7,11,2014,28100.0,11.6,29.4,1.9,2.50,0.0,-9.9
'Zavalla',8,11,2014,25500.0,13.2,33.2,1.9,1.80,0.0,-9.9
'Zavalla',9,11,2014,21700.0,16.3,32.2,2.2,1.70,21.6,-9.9
'Zavalla',10,11,2014,13500.0,18.3,28.5,2.2,1.90,0.5,-9.9
'Zavalla',11,11,2014,24100.0,16.8,31.6,2.2,2.10,0.0,-9.9
'Zavalla',12,11,2014,24400.0,16.2,27.4,1.4,4.10,0.0,-9.9
'Zavalla',13,11,2014,28000.0,10.0,25.1,1.2,1.90,0.0,-9.9
'Zavalla',14,11,2014,30900.0,12.4,30.3,1.6,3.10,0.0,-9.9
'Zavalla',15,11,2014,29100.0,16.6,34.2,1.5,2.80,0.0,-9.9
'Zavalla',16,11,2014,29400.0,19.8,33.7,2.1,2.00,0.0,-9.9
'Zavalla',17,11,2014,28800.0,18.5,33.7,2.2,3.70,0.0,-9.9
'Zavalla',18,11,2014,28400.0,21.5,34.3,2.1,3.60,4.7,-9.9
'Zavalla',19,11,2014, 7700.0,18.1,26.9,2.0,3.20,0.0,-9.9
'Zavalla',20,11,2014,17900.0,12.8,25.9,1.8,2.70,0.0,-9.9
'Zavalla',21,11,2014,28700.0,17.7,22.2,1.8,2.10,0.0,-9.9
'Zavalla',22,11,2014,24900.0,11.1,25.9,1.4,2.00,0.0,-9.9
'Zavalla',23,11,2014,29800.0,14.7,30.2,1.8,4.20,0.0,-9.9
'Zavalla',24,11,2014,16000.0,18.6,27.3,1.8,3.20,0.0,-9.9
'Zavalla',25,11,2014,27000.0,13.9,27.4,1.5,2.60,0.0,-9.9
'Zavalla',26,11,2014,29000.0,14.2,29.9,1.6,1.80,0.0,-9.9
'Zavalla',27,11,2014,27900.0,11.9,30.3,1.6,2.40,0.0,-9.9
'Zavalla',28,11,2014,24300.0,16.8,30.3,2.0,4.10,0.0,-9.9
'Zavalla',29,11,2014,20000.0,19.7,35.3,2.2,5.70,27.7,-9.9
'Zavalla',30,11,2014, 7900.0,13.0,19.7,1.4,4.40,33.6,-9.9
'Zavalla',1,12,2014,27900.0,12.9,21.3,1.6,2.70,0.0,-9.9
'Zavalla',2,12,2014,27700.0,13.3,24.3,1.6,2.10,0.0,-9.9
'Zavalla',3,12,2014,29900.0,13.5,31.3,1.8,1.90,0.0,-9.9
'Zavalla',4,12,2014,30700.0,16.8,30.7,1.9,3.10,0.0,-9.9
'Zavalla',5,12,2014,30500.0,17.2,32.0,2.0,3.70,0.0,-9.9
'Zavalla',6,12,2014,28800.0,22.0,33.7,2.8,3.40,0.0,-9.9
'Zavalla',7,12,2014,28800.0,18.8,30.6,2.3,2.30,9.8,-9.9
'Zavalla',8,12,2014,29400.0,16.4,29.0,2.3,1.70,0.0,-9.9
'Zavalla',9,12,2014,27000.0,19.0,32.9,2.9,2.10,27.6,-9.9
'Zavalla',10,12,2014,25500.0,18.9,28.4,2.1,4.10,0.0,-9.9
'Zavalla',11,12,2014,25300.0,13.6,24.3,1.7,2.70,0.0,-9.9
'Zavalla',12,12,2014,26500.0,14.2,28.3,2.0,1.40,0.0,-9.9
'Zavalla',13,12,2014,25800.0,17.0,31.2,2.1,2.30,0.0,-9.9
'Zavalla',14,12,2014,29300.0,16.1,26.2,1.6,3.40,0.0,-9.9
'Zavalla',15,12,2014,11300.0,18.5,22.3,2.0,2.90,3.0,-9.9
'Zavalla',16,12,2014,24100.0,16.4,27.7,2.1,1.60,0.0,-9.9
'Zavalla',17,12,2014,31100.0,16.7,32.4,2.2,1.70,0.1,-9.9
'Zavalla',18,12,2014,30300.0,17.2,32.8,1.8,2.00,0.0,-9.9
'Zavalla',19,12,2014,30100.0,19.6,33.2,2.5,3.50,28.9,-9.9
'Zavalla',20,12,2014,30600.0,17.4,26.8,2.1,4.10,0.0,-9.9
'Zavalla',21,12,2014,29600.0,14.6,24.0,1.1,3.50,0.0,-9.9
'Zavalla',22,12,2014,30900.0,8.9,22.5,1.3,2.90,0.0,-9.9
'Zavalla',23,12,2014,30400.0,8.3,25.3,1.4,2.60,0.0,-9.9
'Zavalla',24,12,2014,30900.0,13.6,28.1,1.7,2.90,0.0,-9.9
'Zavalla',25,12,2014,27400.0,15.5,32.0,2.3,2.50,0.0,-9.9
'Zavalla',26,12,2014,10100.0,21.3,29.4,2.8,2.30,11.0,-9.9
'Zavalla',27,12,2014,23400.0,17.4,28.2,2.6,1.50,0.0,-9.9
'Zavalla',28,12,2014,29800.0,19.9,32.3,2.9,2.40,0.0,-9.9
'Zavalla',29,12,2014,26400.0,22.0,31.8,2.8,2.10,0.0,-9.9
'Zavalla',30,12,2014,28300.0,19.4,31.6,2.5,2.10,0.0,-9.9
'Zavalla',31,12,2014,17200.0,18.9,27.3,2.6,2.70,16.3,-9.9
