* Source of data    : Zavalla local weather station 
* File content      : Meteo input file for Swap 3.2 (www.swap.alterra.nl) 
* File generated at :  Mon Oct 03 22:18:27 2016 
station,DD,MM,YYYY,Rad,Tmin,Tmax,Hum,Wind,Rain,ETref 
'Zavalla',1,1,1995,24520.0,22.4,35.9,3.1,3.1,7.5,-9.9
'Zavalla',2,1,1995,2120.0,20.2,27.0,2.5,3.1,26.5,-9.9
'Zavalla',3,1,1995,2590.0,19.8,22.7,2.5,2.2,35.5,-9.9
'Zavalla',4,1,1995,14650.0,19.6,28.7,2.8,1.7,0.0,-9.9
'Zavalla',5,1,1995,24730.0,21.3,30.9,2.6,2.8,1.2,-9.9
'Zavalla',6,1,1995,27580.0,17.8,28.7,2.4,2.5,0.00,-9.9
'Zavalla',7,1,1995,16740.0,21.4,28.0,2.8,2.5,48.7,-9.9
'Zavalla',8,1,1995,6620.0,18.9,24.5,2.4,1.1,37.0,-9.9
'Zavalla',9,1,1995,31180.0,12.3,25.8,1.6,1.7,0.0,-9.9
'Zavalla',10,1,1995,18970.0,10.2,22.5,1.6,1.7,0.0,-9.9
'Zavalla',11,1,1995,27250.0,14.6,25.4,1.7,0.8,0.0,-9.9
'Zavalla',12,1,1995,26750.0,13.3,27.1,1.8,1.1,0.0,-9.9
'Zavalla',13,1,1995,25240.0,12.5,29.0,2.3,0.8,0.0,-9.9
'Zavalla',14,1,1995,25960.0,18.5,32.2,2.8,0.8,0.0,-9.9
'Zavalla',15,1,1995,19800.0,20.0,32.3,2.8,2.2,18.7,-9.9
'Zavalla',16,1,1995,23580.0,20.0,26.8,2.4,2.2,0.0,-9.9
'Zavalla',17,1,1995,20270.0,15.2,23.3,1.9,1.1,0.0,-9.9
'Zavalla',18,1,1995,23650.0,13.7,28.0,2.2,1.4,0.0,-9.9
'Zavalla',19,1,1995,14330.0,16.4,27.5,2.4,1.1,0.0,-9.9
'Zavalla',20,1,1995,24230.0,17.2,30.8,2.5,1.7,0.0,-9.9
'Zavalla',21,1,1995,23290.0,15.1,30.0,2.5,1.7,0.0,-9.9
'Zavalla',22,1,1995,23080.0,18.5,31.2,2.5,1.9,0.8,-9.9
'Zavalla',23,1,1995,23580.0,20.4,28.7,2.3,2.2,0.0,-9.9
'Zavalla',24,1,1995,22000.0,16.7,27.6,1.8,0.8,0.0,-9.9
'Zavalla',25,1,1995,22680.0,13.0,29.8,1.7,0.8,0.0,-9.9
'Zavalla',26,1,1995,22930.0,11.7,30.8,2.0,1.1,0.0,-9.9
'Zavalla',27,1,1995,23000.0,17.5,28.6,1.9,2.8,0.0,-9.9
'Zavalla',28,1,1995,24440.0,13.3,26.0,1.8,3.9,0.0,-9.9
'Zavalla',29,1,1995,24910.0,11.7,26.4,1.9,6.1,0.0,-9.9
'Zavalla',30,1,1995,22390.0,12.3,28.9,2.0,1.4,0.0,-9.9
'Zavalla',31,1,1995,22970.0,17.8,31.1,2.4,3.3,20.3,-9.9
'Zavalla',1,2,1995,28120.0,11.9,24.9,1.5,1.7,0.0,-9.9
'Zavalla',2,2,1995,14220.0,11.2,19.9,1.7,0.8,0.1,-9.9
'Zavalla',3,2,1995,19910.0,10.9,26.0,1.9,1.4,0.0,-9.9
'Zavalla',4,2,1995,22820.0,14.2,29.3,2.1,1.9,0.0,-9.9
'Zavalla',5,2,1995,28980.0,11.3,25.3,1.7,1.4,0.0,-9.9
'Zavalla',6,2,1995,25130.0,10.5,29.0,2.1,1.1,0.0,-9.9
'Zavalla',7,2,1995,26640.0,14.8,30.6,2.2,1.7,0.0,-9.9
'Zavalla',8,2,1995,27430.0,15.6,30.4,2.2,1.4,0.0,-9.9
'Zavalla',9,2,1995,24050.0,15.8,31.0,2.4,0.8,0.0,-9.9
'Zavalla',10,2,1995,27320.0,16.9,30.7,2.4,1.4,0.0,-9.9
'Zavalla',11,2,1995,24620.0,16.4,30.1,2.4,1.4,0.0,-9.9
'Zavalla',12,2,1995,19620.0,17.9,28.8,2.4,0.6,0.0,-9.9
'Zavalla',13,2,1995,22720.0,17.5,31.2,2.6,1.4,0.0,-9.9
'Zavalla',14,2,1995,25990.0,18.6,30.9,2.5,0.8,0.0,-9.9
'Zavalla',15,2,1995,11810.0,20.2,26.8,2.6,1.7,0.0,-9.9
'Zavalla',16,2,1995,21350.0,17.1,30.0,2.5,1.4,7.6,-9.9
'Zavalla',17,2,1995,19800.0,16.4,23.4,1.7,2.2,0.0,-9.9
'Zavalla',18,2,1995,27000.0,7.8,23.9,1.5,0.8,0.0,-9.9
'Zavalla',19,2,1995,26570.0,10.7,28.5,1.7,2.8,0.0,-9.9
'Zavalla',20,2,1995,24410.0,16.9,32.1,2.0,1.7,0.0,-9.9
'Zavalla',21,2,1995,14290.0,14.1,30.8,2.3,3.6,38.0,-9.9
'Zavalla',22,2,1995,19120.0,16.0,24.9,2.0,2.8,0.0,-9.9
'Zavalla',23,2,1995,13250.0,13.7,22.3,2.0,2.2,0.0,-9.9
'Zavalla',24,2,1995,26960.0,13.3,24.3,1.8,1.1,0.0,-9.9
'Zavalla',25,2,1995,25990.0,10.5,26.4,2.0,1.1,0.0,-9.9
'Zavalla',26,2,1995,6260.0,13.8,21.3,2.2,1.1,13.0,-9.9
'Zavalla',27,2,1995,21490.0,14.9,26.3,2.2,0.6,0.0,-9.9
'Zavalla',28,2,1995,10260.0,16.9,26.8,2.4,3.1,0.3,-9.9
'Zavalla',1,3,1995,10150.0,16.6,21.5,2.1,4.4,0.0,-9.9
'Zavalla',2,3,1995,20950.0,17.2,29.0,2.4,0.6,0.0,-9.9
'Zavalla',3,3,1995,17680.0,17.0,30.9,2.6,1.4,0.0,-9.9
'Zavalla',4,3,1995,18360.0,16.7,24.1,1.4,1.9,0.0,-9.9
'Zavalla',5,3,1995,23000.0,9.3,25.8,1.7,1.4,0.0,-9.9
'Zavalla',6,3,1995,6410.0,14.4,25.0,2.3,3.6,84.7,-9.9
'Zavalla',7,3,1995,10580.0,18.2,22.2,2.1,2.5,3.5,-9.9
'Zavalla',8,3,1995,23690.0,10.3,23.1,1.5,1.7,0.0,-9.9
'Zavalla',9,3,1995,23000.0,8.9,25.8,1.7,0.8,0.0,-9.9
'Zavalla',10,3,1995,22250.0,9.7,26.4,1.8,1.4,0.0,-9.9
'Zavalla',11,3,1995,20340.0,14.4,27.6,2.1,1.1,0.0,-9.9
'Zavalla',12,3,1995,21310.0,11.8,27.6,1.9,1.1,0.0,-9.9
'Zavalla',13,3,1995,18140.0,13.7,26.9,2.3,1.9,0.0,-9.9
'Zavalla',14,3,1995,18900.0,16.9,28.0,2.4,2.2,0.0,-9.9
'Zavalla',15,3,1995,6590.0,16.1,25.9,2.1,1.4,40.0,-9.9
'Zavalla',16,3,1995,22680.0,12.6,28.4,1.9,1.4,0.0,-9.9
'Zavalla',17,3,1995,23360.0,11.1,26.4,1.8,1.7,0.0,-9.9
'Zavalla',18,3,1995,20950.0,17.6,31.4,2.6,1.4,0.0,-9.9
'Zavalla',19,3,1995,18070.0,18.9,29.5,2.4,1.4,0.0,-9.9
'Zavalla',20,3,1995,20840.0,18.2,31.4,2.7,0.8,0.0,-9.9
'Zavalla',21,3,1995,21380.0,16.8,31.5,2.7,1.1,0.0,-9.9
'Zavalla',22,3,1995,16490.0,20.0,28.8,2.5,1.7,20.0,-9.9
'Zavalla',23,3,1995,20480.0,18.8,28.5,2.3,1.4,0.0,-9.9
'Zavalla',24,3,1995,20660.0,13.0,27.6,2.0,1.7,0.0,-9.9
'Zavalla',25,3,1995,18610.0,17.7,29.7,2.2,1.4,0.0,-9.9
'Zavalla',26,3,1995,18430.0,16.1,30.4,2.2,1.4,0.0,-9.9
'Zavalla',27,3,1995,18320.0,16.0,29.4,2.4,1.7,0.0,-9.9
'Zavalla',28,3,1995,7880.0,18.3,30.6,2.2,1.9,18.5,-9.9
'Zavalla',29,3,1995,20120.0,12.9,23.3,1.4,3.1,0.0,-9.9
'Zavalla',30,3,1995,9470.0,12.3,19.0,1.6,3.6,4.4,-9.9
'Zavalla',31,3,1995,9900.0,12.6,16.7,1.6,3.3,0.0,-9.9
'Zavalla',1,4,1995,16780.0,10.0,21.8,1.4,1.4,0.0,-9.9
'Zavalla',2,4,1995,18140.0,8.9,23.8,1.6,1.4,0.0,-9.9
'Zavalla',3,4,1995,18290.0,12.0,26.2,1.9,2.2,0.0,-9.9
'Zavalla',4,4,1995,18290.0,15.1,28.8,2.4,1.9,0.0,-9.9
'Zavalla',5,4,1995,14940.0,16.9,30.4,2.6,1.7,0.0,-9.9
'Zavalla',6,4,1995,9140.0,20.7,28.6,2.8,2.5,2.2,-9.9
'Zavalla',7,4,1995,14000.0,22.5,33.4,2.9,3.1,0.6,-9.9
'Zavalla',8,4,1995,7520.0,18.2,32.0,2.4,3.6,28.3,-9.9
'Zavalla',9,4,1995,4000.0,13.9,19.9,1.7,4.2,5.2,-9.9
'Zavalla',10,4,1995,9940.0,6.8,16.2,1.1,3.6,0.0,-9.9
'Zavalla',11,4,1995,16380.0,6.6,17.6,1.0,1.7,0.0,-9.9
'Zavalla',12,4,1995,17890.0,2.8,20.1,1.2,0.8,0.0,-9.9
'Zavalla',13,4,1995,16310.0,7.7,20.4,1.4,1.4,0.0,-9.9
'Zavalla',14,4,1995,12170.0,11.0,22.6,1.7,1.7,0.0,-9.9
'Zavalla',15,4,1995,15620.0,9.1,24.0,1.6,0.8,0.0,-9.9
'Zavalla',16,4,1995,14510.0,10.7,25.2,1.7,1.1,0.0,-9.9
'Zavalla',17,4,1995,16850.0,10.3,27.9,1.6,1.7,0.0,-9.9
'Zavalla',18,4,1995,16090.0,13.9,28.5,1.6,3.3,11.5,-9.9
'Zavalla',19,4,1995,12490.0,9.0,18.9,1.1,2.8,2.0,-9.9
'Zavalla',20,4,1995,15700.0,2.5,15.5,0.8,2.2,0.0,-9.9
'Zavalla',21,4,1995,15800.0,0.7,17.8,0.8,1.7,0.0,-9.9
'Zavalla',22,4,1995,16090.0,3.9,22.7,1.0,1.4,0.0,-9.9
'Zavalla',23,4,1995,16270.0,4.2,26.7,1.2,1.4,0.0,-9.9
'Zavalla',24,4,1995,16450.0,9.3,26.4,1.4,1.4,0.0,-9.9
'Zavalla',25,4,1995,15980.0,8.3,25.4,1.6,1.4,0.0,-9.9
'Zavalla',26,4,1995,15620.0,11.1,26.8,1.6,1.7,0.0,-9.9
'Zavalla',27,4,1995,8860.0,12.7,25.5,1.9,3.6,11.7,-9.9
'Zavalla',28,4,1995,6260.0,15.3,22.8,1.9,2.2,25.0,-9.9
'Zavalla',29,4,1995,15480.0,7.8,22.5,1.7,2.2,0.0,-9.9
'Zavalla',30,4,1995,8100.0,16.5,23.3,2.1,1.9,0.0,-9.9
'Zavalla',1,5,1995,15300.0,12.5,22.7,1.4,2.5,0.0,-9.9
'Zavalla',2,5,1995,11560.0,7.4,22.0,1.1,1.9,0.0,-9.9
'Zavalla',3,5,1995,15230.0,12.3,27.9,1.8,2.2,0.0,-9.9
'Zavalla',4,5,1995,14440.0,14.9,28.0,2.0,3.1,0.0,-9.9
'Zavalla',5,5,1995,3960.0,11.1,20.3,1.4,2.2,0.0,-9.9
'Zavalla',6,5,1995,14180.0,7.6,20.2,1.1,1.7,0.0,-9.9
'Zavalla',7,5,1995,13790.0,3.1,20.8,1.1,2.8,0.0,-9.9
'Zavalla',8,5,1995,15010.0,9.0,26.4,1.4,2.5,0.0,-9.9
'Zavalla',9,5,1995,14760.0,9.8,25.3,1.4,1.1,0.0,-9.9
'Zavalla',10,5,1995,13900.0,9.0,23.0,1.5,1.1,0.0,-9.9
'Zavalla',11,5,1995,12240.0,9.6,21.7,1.6,0.8,0.0,-9.9
'Zavalla',12,5,1995,11410.0,10.9,22.5,1.7,1.1,0.0,-9.9
'Zavalla',13,5,1995,6700.0,14.5,24.1,2.1,3.3,10.2,-9.9
'Zavalla',14,5,1995,8500.0,13.9,21.6,1.8,1.7,0.0,-9.9
'Zavalla',15,5,1995,10580.0,12.8,19.1,1.7,1.4,0.0,-9.9
'Zavalla',16,5,1995,5690.0,14.1,20.9,1.7,2.2,0.1,-9.9
'Zavalla',17,5,1995,13790.0,7.7,16.9,1.0,2.2,0.0,-9.9
'Zavalla',18,5,1995,13460.0,2.8,15.7,0.9,0.8,0.0,-9.9
'Zavalla',19,5,1995,13030.0,2.0,15.5,0.9,1.1,0.0,-9.9
'Zavalla',20,5,1995,13140.0,4.3,18.4,1.0,1.7,0.0,-9.9
'Zavalla',21,5,1995,12020.0,7.3,21.1,1.2,2.2,0.0,-9.9
'Zavalla',22,5,1995,13070.0,7.0,17.3,1.0,1.7,0.0,-9.9
'Zavalla',23,5,1995,12600.0,4.3,17.0,1.0,0.8,0.0,-9.9
'Zavalla',24,5,1995,5540.0,4.4,19.7,1.4,1.7,0.4,-9.9
'Zavalla',25,5,1995,12640.0,6.1,14.6,1.0,1.4,0.0,-9.9
'Zavalla',26,5,1995,8860.0,4.3,15.4,1.1,1.4,0.0,-9.9
'Zavalla',27,5,1995,12200.0,2.3,18.4,1.0,0.8,0.0,-9.9
'Zavalla',28,5,1995,10190.0,3.1,19.5,1.0,0.8,0.0,-9.9
'Zavalla',29,5,1995,11380.0,3.2,19.5,1.1,1.1,0.0,-9.9
'Zavalla',30,5,1995,8060.0,7.1,17.4,1.4,1.4,0.0,-9.9
'Zavalla',31,5,1995,10550.0,9.7,20.3,1.2,1.9,0.0,-9.9
'Zavalla',1,6,1995,4430.0,10.3,18.3,1.4,1.4,0.0,-9.9
'Zavalla',2,6,1995,11520.0,2.8,18.6,0.8,1.1,0.0,-9.9
'Zavalla',3,6,1995,7850.0,8.7,18.8,1.0,1.7,0.0,-9.9
'Zavalla',4,6,1995,8640.0,10.1,22.2,1.4,2.8,0.0,-9.9
'Zavalla',5,6,1995,7600.0,15.6,25.8,1.8,2.5,0.0,-9.9
'Zavalla',6,6,1995,6120.0,5.6,18.6,1.1,2.2,0.6,-9.9
'Zavalla',7,6,1995,7850.0,3.6,15.2,0.8,0.8,0.0,-9.9
'Zavalla',8,6,1995,10480.0,1.8,14.9,0.9,1.7,0.0,-9.9
'Zavalla',9,6,1995,5760.0,8.6,15.8,1.4,3.3,0.0,-9.9
'Zavalla',10,6,1995,9220.0,7.3,17.0,0.8,1.9,0.0,-9.9
'Zavalla',11,6,1995,5980.0,3.1,18.5,1.2,1.9,0.6,-9.9
'Zavalla',12,6,1995,10910.0,14.5,20.3,1.5,2.8,0.0,-9.9
'Zavalla',13,6,1995,5150.0,7.9,15.3,0.7,1.9,0.0,-9.9
'Zavalla',14,6,1995,7060.0,1.9,14.0,0.7,1.7,0.0,-9.9
'Zavalla',15,6,1995,4570.0,8.6,13.0,0.9,3.3,3.5,-9.9
'Zavalla',16,6,1995,5260.0,8.1,9.3,0.9,2.2,0.0,-9.9
'Zavalla',17,6,1995,10300.0,4.7,12.8,0.8,1.4,0.0,-9.9
'Zavalla',18,6,1995,4180.0,5.2,12.8,1.0,1.1,0.0,-9.9
'Zavalla',19,6,1995,8750.0,4.0,13.9,0.9,2.2,0.0,-9.9
'Zavalla',20,6,1995,8530.0,2.8,14.8,1.0,1.9,0.0,-9.9
'Zavalla',21,6,1995,10840.0,5.4,17.8,1.1,2.2,0.0,-9.9
'Zavalla',22,6,1995,10190.0,7.4,20.7,1.3,2.8,0.0,-9.9
'Zavalla',23,6,1995,4500.0,9.8,22.1,1.6,2.8,0.0,-9.9
'Zavalla',24,6,1995,7130.0,5.9,13.4,0.8,4.2,0.0,-9.9
'Zavalla',25,6,1995,10190.0,-3.3,10.5,0.5,3.3,0.0,-9.9
'Zavalla',26,6,1995,10440.0,4.4,15.1,0.7,2.2,0.0,-9.9
'Zavalla',27,6,1995,9610.0,0.6,16.7,1.2,2.5,0.0,-9.9
'Zavalla',28,6,1995,11920.0,1.3,11.8,0.7,1.9,0.0,-9.9
'Zavalla',29,6,1995,10510.0,-5.2,9.8,0.5,2.8,0.0,-9.9
'Zavalla',30,6,1995,11950.0,0.5,16.2,0.8,1.7,0.0,-9.9
'Zavalla',1,7,1995,10980.0,1.5,16.5,1.0,2.2,0.0,-9.9
'Zavalla',2,7,1995,9900.0,6.3,17.4,1.3,2.5,0.0,-9.9
'Zavalla',3,7,1995,11480.0,1.0,17.3,0.7,1.7,0.0,-9.9
'Zavalla',4,7,1995,9760.0,3.8,17.3,1.1,3.3,0.0,-9.9
'Zavalla',5,7,1995,11270.0,9.6,19.5,1.2,2.8,0.0,-9.9
'Zavalla',6,7,1995,11990.0,0.7,17.6,0.6,1.7,0.0,-9.9
'Zavalla',7,7,1995,11340.0,-2.4,19.2,0.7,2.8,0.0,-9.9
'Zavalla',8,7,1995,12200.0,5.2,20.0,0.9,3.1,0.0,-9.9
'Zavalla',9,7,1995,10800.0,6.5,19.8,0.9,1.7,0.0,-9.9
'Zavalla',10,7,1995,11090.0,1.4,21.7,1.0,2.8,0.0,-9.9
'Zavalla',11,7,1995,9830.0,10.1,22.8,1.7,3.6,0.0,-9.9
'Zavalla',12,7,1995,1550.0,8.7,13.9,1.2,4.2,0.3,-9.9
'Zavalla',13,7,1995,7810.0,8.4,9.7,1.1,4.2,0.0,-9.9
'Zavalla',14,7,1995,2480.0,6.9,9.0,1.1,3.9,0.1,-9.9
'Zavalla',15,7,1995,2770.0,4.8,7.9,0.9,2.8,0.2,-9.9
'Zavalla',16,7,1995,12890.0,-1.7,11.6,0.6,1.1,0.0,-9.9
'Zavalla',17,7,1995,11200.0,-0.8,11.4,0.6,1.4,0.0,-9.9
'Zavalla',18,7,1995,12560.0,-3.0,12.3,0.6,1.4,0.0,-9.9
'Zavalla',19,7,1995,11700.0,0.5,12.9,0.7,1.9,0.0,-9.9
'Zavalla',20,7,1995,13140.0,-4.1,14.4,0.4,1.7,0.0,-9.9
'Zavalla',21,7,1995,12280.0,1.3,15.5,0.6,3.3,0.0,-9.9
'Zavalla',22,7,1995,12380.0,4.6,16.7,0.8,3.6,0.0,-9.9
'Zavalla',23,7,1995,12850.0,4.4,21.5,1.1,3.1,0.0,-9.9
'Zavalla',24,7,1995,12960.0,7.7,20.5,1.3,2.2,0.0,-9.9
'Zavalla',25,7,1995,13390.0,3.3,19.6,0.9,2.5,0.0,-9.9
'Zavalla',26,7,1995,5540.0,7.7,14.5,1.3,2.5,0.0,-9.9
'Zavalla',27,7,1995,11950.0,8.4,13.7,1.3,1.4,0.0,-9.9
'Zavalla',28,7,1995,10440.0,4.2,18.3,1.2,2.2,0.0,-9.9
'Zavalla',29,7,1995,14040.0,4.8,15.2,0.7,1.9,0.0,-9.9
'Zavalla',30,7,1995,7340.0,3.3,10.7,0.6,2.2,0.0,-9.9
'Zavalla',31,7,1995,6480.0,2.1,10.1,0.9,2.8,0.0,-9.9
'Zavalla',1,8,1995,3850.0,7.3,11.1,1.1,1.9,0.0,-9.9
'Zavalla',2,8,1995,12460.0,7.7,16.7,1.0,0.6,0.0,-9.9
'Zavalla',3,8,1995,14690.0,0.8,12.5,0.4,4.2,0.0,-9.9
'Zavalla',4,8,1995,14980.0,-4.9,14.3,0.3,2.5,0.0,-9.9
'Zavalla',5,8,1995,13970.0,0.8,17.2,0.6,2.2,0.0,-9.9
'Zavalla',6,8,1995,15050.0,2.1,16.6,0.6,1.9,0.0,-9.9
'Zavalla',7,8,1995,16060.0,-0.3,18.7,0.6,1.4,0.0,-9.9
'Zavalla',8,8,1995,15700.0,1.0,19.9,0.8,1.9,0.0,-9.9
'Zavalla',9,8,1995,15880.0,1.9,15.1,0.6,3.1,0.0,-9.9
'Zavalla',10,8,1995,12460.0,-2.9,12.9,0.6,1.9,0.0,-9.9
'Zavalla',11,8,1995,15160.0,2.4,16.1,0.8,1.7,0.0,-9.9
'Zavalla',12,8,1995,12280.0,1.5,17.8,1.2,2.5,0.0,-9.9
'Zavalla',13,8,1995,10220.0,9.7,22.6,1.6,1.9,0.0,-9.9
'Zavalla',14,8,1995,4140.0,9.9,15.9,1.4,4.4,0.0,-9.9
'Zavalla',15,8,1995,13970.0,1.9,12.3,0.7,3.3,0.0,-9.9
'Zavalla',16,8,1995,15620.0,-2.5,11.1,0.6,1.9,0.0,-9.9
'Zavalla',17,8,1995,11340.0,-3.5,12.9,0.7,1.7,0.0,-9.9
'Zavalla',18,8,1995,15620.0,-1.8,15.3,0.7,1.1,0.0,-9.9
'Zavalla',19,8,1995,16490.0,-0.9,17.3,0.7,1.4,0.0,-9.9
'Zavalla',20,8,1995,17240.0,-0.1,17.1,0.7,1.9,0.0,-9.9
'Zavalla',21,8,1995,16990.0,0.5,21.2,0.8,1.4,0.0,-9.9
'Zavalla',22,8,1995,17100.0,3.1,26.9,1.2,2.5,0.0,-9.9
'Zavalla',23,8,1995,14000.0,12.9,33.6,1.6,3.1,0.0,-9.9
'Zavalla',24,8,1995,15440.0,15.2,27.8,1.8,4.2,0.0,-9.9
'Zavalla',25,8,1995,14290.0,13.6,22.2,1.7,2.8,0.0,-9.9
'Zavalla',26,8,1995,8780.0,12.7,19.0,1.7,2.8,0.0,-9.9
'Zavalla',27,8,1995,8530.0,11.8,17.8,1.5,1.9,0.0,-9.9
'Zavalla',28,8,1995,17390.0,7.7,23.7,1.1,3.1,0.0,-9.9
'Zavalla',29,8,1995,15230.0,10.6,25.1,1.3,3.1,0.0,-9.9
'Zavalla',30,8,1995,13430.0,7.7,18.3,0.8,2.8,0.0,-9.9
'Zavalla',31,8,1995,16450.0,5.0,25.6,1.4,2.8,0.0,-9.9
'Zavalla',1,9,1995,18760.0,11.0,21.4,0.6,3.3,0.0,-9.9
'Zavalla',2,9,1995,18720.0,2.8,16.7,0.8,3.1,0.0,-9.9
'Zavalla',3,9,1995,17280.0,5.6,17.8,0.8,3.1,0.0,-9.9
'Zavalla',4,9,1995,17170.0,8.1,23.5,1.4,3.3,0.0,-9.9
'Zavalla',5,9,1995,16880.0,15.5,32.0,1.8,4.2,0.0,-9.9
'Zavalla',6,9,1995,18430.0,21.1,34.6,1.8,4.7,0.0,-9.9
'Zavalla',7,9,1995,16380.0,16.8,27.6,1.7,3.1,0.0,-9.9
'Zavalla',8,9,1995,17240.0,14.4,22.4,1.2,3.3,4.8,-9.9
'Zavalla',9,9,1995,18040.0,9.9,21.1,1.1,2.5,0.0,-9.9
'Zavalla',10,9,1995,18970.0,7.5,22.2,1.3,1.9,0.0,-9.9
'Zavalla',11,9,1995,16920.0,10.5,25.7,0.8,3.3,0.0,-9.9
'Zavalla',12,9,1995,20770.0,3.6,16.5,0.8,3.1,8.5,-9.9
'Zavalla',13,9,1995,4570.0,7.4,11.0,1.1,1.9,6.5,-9.9
'Zavalla',14,9,1995,20300.0,5.6,18.9,1.1,1.1,0.0,-9.9
'Zavalla',15,9,1995,22390.0,4.1,23.0,1.1,2.2,0.0,-9.9
'Zavalla',16,9,1995,22320.0,9.8,25.8,1.1,3.1,0.0,-9.9
'Zavalla',17,9,1995,18320.0,11.5,28.1,1.2,6.7,0.0,-9.9
'Zavalla',18,9,1995,21600.0,9.5,20.5,0.6,2.5,0.0,-9.9
'Zavalla',19,9,1995,19400.0,0.5,15.9,0.6,2.8,0.0,-9.9
'Zavalla',20,9,1995,23510.0,-1.7,17.1,0.6,2.5,0.0,-9.9
'Zavalla',21,9,1995,18470.0,3.0,18.3,0.8,2.8,0.0,-9.9
'Zavalla',22,9,1995,18430.0,7.8,22.1,1.1,0.8,0.0,-9.9
'Zavalla',23,9,1995,22180.0,7.7,24.0,1.2,1.4,0.0,-9.9
'Zavalla',24,9,1995,22680.0,7.6,24.9,1.2,3.3,0.0,-9.9
'Zavalla',25,9,1995,15410.0,11.6,27.6,1.2,3.6,3.7,-9.9
'Zavalla',26,9,1995,22970.0,11.1,23.3,1.1,3.3,0.0,-9.9
'Zavalla',27,9,1995,19120.0,8.2,20.0,0.8,3.1,0.0,-9.9
'Zavalla',28,9,1995,11120.0,8.9,15.6,0.8,2.8,0.0,-9.9
'Zavalla',29,9,1995,9500.0,8.0,12.7,1.2,2.2,1.1,-9.9
'Zavalla',30,9,1995,12600.0,10.4,18.2,1.4,1.4,0.0,-9.9
'Zavalla',1,10,1995,11560.0,10.0,19.5,1.4,2.8,0.0,-9.9
'Zavalla',2,10,1995,16160.0,9.0,21.7,1.5,4.4,11.0,-9.9
'Zavalla',3,10,1995,830.0,14.0,18.3,1.6,3.3,81.3,-9.9
'Zavalla',4,10,1995,21850.0,12.7,21.5,1.5,1.9,0.0,-9.9
'Zavalla',5,10,1995,26320.0,9.5,24.0,1.3,1.1,0.0,-9.9
'Zavalla',6,10,1995,18610.0,10.7,26.3,1.7,3.6,4.7,-9.9
'Zavalla',7,10,1995,25920.0,11.3,23.0,1.5,2.5,0.0,-9.9
'Zavalla',8,10,1995,9140.0,11.0,16.1,1.3,2.8,1.1,-9.9
'Zavalla',9,10,1995,25920.0,8.5,19.5,1.1,2.5,0.0,-9.9
'Zavalla',10,10,1995,26060.0,7.1,22.7,1.4,1.9,0.0,-9.9
'Zavalla',11,10,1995,4320.0,11.5,17.4,1.4,3.9,2.0,-9.9
'Zavalla',12,10,1995,5080.0,11.9,16.4,1.5,3.9,0.5,-9.9
'Zavalla',13,10,1995,26240.0,6.5,14.9,0.8,4.2,0.0,-9.9
'Zavalla',14,10,1995,26860.0,6.4,25.3,0.8,3.6,0.0,-9.9
'Zavalla',15,10,1995,26710.0,11.4,23.0,1.2,1.9,0.0,-9.9
'Zavalla',16,10,1995,25960.0,6.7,23.0,1.0,2.2,0.0,-9.9
'Zavalla',17,10,1995,17350.0,6.7,19.8,1.0,1.9,0.0,-9.9
'Zavalla',18,10,1995,27000.0,4.7,23.9,1.2,1.7,0.0,-9.9
'Zavalla',19,10,1995,9110.0,10.8,25.8,1.2,1.9,0.0,-9.9
'Zavalla',20,10,1995,24620.0,7.6,27.8,1.3,2.2,0.0,-9.9
'Zavalla',21,10,1995,25740.0,9.1,26.6,1.2,3.6,0.0,-9.9
'Zavalla',22,10,1995,25670.0,14.3,30.3,1.4,3.6,0.0,-9.9
'Zavalla',23,10,1995,25160.0,13.6,31.1,1.7,2.5,0.0,-9.9
'Zavalla',24,10,1995,20950.0,17.0,33.5,1.7,5.6,0.0,-9.9
'Zavalla',25,10,1995,11770.0,19.8,28.2,2.1,5.6,0.5,-9.9
'Zavalla',26,10,1995,19870.0,14.0,22.0,0.9,5.0,0.0,-9.9
'Zavalla',27,10,1995,23400.0,11.5,20.3,0.9,2.8,0.0,-9.9
'Zavalla',28,10,1995,28580.0,4.9,21.7,0.9,2.2,0.0,-9.9
'Zavalla',29,10,1995,28150.0,8.6,23.9,1.1,1.9,0.0,-9.9
'Zavalla',30,10,1995,28400.0,6.9,24.4,1.1,2.2,0.0,-9.9
'Zavalla',31,10,1995,29200.0,9.6,27.0,1.2,2.8,0.0,-9.9
'Zavalla',1,11,1995,29740.0,12.8,30.9,1.5,5.0,0.0,-9.9
'Zavalla',2,11,1995,27110.0,20.7,33.4,1.8,4.2,0.0,-9.9
'Zavalla',3,11,1995,25600.0,19.0,33.0,2.3,3.6,0.0,-9.9
'Zavalla',4,11,1995,26600.0,20.6,34.9,2.1,3.3,0.0,-9.9
'Zavalla',5,11,1995,25240.0,22.1,36.6,2.5,4.7,0.0,-9.9
'Zavalla',6,11,1995,10800.0,19.2,30.2,2.0,3.1,0.0,-9.9
'Zavalla',7,11,1995,18900.0,17.8,31.6,2.7,4.4,54.1,-9.9
'Zavalla',8,11,1995,5360.0,19.5,25.4,2.3,3.1,5.3,-9.9
'Zavalla',9,11,1995,13540.0,17.5,22.6,2.0,3.1,0.0,-9.9
'Zavalla',10,11,1995,27360.0,15.1,25.3,1.9,1.1,0.0,-9.9
'Zavalla',11,11,1995,21420.0,15.7,25.9,2.0,3.1,0.0,-9.9
'Zavalla',12,11,1995,30780.0,10.6,20.4,1.3,2.5,0.0,-9.9
'Zavalla',13,11,1995,18500.0,11.2,22.7,1.8,1.4,0.0,-9.9
'Zavalla',14,11,1995,25130.0,13.0,27.6,1.9,1.7,0.0,-9.9
'Zavalla',15,11,1995,23800.0,16.4,26.9,1.8,1.7,0.2,-9.9
'Zavalla',16,11,1995,27400.0,16.3,27.9,2.0,2.5,0.0,-9.9
'Zavalla',17,11,1995,16310.0,14.6,23.7,1.6,3.1,0.0,-9.9
'Zavalla',18,11,1995,27400.0,11.9,23.7,1.5,2.8,0.0,-9.9
'Zavalla',19,11,1995,26030.0,13.7,27.2,1.5,2.5,0.0,-9.9
'Zavalla',20,11,1995,32110.0,12.6,29.4,1.8,3.6,10.5,-9.9
'Zavalla',21,11,1995,13390.0,17.8,23.7,2.2,1.7,1.1,-9.9
'Zavalla',22,11,1995,33080.0,16.6,27.2,1.5,1.9,0.0,-9.9
'Zavalla',23,11,1995,25670.0,12.2,24.6,1.4,1.7,0.0,-9.9
'Zavalla',24,11,1995,29700.0,11.3,28.5,1.6,2.2,7.6,-9.9
'Zavalla',25,11,1995,17140.0,17.6,26.1,2.0,1.9,1.6,-9.9
'Zavalla',26,11,1995,20700.0,16.6,25.7,1.6,3.3,0.0,-9.9
'Zavalla',27,11,1995,33410.0,9.4,25.0,0.9,2.5,0.0,-9.9
'Zavalla',28,11,1995,32180.0,12.7,28.5,1.3,3.1,0.0,-9.9
'Zavalla',29,11,1995,32510.0,14.8,29.4,1.2,3.3,0.0,-9.9
'Zavalla',30,11,1995,13720.0,17.9,33.0,1.8,3.9,0.0,-9.9
'Zavalla',1,12,1995,33010.0,17.2,31.7,1.8,2.2,0.0,-9.9
'Zavalla',2,12,1995,25340.0,15.8,31.0,2.1,1.9,0.0,-9.9
'Zavalla',3,12,1995,28840.0,17.0,33.8,2.1,2.2,0.0,-9.9
'Zavalla',4,12,1995,28870.0,18.4,34.9,2.2,2.2,30.2,-9.9
'Zavalla',5,12,1995,33010.0,17.1,32.8,2.4,1.1,0.0,-9.9
'Zavalla',6,12,1995,30200.0,19.9,34.1,1.9,3.1,0.0,-9.9
'Zavalla',7,12,1995,28690.0,21.2,33.8,2.0,4.7,0.0,-9.9
'Zavalla',8,12,1995,32620.0,10.2,25.1,1.1,2.5,0.0,-9.9
'Zavalla',9,12,1995,26320.0,12.1,26.9,1.5,1.7,0.0,-9.9
'Zavalla',10,12,1995,30820.0,15.5,32.3,1.6,3.3,0.0,-9.9
'Zavalla',11,12,1995,27970.0,20.2,29.6,1.2,2.8,0.0,-9.9
'Zavalla',12,12,1995,31390.0,14.7,32.1,1.3,2.5,0.0,-9.9
'Zavalla',13,12,1995,28980.0,19.1,34.3,1.4,2.2,0.0,-9.9
'Zavalla',14,12,1995,30280.0,16.2,31.8,1.6,2.2,0.0,-9.9
'Zavalla',15,12,1995,11270.0,16.4,30.7,1.7,1.4,0.0,-9.9
'Zavalla',16,12,1995,31640.0,16.8,39.6,1.9,3.6,0.0,-9.9
'Zavalla',17,12,1995,29700.0,19.0,36.6,2.3,2.8,0.0,-9.9
'Zavalla',18,12,1995,29740.0,21.2,39.9,2.4,3.6,0.0,-9.9
'Zavalla',19,12,1995,31680.0,22.6,34.3,2.2,4.2,0.0,-9.9
'Zavalla',20,12,1995,30380.0,19.0,38.3,2.4,4.4,6.1,-9.9
'Zavalla',21,12,1995,11810.0,20.1,32.5,2.2,3.6,22.1,-9.9
'Zavalla',22,12,1995,5980.0,17.1,20.8,2.1,4.4,9.5,-9.9
'Zavalla',23,12,1995,15730.0,20.5,27.7,2.6,3.1,0.0,-9.9
'Zavalla',24,12,1995,20090.0,20.6,29.9,2.6,2.5,2.0,-9.9
'Zavalla',25,12,1995,29810.0,20.6,29.3,2.3,2.8,0.0,-9.9
'Zavalla',26,12,1995,33480.0,17.8,28.0,2.0,2.8,0.0,-9.9
'Zavalla',27,12,1995,34310.0,17.5,28.8,1.9,2.5,0.0,-9.9
'Zavalla',28,12,1995,34380.0,16.8,29.5,1.9,2.5,0.0,-9.9
'Zavalla',29,12,1995,33840.0,16.6,30.9,2.1,2.2,0.0,-9.9
'Zavalla',30,12,1995,33840.0,16.7,31.7,1.8,2.5,0.0,-9.9
'Zavalla',31,12,1995,31720.0,18.4,31.8,2.0,2.5,0.0,-9.9
