* Source of data    : Zavalla local weather station 
* File content      : Meteo input file for Swap 3.2 (www.swap.alterra.nl) 
* File generated at :  Mon Oct 03 22:18:27 2016 
station,DD,MM,YYYY,Rad,Tmin,Tmax,Hum,Wind,Rain,ETref 
'Zavalla',1,1,1989,30400.0,18.6,37.1,1.8,3.6,0.0,8.0
'Zavalla',2,1,1989,30700.0,18.9,38.1,1.8,2.2,0.0,7.5
'Zavalla',3,1,1989,30600.0,19.5,38.3,1.8,3.1,0.0,8.0
'Zavalla',4,1,1989,30400.0,17.8,38.7,1.9,2.2,0.0,7.4
'Zavalla',5,1,1989,29700.0,23.6,39.6,1.9,3.6,0.0,8.7
'Zavalla',6,1,1989,25500.0,22.6,36.1,1.9,4.4,0.0,8.0
'Zavalla',7,1,1989,30000.0,19.6,37.9,0.9,3.9,0.0,8.5
'Zavalla',8,1,1989,20800.0,19.3,34.3,2.2,2.2,6.1,5.4
'Zavalla',9,1,1989,26700.0,15.9,29.7,1.1,5.0,0.0,7.4
'Zavalla',10,1,1989, 8800.0,14.6,25.0,1.5,0.8,0.0,2.5
'Zavalla',11,1,1989,25600.0,15.0,32.6,1.8,0.0,0.0,5.0
'Zavalla',12,1,1989,28700.0,17.0,35.0,1.5,2.8,0.0,7.0
'Zavalla',13,1,1989,21600.0,17.3,35.1,1.9,4.2,0.0,6.4
'Zavalla',14,1,1989,16500.0,20.8,31.1,1.9,1.1,2.3,4.3
'Zavalla',15,1,1989,25100.0,17.8,34.0,1.9,3.1,0.0,6.4
'Zavalla',16,1,1989,30100.0,16.7,33.5,1.5,2.2,0.5,6.7
'Zavalla',17,1,1989,25300.0,18.9,37.8,1.7,5.8,20.1,8.6
'Zavalla',18,1,1989,10100.0,18.8,32.2,2.2,1.4,27.0,3.2
'Zavalla',19,1,1989,19500.0,15.8,28.5,2.2,0.3,0.2,3.8
'Zavalla',20,1,1989,28400.0,16.3,30.5,1.8,0.8,0.0,5.6
'Zavalla',21,1,1989,29600.0,20.7,34.2,2.3,3.6,0.0,7.4
'Zavalla',22,1,1989,29200.0,18.5,35.2,2.0,3.1,0.0,7.1
'Zavalla',23,1,1989,18700.0,20.3,35.2,2.4,6.1,15.6,6.5
'Zavalla',24,1,1989,21900.0,19.7,33.4,2.4,1.7,0.0,5.2
'Zavalla',25,1,1989,26200.0,20.9,37.2,2.4,1.7,1.6,6.4
'Zavalla',26,1,1989,28200.0,20.2,31.4,2.0,1.7,0.0,6.2
'Zavalla',27,1,1989,29200.0,17.6,33.6,2.0,2.8,0.0,6.7
'Zavalla',28,1,1989,28400.0,20.9,33.5,2.2,2.8,6.3,6.9
'Zavalla',29,1,1989,23600.0,15.4,27.2,1.5,2.8,0.0,5.2
'Zavalla',30,1,1989,26300.0,11.6,29.4,1.5,2.8,0.0,5.4
'Zavalla',31,1,1989,25600.0,16.8,34.8,1.9,1.7,0.0,5.8
'Zavalla',1,2,1989,24000.0,18.4,34.4,2.4,3.9,0.5,6.1
'Zavalla',2,2,1989, 7500.0,20.3,25.7,2.6,2.8,0.1,2.0
'Zavalla',3,2,1989,26600.0,18.3,32.6,2.1,3.6,0.0,6.4
'Zavalla',4,2,1989,28700.0,15.9,33.1,1.6,3.1,0.0,6.6
'Zavalla',5,2,1989,27100.0,19.2,36.2,1.9,4.2,0.0,7.4
'Zavalla',6,2,1989,23100.0,24.1,37.8,1.9,3.6,0.0,7.3
'Zavalla',7,2,1989,26500.0,19.9,29.6,1.4,5.6,0.0,7.7
'Zavalla',8,2,1989,28500.0,13.5,26.9,1.3,2.2,0.0,5.4
'Zavalla',9,2,1989,28100.0,12.0,31.7,1.4,2.2,0.0,5.6
'Zavalla',10,2,1989,25700.0,14.7,35.2,1.6,2.2,0.0,5.8
'Zavalla',11,2,1989,27200.0,16.2,36.7,1.8,2.5,0.0,6.4
'Zavalla',12,2,1989,22400.0,19.4,37.9,2.2,2.5,53.0,6.0
'Zavalla',13,2,1989,11800.0,19.4,30.4,2.4,3.6,0.1,3.6
'Zavalla',14,2,1989,20900.0,19.5,29.7,2.5,0.8,1.5,4.3
'Zavalla',15,2,1989,18700.0,20.0,28.9,2.5,1.4,0.0,4.0
'Zavalla',16,2,1989,27200.0,19.4,33.1,2.3,2.8,0.0,6.2
'Zavalla',17,2,1989,26600.0,16.3,35.1,1.9,0.6,0.0,5.3
'Zavalla',18,2,1989,13800.0,19.8,32.6,1.8,5.8,0.0,5.8
'Zavalla',19,2,1989,15700.0,20.6,35.1,2.5,4.4,4.0,5.2
'Zavalla',20,2,1989, 7300.0,21.2,28.5,2.5,0.8,4.4,2.1
'Zavalla',21,2,1989,27200.0,19.5,28.1,2.4,2.2,0.0,5.4
'Zavalla',22,2,1989,25200.0,17.7,30.7,2.1,2.5,1.0,5.4
'Zavalla',23,2,1989,23800.0,16.0,27.4,1.7,2.2,0.0,4.8
'Zavalla',24,2,1989,25200.0,11.3,30.4,1.4,0.3,0.0,4.2
'Zavalla',25,2,1989,24000.0,12.9,31.4,1.5,1.1,0.0,4.5
'Zavalla',26,2,1989,25200.0,14.7,33.0,1.6,2.8,0.0,5.6
'Zavalla',27,2,1989,24100.0,15.3,35.0,1.6,4.2,0.0,6.3
'Zavalla',28,2,1989,24800.0,16.9,36.2,1.9,2.2,0.0,5.7
'Zavalla',1,3,1989, 7600.0,20.3,29.9,2.4,5.0,4.5,3.3
'Zavalla',2,3,1989,13500.0,19.4,26.1,2.3,3.1,0.0,3.2
'Zavalla',3,3,1989,23600.0,18.0,31.5,2.5,0.8,45.0,4.6
'Zavalla',4,3,1989,12900.0,19.6,26.3,2.2,2.2,4.5,3.1
'Zavalla',5,3,1989,20900.0,14.4,27.6,1.8,0.8,0.0,3.7
'Zavalla',6,3,1989,20900.0,13.5,29.3,1.9,0.8,0.0,3.7
'Zavalla',7,3,1989,19300.0,16.9,29.4,2.3,3.1,0.0,4.0
'Zavalla',8,3,1989,22700.0,17.9,28.4,2.2,2.8,0.0,4.5
'Zavalla',9,3,1989,22800.0,15.7,29.6,2.0,1.7,0.0,4.3
'Zavalla',10,3,1989, 9000.0,19.7,25.3,2.1,3.6,23.0,2.8
'Zavalla',11,3,1989, 6200.0,17.9,21.7,1.9,3.1,0.0,1.9
'Zavalla',12,3,1989,12700.0,14.3,23.8,1.8,0.8,0.0,2.4
'Zavalla',13,3,1989,21400.0,12.6,26.6,1.9,0.8,0.0,3.4
'Zavalla',14,3,1989,22500.0,14.4,28.5,2.0,1.4,0.0,3.9
'Zavalla',15,3,1989,22100.0,14.3,29.6,2.0,1.1,29.0,3.9
'Zavalla',16,3,1989,13200.0,14.9,22.2,1.6,2.8,0.0,2.8
'Zavalla',17,3,1989,22200.0,9.5,23.1,1.3,0.3,0.0,3.0
'Zavalla',18,3,1989,21800.0,8.7,24.5,1.3,0.8,0.0,3.1
'Zavalla',19,3,1989,21800.0,10.9,26.1,1.4,0.8,0.0,3.3
'Zavalla',20,3,1989,21700.0,11.4,26.6,1.8,2.5,0.0,3.5
'Zavalla',21,3,1989, 6900.0,15.6,22.9,1.9,1.7,0.0,1.6
'Zavalla',22,3,1989,19800.0,12.8,28.9,2.0,0.3,0.0,3.2
'Zavalla',23,3,1989,17100.0,16.5,28.1,2.2,3.6,13.4,3.5
'Zavalla',24,3,1989, 9700.0,16.6,23.3,1.9,3.6,0.0,2.3
'Zavalla',25,3,1989, 8700.0,11.7,22.2,1.7,3.1,2.1,1.7
'Zavalla',26,3,1989,20300.0,7.5,23.0,1.1,3.6,0.0,3.4
'Zavalla',27,3,1989,21000.0,7.9,25.3,1.2,1.4,0.0,3.0
'Zavalla',28,3,1989,19600.0,11.7,25.3,1.5,3.6,0.0,3.5
'Zavalla',29,3,1989, 8600.0,13.5,24.9,1.7,2.2,0.1,2.2
'Zavalla',30,3,1989,19300.0,11.6,23.2,1.4,2.2,0.1,3.0
'Zavalla',31,3,1989, 7000.0,13.9,18.3,1.5,3.6,1.5,1.8
'Zavalla',1,4,1989,19000.0,7.0,21.8,1.2,2.2,0.0,2.6
'Zavalla',2,4,1989,19200.0,7.3,24.3,1.5,2.5,0.0,2.6
'Zavalla',3,4,1989,18600.0,10.1,26.6,1.7,0.0,0.0,2.5
'Zavalla',4,4,1989,18500.0,11.5,27.5,1.8,2.2,0.0,2.9
'Zavalla',5,4,1989,17300.0,14.2,29.0,1.7,3.1,0.0,3.5
'Zavalla',6,4,1989,13300.0,12.5,27.3,1.7,5.0,0.0,3.2
'Zavalla',7,4,1989, 5700.0,17.6,24.5,2.3,1.7,0.0,1.3
'Zavalla',8,4,1989, 8300.0,20.4,28.4,2.7,1.7,55.0,1.9
'Zavalla',9,4,1989, 4900.0,14.5,25.7,1.9,3.1,21.0,1.8
'Zavalla',10,4,1989,18000.0,6.8,21.5,1.0,0.8,0.0,2.1
'Zavalla',11,4,1989,18300.0,8.0,21.6,1.3,2.2,0.0,2.3
'Zavalla',12,4,1989,17900.0,7.2,23.1,1.5,0.8,0.0,2.0
'Zavalla',13,4,1989,17100.0,10.2,24.7,1.6,1.4,0.0,2.3
'Zavalla',14,4,1989,17100.0,8.8,24.9,1.7,1.4,0.0,2.1
'Zavalla',15,4,1989,17000.0,12.4,25.3,1.8,3.1,6.1,2.5
'Zavalla',16,4,1989, 5000.0,17.9,22.3,2.1,2.8,1.8,1.3
'Zavalla',17,4,1989,16400.0,14.0,25.5,1.6,0.8,0.0,2.3
'Zavalla',18,4,1989,16500.0,12.8,28.0,1.7,1.7,0.0,2.6
'Zavalla',19,4,1989,15600.0,12.3,27.4,1.7,1.1,0.0,2.3
'Zavalla',20,4,1989,15100.0,15.5,26.1,1.8,2.8,0.0,2.7
'Zavalla',21,4,1989,16300.0,10.4,25.5,1.7,1.7,0.0,2.1
'Zavalla',22,4,1989,13800.0,14.2,23.7,1.8,4.2,0.0,2.3
'Zavalla',23,4,1989,12200.0,13.1,24.7,1.6,1.4,0.0,2.0
'Zavalla',24,4,1989,11000.0,11.6,23.7,1.7,1.4,0.0,1.6
'Zavalla',25,4,1989, 5600.0,13.5,20.2,1.8,1.7,2.5,1.0
'Zavalla',26,4,1989,16100.0,9.2,25.5,1.5,2.5,0.0,2.1
'Zavalla',27,4,1989,16000.0,12.3,27.1,1.7,4.4,0.0,2.8
'Zavalla',28,4,1989, 5900.0,9.1,19.5,0.7,8.3,0.0,4.6
'Zavalla',29,4,1989,15100.0,1.5,14.5,0.8,1.1,0.0,1.2
'Zavalla',30,4,1989, 8700.0,7.0,16.7,0.8,1.4,0.0,1.6
'Zavalla',1,5,1989,14100.0,1.0,19.3,0.7,1.4,0.0,1.5
'Zavalla',2,5,1989,13700.0,3.2,21.6,1.2,1.4,0.0,1.2
'Zavalla',3,5,1989, 4000.0,9.2,13.2,1.1,1.7,0.8,1.0
'Zavalla',4,5,1989, 3900.0,5.3,10.8,0.9,1.4,8.6,0.9
'Zavalla',5,5,1989,10200.0,4.3,14.7,0.8,3.6,0.0,1.7
'Zavalla',6,5,1989,14800.0,-0.3,15.2,0.6,2.2,0.0,1.3
'Zavalla',7,5,1989,14600.0,4.1,16.4,0.8,1.4,0.0,1.2
'Zavalla',8,5,1989, 4600.0,3.2,15.6,1.0,1.4,0.0,0.9
'Zavalla',9,5,1989, 3600.0,0.6,19.0,1.0,1.4,0.0,0.8
'Zavalla',10,5,1989,11700.0,5.1,21.2,1.2,0.8,0.0,1.0
'Zavalla',11,5,1989,13000.0,7.7,22.4,1.0,2.2,0.0,1.7
'Zavalla',12,5,1989, 3700.0,10.9,21.8,1.7,3.3,0.0,1.0
'Zavalla',13,5,1989,11700.0,15.8,27.7,2.0,4.7,0.0,2.4
'Zavalla',14,5,1989, 3900.0,15.1,23.1,1.8,3.9,30.5,1.4
'Zavalla',15,5,1989,12000.0,9.6,17.0,1.0,4.4,0.0,1.8
'Zavalla',16,5,1989,12300.0,4.8,18.9,1.0,3.1,0.0,1.4
'Zavalla',17,5,1989,13000.0,7.2,21.7,1.2,2.5,0.0,1.3
'Zavalla',18,5,1989, 9000.0,11.0,23.0,1.4,3.1,0.0,1.6
'Zavalla',19,5,1989,12800.0,11.7,25.9,1.8,1.7,0.0,1.4
'Zavalla',20,5,1989,11700.0,13.0,24.4,1.6,1.4,0.0,1.4
'Zavalla',21,5,1989, 8600.0,14.3,26.3,1.9,3.6,0.0,1.7
'Zavalla',22,5,1989, 5300.0,17.8,26.7,2.0,2.8,0.0,1.8
'Zavalla',23,5,1989,10300.0,11.1,21.9,1.1,4.4,0.0,2.3
'Zavalla',24,5,1989,12600.0,4.9,19.3,0.9,0.3,0.0,0.8
'Zavalla',25,5,1989,12800.0,3.9,15.3,0.8,3.1,0.0,1.2
'Zavalla',26,5,1989,12300.0,2.8,15.6,0.8,2.2,0.0,0.9
'Zavalla',27,5,1989,12300.0,5.7,18.7,1.0,3.9,0.0,1.5
'Zavalla',28,5,1989,12100.0,6.6,19.8,1.2,4.7,0.0,1.4
'Zavalla',29,5,1989,11500.0,10.0,22.1,1.4,1.7,0.0,1.1
'Zavalla',30,5,1989, 5600.0,9.5,22.1,1.5,0.3,0.0,0.8
'Zavalla',31,5,1989, 5700.0,11.6,21.7,1.6,3.9,0.1,1.2
'Zavalla',1,6,1989, 3200.0,13.2,16.4,1.5,2.2,8.5,0.7
'Zavalla',2,6,1989, 4200.0,6.4,14.1,1.0,5.8,0.0,1.4
'Zavalla',3,6,1989, 8400.0,5.7,20.9,1.1,5.3,0.0,1.6
'Zavalla',4,6,1989,11700.0,1.8,15.8,0.8,1.4,0.0,0.6
'Zavalla',5,6,1989, 9200.0,3.7,18.0,1.3,2.5,0.0,0.4
'Zavalla',6,6,1989, 6400.0,9.0,20.0,1.4,1.7,0.0,0.8
'Zavalla',7,6,1989, 6400.0,12.0,20.0,1.6,1.7,0.0,0.8
'Zavalla',8,6,1989, 3400.0,7.7,19.0,1.6,1.4,0.0,0.4
'Zavalla',9,6,1989, 7400.0,10.2,17.3,1.0,5.6,0.0,2.0
'Zavalla',10,6,1989,10900.0,3.3,12.7,0.8,2.2,0.0,0.7
'Zavalla',11,6,1989, 6500.0,5.7,13.2,0.9,3.1,0.0,1.0
'Zavalla',12,6,1989, 9800.0,3.2,16.6,0.9,1.4,0.0,0.7
'Zavalla',13,6,1989,11500.0,1.2,18.6,1.1,0.8,0.0,0.3
'Zavalla',14,6,1989, 4300.0,5.3,17.6,1.2,0.0,0.0,0.5
'Zavalla',15,6,1989, 7400.0,2.2,18.6,1.0,0.3,0.0,0.5
'Zavalla',16,6,1989, 8300.0,3.3,17.1,1.0,2.2,0.0,0.7
'Zavalla',17,6,1989,11800.0,-0.5,18.0,0.9,2.2,0.0,0.6
'Zavalla',18,6,1989,11100.0,5.8,19.7,1.2,4.7,0.0,1.1
'Zavalla',19,6,1989,11200.0,6.0,21.6,1.3,1.7,0.0,0.7
'Zavalla',20,6,1989,10000.0,4.6,20.3,1.2,3.6,20.7,0.9
'Zavalla',21,6,1989, 3900.0,11.7,18.6,1.7,3.6,17.8,0.6
'Zavalla',22,6,1989,11800.0,4.6,18.5,1.0,0.6,0.0,0.5
'Zavalla',23,6,1989, 8700.0,2.6,17.7,1.0,1.4,0.0,0.6
'Zavalla',24,6,1989,11700.0,2.5,17.8,0.9,0.3,0.0,0.4
'Zavalla',25,6,1989,10800.0,2.7,17.8,0.9,2.2,0.0,0.7
'Zavalla',26,6,1989, 7000.0,5.2,17.2,1.1,3.6,3.0,0.8
'Zavalla',27,6,1989, 5600.0,7.6,15.8,1.3,0.0,0.0,0.4
'Zavalla',28,6,1989,10000.0,2.5,17.5,1.2,5.8,0.0,0.3
'Zavalla',29,6,1989,10100.0,7.0,19.1,1.4,3.1,0.0,0.5
'Zavalla',30,6,1989, 6500.0,7.8,15.2,1.2,3.6,0.0,0.7
'Zavalla',1,7,1989, 7000.0,0.3,11.4,0.7,7.5,0.0,1.5
'Zavalla',2,7,1989,11500.0,-0.5,9.3,0.5,2.8,0.0,0.9
'Zavalla',3,7,1989,11900.0,-1.4,11.7,0.6,3.1,0.0,0.9
'Zavalla',4,7,1989,10800.0,-1.4,10.3,0.5,8.6,0.0,2.0
'Zavalla',5,7,1989,11700.0,-3.5,10.5,0.6,2.2,0.0,0.6
'Zavalla',6,7,1989,10300.0,-3.8,10.4,0.6,1.4,0.0,0.5
'Zavalla',7,7,1989,11000.0,-3.0,12.0,0.6,1.4,0.0,0.6
'Zavalla',8,7,1989,10000.0,-1.2,15.3,0.8,3.1,0.0,0.6
'Zavalla',9,7,1989,11600.0,1.2,16.9,0.9,4.4,0.0,1.0
'Zavalla',10,7,1989,10200.0,-0.4,18.4,0.9,1.7,0.0,0.7
'Zavalla',11,7,1989, 3500.0,6.5,17.0,1.2,0.0,0.0,0.6
'Zavalla',12,7,1989,11700.0,3.3,18.9,1.0,0.8,0.0,0.7
'Zavalla',13,7,1989,10600.0,2.6,20.3,1.2,2.2,0.0,0.6
'Zavalla',14,7,1989,12500.0,4.0,16.9,0.6,2.2,0.0,1.4
'Zavalla',15,7,1989,12500.0,0.3,18.6,0.8,3.9,0.0,1.3
'Zavalla',16,7,1989, 8800.0,9.9,21.3,1.3,3.1,0.0,1.4
'Zavalla',17,7,1989,12400.0,8.5,24.9,1.4,5.6,0.0,2.0
'Zavalla',18,7,1989,12200.0,11.7,24.0,1.5,0.0,0.0,1.0
'Zavalla',19,7,1989,11900.0,9.8,24.9,1.4,3.6,0.3,1.8
'Zavalla',20,7,1989,10900.0,7.5,19.8,1.2,5.3,0.0,1.7
'Zavalla',21,7,1989,12400.0,3.3,19.6,0.9,1.7,0.0,1.1
'Zavalla',22,7,1989, 3400.0,3.4,10.1,1.1,5.3,20.4,0.4
'Zavalla',23,7,1989, 6300.0,10.0,15.0,1.3,3.1,0.0,0.9
'Zavalla',24,7,1989,13400.0,5.7,16.8,0.8,3.1,0.0,1.4
'Zavalla',25,7,1989, 5500.0,1.8,12.7,0.9,1.7,0.0,0.5
'Zavalla',26,7,1989,13200.0,5.3,16.4,1.1,4.4,0.0,1.1
'Zavalla',27,7,1989, 8500.0,7.1,14.5,1.1,3.6,2.4,1.0
'Zavalla',28,7,1989,12000.0,1.2,14.4,0.9,2.2,0.0,0.8
'Zavalla',29,7,1989, 3600.0,6.3,12.0,1.0,3.1,0.0,0.8
'Zavalla',30,7,1989,13300.0,3.5,14.8,0.7,6.1,0.0,2.3
'Zavalla',31,7,1989,13600.0,-0.6,17.2,0.7,2.2,0.0,1.2
'Zavalla',1,8,1989,11500.0,7.9,21.0,1.0,5.3,0.0,2.6
'Zavalla',2,8,1989,12300.0,5.7,21.0,1.1,5.3,0.0,1.9
'Zavalla',3,8,1989, 8900.0,13.0,26.3,1.6,6.4,0.0,2.8
'Zavalla',4,8,1989,14600.0,8.3,18.6,0.8,5.6,0.0,2.8
'Zavalla',5,8,1989,14600.0,2.8,22.8,0.9,2.2,0.0,1.6
'Zavalla',6,8,1989,14700.0,6.0,21.4,1.1,5.3,0.0,2.1
'Zavalla',7,8,1989,12600.0,4.8,21.4,1.1,3.6,0.0,1.6
'Zavalla',8,8,1989, 3900.0,10.4,16.3,1.3,4.7,0.0,1.2
'Zavalla',9,8,1989, 5300.0,11.3,19.0,1.4,8.3,0.1,1.9
'Zavalla',10,8,1989, 5200.0,12.2,17.1,1.4,4.7,0.0,1.4
'Zavalla',11,8,1989, 5700.0,5.1,17.2,1.1,4.4,0.0,1.2
'Zavalla',12,8,1989,13200.0,9.6,21.0,1.3,8.3,0.0,2.9
'Zavalla',13,8,1989,13100.0,8.0,23.8,1.4,1.7,0.0,1.6
'Zavalla',14,8,1989,15300.0,10.8,24.4,1.4,1.7,0.0,2.0
'Zavalla',15,8,1989,15000.0,8.8,24.6,1.4,3.9,0.0,2.3
'Zavalla',16,8,1989,14400.0,12.6,29.0,1.4,6.1,0.0,4.0
'Zavalla',17,8,1989,13700.0,8.1,21.8,0.8,7.5,0.0,4.2
'Zavalla',18,8,1989,14700.0,11.9,28.3,1.8,4.2,50.8,2.7
'Zavalla',19,8,1989, 4300.0,9.9,20.8,1.2,11.4,2.0,3.7
'Zavalla',20,8,1989, 4300.0,7.9,11.3,1.2,5.8,29.5,0.6
'Zavalla',21,8,1989, 4400.0,8.2,11.3,1.1,9.7,0.5,1.0
'Zavalla',22,8,1989, 6400.0,4.0,10.5,0.9,10.6,0.0,1.7
'Zavalla',23,8,1989,15100.0,3.0,17.7,0.9,4.2,0.0,1.9
'Zavalla',24,8,1989,12300.0,7.9,20.1,1.0,5.6,0.0,2.9
'Zavalla',25,8,1989,16100.0,2.6,17.6,0.8,3.6,0.0,2.1
'Zavalla',26,8,1989, 9600.0,6.1,16.6,0.9,3.9,0.0,2.0
'Zavalla',27,8,1989,16900.0,0.2,14.3,0.7,4.4,0.0,2.1
'Zavalla',28,8,1989,16800.0,1.1,18.6,0.8,5.3,0.0,2.4
'Zavalla',29,8,1989,12700.0,6.0,19.9,1.2,2.2,0.0,1.7
'Zavalla',30,8,1989, 6000.0,8.2,16.3,1.3,7.5,2.6,1.4
'Zavalla',31,8,1989,16900.0,5.9,16.8,0.9,4.4,0.0,2.5
'Zavalla',1,9,1989,17400.0,2.7,17.3,1.0,0.8,0.0,1.6
'Zavalla',2,9,1989,17300.0,4.0,18.6,1.1,3.3,0.0,2.0
'Zavalla',3,9,1989,17700.0,9.2,20.8,1.2,5.3,0.0,3.1
'Zavalla',4,9,1989,13800.0,9.4,22.8,1.2,6.4,3.5,3.3
'Zavalla',5,9,1989, 8200.0,7.8,14.7,0.9,3.9,0.0,2.1
'Zavalla',6,9,1989,17500.0,1.4,18.9,0.6,5.0,0.0,3.4
'Zavalla',7,9,1989,18200.0,0.8,17.3,0.8,1.4,0.0,1.9
'Zavalla',8,9,1989,17800.0,4.8,19.8,0.9,1.7,0.0,2.3
'Zavalla',9,9,1989, 9500.0,2.8,17.4,1.0,1.7,0.0,1.5
'Zavalla',10,9,1989,18300.0,4.2,20.9,1.1,5.8,0.0,2.7
'Zavalla',11,9,1989, 6600.0,9.8,16.9,1.4,5.8,0.0,1.6
'Zavalla',12,9,1989, 5300.0,10.4,13.8,1.3,7.5,1.0,1.2
'Zavalla',13,9,1989, 6600.0,9.7,15.5,1.1,5.8,0.0,2.2
'Zavalla',14,9,1989,18300.0,5.3,19.8,1.0,4.7,0.0,3.0
'Zavalla',15,9,1989,18000.0,4.2,18.4,0.8,3.6,0.0,2.9
'Zavalla',16,9,1989,19600.0,2.7,18.1,0.9,2.5,0.0,2.4
'Zavalla',17,9,1989,19800.0,6.4,21.0,1.1,3.6,0.0,3.1
'Zavalla',18,9,1989,19600.0,7.6,22.6,1.1,3.1,0.0,3.2
'Zavalla',19,9,1989,19600.0,9.9,26.6,1.4,2.2,0.0,3.3
'Zavalla',20,9,1989,19300.0,10.0,26.5,1.4,4.4,0.0,3.9
'Zavalla',21,9,1989,15200.0,12.7,27.3,1.6,6.7,7.0,4.2
'Zavalla',22,9,1989, 6900.0,14.8,21.4,1.8,8.3,0.0,2.4
'Zavalla',23,9,1989,16700.0,9.1,17.9,1.1,4.4,0.0,2.9
'Zavalla',24,9,1989,21300.0,3.2,17.2,0.8,6.7,0.0,3.7
'Zavalla',25,9,1989,20800.0,0.5,15.1,0.8,2.2,0.0,2.3
'Zavalla',26,9,1989,21100.0,6.2,16.8,0.9,2.2,0.0,2.9
'Zavalla',27,9,1989,19500.0,1.4,17.1,0.7,1.4,0.0,2.4
'Zavalla',28,9,1989,21400.0,3.0,19.6,0.8,2.2,0.0,2.9
'Zavalla',29,9,1989,21200.0,7.6,24.2,1.0,4.4,0.0,4.2
'Zavalla',30,9,1989,20000.0,10.1,25.9,0.9,5.8,0.0,5.5
'Zavalla',1,10,1989,13900.0,11.3,24.6,1.4,3.9,0.0,3.4
'Zavalla',2,10,1989, 9200.0,12.5,21.2,1.3,3.9,0.0,2.9
'Zavalla',3,10,1989,22600.0,4.4,23.1,1.0,2.2,0.0,3.4
'Zavalla',4,10,1989,17300.0,8.8,25.8,1.1,4.7,0.0,4.4
'Zavalla',5,10,1989,19400.0,10.5,26.0,1.4,6.1,0.0,4.5
'Zavalla',6,10,1989,11400.0,11.6,25.5,1.8,5.8,11.8,2.8
'Zavalla',7,10,1989,21900.0,11.7,24.3,1.6,3.9,0.0,4.0
'Zavalla',8,10,1989,18300.0,11.0,20.7,1.4,4.4,0.0,3.5
'Zavalla',9,10,1989,23000.0,9.2,20.9,1.2,2.5,7.0,3.6
'Zavalla',10,10,1989, 6500.0,12.2,17.9,1.4,2.8,1.3,1.6
'Zavalla',11,10,1989,15300.0,12.0,20.9,1.3,6.7,0.9,3.9
'Zavalla',12,10,1989,24300.0,3.8,15.1,0.7,5.3,0.0,4.1
'Zavalla',13,10,1989,24200.0,1.8,17.9,1.0,3.1,0.0,3.0
'Zavalla',14,10,1989,23700.0,6.1,23.1,1.2,3.6,0.0,3.8
'Zavalla',15,10,1989,11900.0,10.3,23.8,1.4,1.7,0.0,2.6
'Zavalla',16,10,1989,24700.0,8.7,23.9,1.0,5.3,0.0,5.2
'Zavalla',17,10,1989,24000.0,5.2,23.1,1.2,3.1,0.0,3.6
'Zavalla',18,10,1989,24500.0,7.9,25.3,1.3,5.3,0.0,4.7
'Zavalla',19,10,1989,24000.0,13.0,26.9,1.4,5.3,0.0,5.5
'Zavalla',20,10,1989,15700.0,13.1,27.8,1.7,5.0,25.5,4.2
'Zavalla',21,10,1989,13300.0,14.8,25.8,2.0,3.1,2.1,2.9
'Zavalla',22,10,1989,17800.0,14.9,27.5,2.1,2.2,0.0,3.6
'Zavalla',23,10,1989,19400.0,17.1,30.3,2.0,3.9,31.0,4.9
'Zavalla',24,10,1989, 9300.0,17.2,24.1,2.2,2.5,0.8,2.1
'Zavalla',25,10,1989,14500.0,14.4,20.9,1.5,4.4,1.2,3.5
'Zavalla',26,10,1989,25000.0,9.2,19.3,1.0,4.4,0.0,4.7
'Zavalla',27,10,1989,23000.0,4.8,22.8,1.0,5.0,0.0,4.5
'Zavalla',28,10,1989,27100.0,10.6,24.4,1.4,4.4,0.0,5.1
'Zavalla',29,10,1989,26200.0,12.7,27.6,1.5,8.3,0.0,6.8
'Zavalla',30,10,1989, 7900.0,11.7,18.7,1.1,7.5,0.0,3.6
'Zavalla',31,10,1989,24900.0,7.2,20.0,1.1,4.2,0.0,4.2
'Zavalla',1,11,1989,11200.0,12.6,21.1,1.3,6.1,2.3,3.8
'Zavalla',2,11,1989, 9600.0,14.0,18.7,1.6,4.4,23.4,2.4
'Zavalla',3,11,1989,25900.0,11.3,25.1,1.6,4.4,0.0,5.0
'Zavalla',4,11,1989,28000.0,11.1,27.8,1.4,5.8,0.0,6.3
'Zavalla',5,11,1989,28100.0,9.4,25.8,1.4,1.7,0.0,4.6
'Zavalla',6,11,1989,16900.0,12.2,26.2,1.5,3.1,0.0,3.9
'Zavalla',7,11,1989,10800.0,13.7,26.2,1.8,2.2,0.0,2.7
'Zavalla',8,11,1989,27900.0,13.3,28.1,1.6,1.7,0.0,5.2
'Zavalla',9,11,1989,25000.0,15.4,29.3,1.6,2.5,0.0,5.4
'Zavalla',10,11,1989,19600.0,16.4,28.4,1.9,3.6,8.5,4.8
'Zavalla',11,11,1989, 7500.0,13.7,21.8,1.8,9.7,68.5,2.7
'Zavalla',12,11,1989,18700.0,8.3,19.3,1.1,8.6,0.0,4.6
'Zavalla',13,11,1989,28900.0,6.0,21.1,1.0,1.7,0.0,4.3
'Zavalla',14,11,1989,29600.0,9.9,24.7,1.5,6.7,0.0,5.7
'Zavalla',15,11,1989,28500.0,14.7,24.9,1.1,6.1,0.0,7.2
'Zavalla',16,11,1989,29700.0,7.4,21.8,1.1,1.7,0.0,4.6
'Zavalla',17,11,1989,28700.0,8.3,26.6,1.5,4.7,0.0,5.3
'Zavalla',18,11,1989,27400.0,14.6,31.2,1.8,6.4,0.0,7.1
'Zavalla',19,11,1989,24200.0,17.8,30.2,1.9,3.6,0.0,5.9
'Zavalla',20,11,1989,23800.0,17.4,31.1,2.2,4.2,20.0,5.8
'Zavalla',21,11,1989,25700.0,17.8,29.7,2.5,3.6,0.0,5.4
'Zavalla',22,11,1989,15600.0,19.4,30.3,2.3,4.7,2.4,4.6
'Zavalla',23,11,1989,25800.0,15.1,29.4,1.8,5.3,0.0,6.2
'Zavalla',24,11,1989,30400.0,11.6,27.1,1.5,3.6,0.0,5.9
'Zavalla',25,11,1989,29100.0,13.9,27.7,1.9,1.7,0.0,5.4
'Zavalla',26,11,1989,15600.0,17.9,27.4,2.1,4.7,0.0,4.3
'Zavalla',27,11,1989,28600.0,14.4,25.3,1.5,6.7,0.0,6.7
'Zavalla',28,11,1989,29700.0,13.7,25.4,1.5,4.7,0.0,6.2
'Zavalla',29,11,1989,28000.0,14.1,28.3,1.9,3.1,0.0,5.6
'Zavalla',30,11,1989,28700.0,16.0,30.6,2.1,1.9,0.0,5.9
'Zavalla',1,12,1989, 9000.0,19.0,28.4,2.4,2.8,0.0,2.7
'Zavalla',2,12,1989,28100.0,21.1,34.7,2.6,5.8,5.2,7.8
'Zavalla',3,12,1989,27600.0,18.0,28.2,1.0,5.3,0.0,7.9
'Zavalla',4,12,1989,30500.0,11.1,28.3,1.6,5.6,0.0,6.4
'Zavalla',5,12,1989,23000.0,18.3,30.4,2.2,7.5,0.0,6.5
'Zavalla',6,12,1989, 9600.0,19.2,25.4,2.2,4.4,0.0,2.9
'Zavalla',7,12,1989,26000.0,16.6,30.8,2.4,1.1,0.0,5.2
'Zavalla',8,12,1989,21100.0,19.4,32.8,2.5,6.1,45.5,6.1
'Zavalla',9,12,1989,14400.0,19.1,27.7,2.6,0.6,0.0,3.1
'Zavalla',10,12,1989,27000.0,18.9,32.7,3.0,1.1,42.6,5.7
'Zavalla',11,12,1989,15300.0,19.2,30.7,2.6,2.8,0.0,3.9
'Zavalla',12,12,1989,27800.0,21.0,30.3,3.0,4.4,0.0,6.1
'Zavalla',13,12,1989,17600.0,21.5,29.4,2.4,5.0,0.0,5.2
'Zavalla',14,12,1989,27600.0,18.4,28.4,2.6,4.7,0.0,5.8
'Zavalla',15,12,1989,30900.0,20.4,29.6,2.6,3.9,0.0,6.8
'Zavalla',16,12,1989, 9100.0,17.9,28.7,2.5,5.3,29.1,2.8
'Zavalla',17,12,1989,31100.0,15.9,26.4,1.6,4.7,0.0,6.8
'Zavalla',18,12,1989,30900.0,12.3,27.7,1.5,1.1,0.0,5.5
'Zavalla',19,12,1989,31500.0,13.2,28.5,1.5,1.7,0.0,5.9
'Zavalla',20,12,1989,31300.0,14.6,29.6,2.0,0.6,0.0,5.8
'Zavalla',21,12,1989,31500.0,17.5,28.9,1.9,2.8,0.0,6.6
'Zavalla',22,12,1989,30100.0,16.5,31.6,2.0,0.6,0.0,5.9
'Zavalla',23,12,1989,27000.0,19.8,31.1,2.1,0.8,0.0,5.8
'Zavalla',24,12,1989,26500.0,18.9,31.6,2.4,1.7,0.0,5.8
'Zavalla',25,12,1989,20400.0,20.6,31.4,2.5,5.3,6.5,5.7
'Zavalla',26,12,1989,29400.0,19.4,30.6,2.5,1.1,0.0,6.1
'Zavalla',27,12,1989,23200.0,20.0,31.1,2.6,3.1,0.3,5.5
'Zavalla',28,12,1989,28900.0,20.1,31.5,2.5,0.8,4.5,6.1
'Zavalla',29,12,1989,29900.0,20.8,31.1,2.6,3.9,0.0,7.0
'Zavalla',30,12,1989,31100.0,18.4,32.9,2.6,1.1,0.0,6.5
'Zavalla',31,12,1989,25700.0,20.0,30.6,2.3,4.4,0.0,6.5
