* Source of data    : Zavalla local weather station 
* File content      : Meteo input file for Swap 3.2 (www.swap.alterra.nl) 
* File generated at :  Mon Oct 03 22:18:27 2016 
station,DD,MM,YYYY,Rad,Tmin,Tmax,Hum,Wind,Rain,ETref 
'Zavalla',1,1,2007,30500.0,24.0,34.8,3.1,3.00,0.0,-9.9
'Zavalla',2,1,2007,14700.0,21.4,28.5,2.9,2.50,45.4,-9.9
'Zavalla',3,1,2007, 8800.0,17.9,26.1,2.8,2.30,0.0,-9.9
'Zavalla',4,1,2007,28700.0,21.8,29.8,3.0,2.40,0.0,-9.9
'Zavalla',5,1,2007,29400.0,19.7,25.3,2.5,3.40,0.0,-9.9
'Zavalla',6,1,2007,30900.0,14.1,27.1,2.3,2.70,0.0,-9.9
'Zavalla',7,1,2007,11700.0,19.7,22.9,2.4,2.70,1.7,-9.9
'Zavalla',8,1,2007,28800.0,17.0,29.2,2.5,2.60,0.0,-9.9
'Zavalla',9,1,2007,25400.0,20.1,32.8,2.9,2.90,33.5,-9.9
'Zavalla',10,1,2007,17300.0,21.0,26.7,2.8,2.10,4.7,-9.9
'Zavalla',11,1,2007, 8000.0,21.0,27.4,2.8,2.40,0.0,-9.9
'Zavalla',12,1,2007,30300.0,18.6,30.1,2.8,1.90,0.0,-9.9
'Zavalla',13,1,2007,29800.0,19.3,30.3,2.4,4.20,0.0,-9.9
'Zavalla',14,1,2007,29800.0,10.8,23.6,1.6,1.80,0.0,-9.9
'Zavalla',15,1,2007, 7900.0,12.9,26.5,1.8,2.10,0.0,-9.9
'Zavalla',16,1,2007,23100.0,13.1,28.0,1.8,2.60,0.0,-9.9
'Zavalla',17,1,2007,10100.0,17.2,24.2,2.1,2.90,0.0,-9.9
'Zavalla',18,1,2007,29000.0,16.8,32.0,2.7,2.50,0.0,-9.9
'Zavalla',19,1,2007, 8600.0,19.1,25.1,2.0,2.90,0.0,-9.9
'Zavalla',20,1,2007,29900.0,13.8,28.0,2.0,2.40,0.0,-9.9
'Zavalla',21,1,2007,29500.0,17.5,27.5,1.9,3.60,0.0,-9.9
'Zavalla',22,1,2007,29500.0,16.4,29.1,2.1,3.40,0.5,-9.9
'Zavalla',23,1,2007,10600.0,19.2,25.8,2.5,1.50,14.9,-9.9
'Zavalla',24,1,2007, 7800.0,19.8,25.0,2.6,1.60,0.5,-9.9
'Zavalla',25,1,2007, 7700.0,19.8,22.9,2.4,2.10,9.6,-9.9
'Zavalla',26,1,2007,27300.0,20.1,26.7,2.3,1.90,0.0,-9.9
'Zavalla',27,1,2007,13600.0,17.0,27.1,2.5,2.00,0.0,-9.9
'Zavalla',28,1,2007,26400.0,19.7,28.9,2.3,2.70,0.0,-9.9
'Zavalla',29,1,2007,28400.0,14.7,27.1,1.9,2.60,0.0,-9.9
'Zavalla',30,1,2007,26700.0,16.4,28.3,2.1,2.00,0.0,-9.9
'Zavalla',31,1,2007,29200.0,13.8,30.2,2.2,1.40,0.0,-9.9
'Zavalla',1,2,2007,29500.0,14.3,32.1,2.3,1.50,0.0,-9.9
'Zavalla',2,2,2007,28300.0,19.2,33.9,2.2,2.10,0.0,-9.9
'Zavalla',3,2,2007,20800.0,15.8,33.2,2.3,2.20,0.8,-9.9
'Zavalla',4,2,2007,12500.0,18.6,28.8,2.4,1.60,5.7,-9.9
'Zavalla',5,2,2007,14700.0,18.7,26.7,2.5,2.60,0.0,-9.9
'Zavalla',6,2,2007,22000.0,18.9,28.2,2.4,3.40,0.0,-9.9
'Zavalla',7,2,2007,27300.0,12.2,28.3,1.9,1.90,0.0,-9.9
'Zavalla',8,2,2007,23600.0,14.1,30.2,2.2,2.60,0.0,-9.9
'Zavalla',9,2,2007, 9400.0,18.9,24.0,2.3,2.30,0.0,-9.9
'Zavalla',10,2,2007,28100.0,16.1,28.9,2.3,3.40,0.0,-9.9
'Zavalla',11,2,2007,18600.0,11.7,28.1,2.2,2.60,0.0,-9.9
'Zavalla',12,2,2007,26900.0,15.1,26.8,2.3,2.40,0.0,-9.9
'Zavalla',13,2,2007,27700.0,13.8,30.0,2.1,2.50,0.0,-9.9
'Zavalla',14,2,2007,16000.0,17.0,28.0,2.4,1.70,10.0,-9.9
'Zavalla',15,2,2007,20500.0,17.2,30.9,2.4,3.10,21.0,-9.9
'Zavalla',16,2,2007,10400.0,17.3,24.3,2.2,3.80,31.3,-9.9
'Zavalla',17,2,2007,23100.0,13.2,20.1,1.4,4.40,0.0,-9.9
'Zavalla',18,2,2007,27500.0,9.0,25.1,1.3,1.70,0.0,-9.9
'Zavalla',19,2,2007,27600.0,9.5,27.4,1.6,2.10,0.0,-9.9
'Zavalla',20,2,2007,22700.0,13.8,27.8,2.1,2.30,0.0,-9.9
'Zavalla',21,2,2007,17100.0,15.3,28.7,2.5,1.80,0.0,-9.9
'Zavalla',22,2,2007,26500.0,16.9,29.9,2.5,1.80,0.2,-9.9
'Zavalla',23,2,2007,18000.0,19.6,28.2,2.6,1.60,0.0,-9.9
'Zavalla',24,2,2007,25800.0,19.0,31.8,2.8,1.60,0.0,-9.9
'Zavalla',25,2,2007,21300.0,22.5,33.5,3.2,2.60,14.8,-9.9
'Zavalla',26,2,2007, 6700.0,19.3,28.0,2.6,2.90,46.6,-9.9
'Zavalla',27,2,2007,15500.0,18.8,25.1,2.3,3.80,8.6,-9.9
'Zavalla',28,2,2007,11800.0,17.0,25.3,2.4,2.20,0.0,-9.9
'Zavalla',1,3,2007,10900.0,19.3,24.6,2.5,3.40,11.5,-9.9
'Zavalla',2,3,2007, 7400.0,12.9,24.2,1.5,3.00,0.0,-9.9
'Zavalla',3,3,2007,12800.0,13.6,20.4,1.8,4.20,10.2,-9.9
'Zavalla',4,3,2007,23800.0,15.7,23.6,2.1,1.70,0.0,-9.9
'Zavalla',5,3,2007,23500.0,15.8,27.9,2.2,1.40,0.0,-9.9
'Zavalla',6,3,2007,10200.0,17.2,27.9,2.8,2.40,5.7,-9.9
'Zavalla',7,3,2007,13800.0,21.6,26.9,2.7,2.80,3.9,-9.9
'Zavalla',8,3,2007, 6300.0,18.4,23.8,2.5,3.70,17.4,-9.9
'Zavalla',9,3,2007,21500.0,14.9,25.4,1.7,2.80,0.0,-9.9
'Zavalla',10,3,2007,23100.0,11.7,26.5,1.7,2.10,0.0,-9.9
'Zavalla',11,3,2007,22600.0,14.1,28.1,2.0,2.90,0.0,-9.9
'Zavalla',12,3,2007,22400.0,17.3,31.1,2.3,2.20,0.0,-9.9
'Zavalla',13,3,2007,22300.0,15.3,28.9,2.4,2.40,14.7,-9.9
'Zavalla',14,3,2007,15400.0,19.1,26.5,2.4,1.90,4.0,-9.9
'Zavalla',15,3,2007, 9900.0,16.3,25.2,2.0,3.40,0.0,-9.9
'Zavalla',16,3,2007, 6000.0,16.8,19.9,1.9,2.70,0.0,-9.9
'Zavalla',17,3,2007,21400.0,12.4,24.3,1.4,2.30,0.0,-9.9
'Zavalla',18,3,2007,20700.0,10.5,26.0,1.8,1.50,0.0,-9.9
'Zavalla',19,3,2007,21700.0,12.8,27.9,2.1,1.90,0.0,-9.9
'Zavalla',20,3,2007,21500.0,16.8,28.3,2.2,2.40,0.0,-9.9
'Zavalla',21,3,2007,19900.0,17.5,28.8,2.2,2.80,0.0,-9.9
'Zavalla',22,3,2007,18900.0,17.0,30.3,2.3,2.90,14.5,-9.9
'Zavalla',23,3,2007,12500.0,16.7,24.4,1.9,2.50,0.0,-9.9
'Zavalla',24,3,2007,13100.0,11.8,23.6,1.8,2.20,0.0,-9.9
'Zavalla',25,3,2007,16600.0,14.9,25.9,2.3,2.20,0.0,-9.9
'Zavalla',26,3,2007, 5600.0,20.5,22.8,2.6,2.20,68.6,-9.9
'Zavalla',27,3,2007, 5500.0,20.1,21.9,2.4,2.60,55.5,-9.9
'Zavalla',28,3,2007, 5500.0,19.8,21.5,2.4,1.90,14.1,-9.9
'Zavalla',29,3,2007, 5400.0,19.1,21.1,2.4,2.40,20.0,-9.9
'Zavalla',30,3,2007, 5400.0,20.9,23.0,2.6,2.70,11.7,-9.9
'Zavalla',31,3,2007,12000.0,15.4,21.4,2.1,3.00,10.3,-9.9
'Zavalla',1,4,2007,12400.0,17.8,22.2,2.0,1.40,0.0,-9.9
'Zavalla',2,4,2007,18700.0,15.9,25.2,2.0,1.50,0.0,-9.9
'Zavalla',3,4,2007,18700.0,15.0,26.4,2.1,1.80,0.0,-9.9
'Zavalla',4,4,2007,18600.0,14.7,26.0,1.8,2.70,0.0,-9.9
'Zavalla',5,4,2007,17900.0,15.0,24.6,1.9,2.80,0.0,-9.9
'Zavalla',6,4,2007, 6600.0,17.7,22.6,2.1,2.20,35.0,-9.9
'Zavalla',7,4,2007,13900.0,18.5,26.3,2.2,2.80,0.0,-9.9
'Zavalla',8,4,2007,18100.0,14.5,22.7,1.4,2.90,0.0,-9.9
'Zavalla',9,4,2007,17300.0,10.0,21.8,1.6,2.70,0.0,-9.9
'Zavalla',10,4,2007, 5500.0,14.0,22.9,2.1,1.80,1.9,-9.9
'Zavalla',11,4,2007,13300.0,13.8,24.8,1.8,2.70,3.5,-9.9
'Zavalla',12,4,2007,18200.0,7.9,23.0,1.1,1.90,0.0,-9.9
'Zavalla',13,4,2007,17900.0,11.3,23.7,1.4,3.60,0.0,-9.9
'Zavalla',14,4,2007,12500.0,15.7,27.6,2.5,2.70,0.0,-9.9
'Zavalla',15,4,2007, 8600.0,15.8,24.7,2.4,2.50,0.0,-9.9
'Zavalla',16,4,2007,11700.0,17.9,27.9,2.8,3.50,0.0,-9.9
'Zavalla',17,4,2007,14000.0,24.0,30.9,3.0,2.90,0.0,-9.9
'Zavalla',18,4,2007,16300.0,23.1,32.3,2.7,3.80,0.0,-9.9
'Zavalla',19,4,2007,16400.0,23.1,31.4,2.7,3.80,0.0,-9.9
'Zavalla',20,4,2007, 4500.0,16.1,24.8,1.6,3.40,5.1,-9.9
'Zavalla',21,4,2007, 4800.0,11.9,16.1,1.5,2.40,0.2,-9.9
'Zavalla',22,4,2007, 5500.0,14.0,16.7,1.8,2.00,3.0,-9.9
'Zavalla',23,4,2007, 4400.0,15.0,17.0,1.7,2.20,3.9,-9.9
'Zavalla',24,4,2007,12400.0,13.7,21.9,1.5,2.90,0.0,-9.9
'Zavalla',25,4,2007,10400.0,10.2,19.1,1.1,2.10,0.1,-9.9
'Zavalla',26,4,2007,16400.0,6.7,18.6,1.1,2.50,0.0,-9.9
'Zavalla',27,4,2007,16000.0,4.7,19.9,1.1,1.90,0.0,-9.9
'Zavalla',28,4,2007,16300.0,7.1,19.5,1.2,2.40,0.0,-9.9
'Zavalla',29,4,2007,15900.0,4.0,21.9,1.3,2.40,0.0,-9.9
'Zavalla',30,4,2007,14900.0,9.8,25.9,1.9,2.80,0.0,-9.9
'Zavalla',1,5,2007,12900.0,17.7,29.0,2.5,2.20,0.0,-9.9
'Zavalla',2,5,2007, 4000.0,16.8,22.6,1.9,2.60,0.0,-9.9
'Zavalla',3,5,2007, 4000.0,15.8,20.9,2.2,2.90,5.8,-9.9
'Zavalla',4,5,2007, 5500.0,20.6,25.0,2.5,1.90,0.0,-9.9
'Zavalla',5,5,2007,14600.0,15.7,20.8,1.9,3.20,42.1,-9.9
'Zavalla',6,5,2007, 3900.0,11.7,18.3,1.3,4.00,0.0,-9.9
'Zavalla',7,5,2007,14600.0,2.9,13.2,0.7,2.80,0.0,-9.9
'Zavalla',8,5,2007,14800.0,1.0,15.8,0.8,2.70,0.0,-9.9
'Zavalla',9,5,2007,14500.0,2.0,14.1,0.8,2.00,0.0,-9.9
'Zavalla',10,5,2007,11700.0,2.6,15.2,0.9,2.70,0.0,-9.9
'Zavalla',11,5,2007,14200.0,2.3,19.0,1.0,1.90,0.0,-9.9
'Zavalla',12,5,2007,11500.0,3.9,13.9,0.9,2.40,0.0,-9.9
'Zavalla',13,5,2007,11700.0,4.8,15.4,1.1,1.70,0.0,-9.9
'Zavalla',14,5,2007,13300.0,1.4,16.9,1.1,1.90,0.0,-9.9
'Zavalla',15,5,2007, 3600.0,6.5,13.3,1.3,1.90,0.0,-9.9
'Zavalla',16,5,2007,12300.0,6.1,16.9,0.9,2.40,0.0,-9.9
'Zavalla',17,5,2007,13800.0,0.0,18.9,0.8,1.80,0.0,-9.9
'Zavalla',18,5,2007,13700.0,5.0,20.3,1.0,2.10,0.0,-9.9
'Zavalla',19,5,2007,11400.0,8.6,20.6,1.0,2.70,0.0,-9.9
'Zavalla',20,5,2007,10800.0,7.4,20.0,1.2,2.00,0.0,-9.9
'Zavalla',21,5,2007,13300.0,3.7,18.9,1.0,2.70,0.0,-9.9
'Zavalla',22,5,2007, 5200.0,5.9,15.6,1.0,3.20,0.0,-9.9
'Zavalla',23,5,2007,12000.0,4.0,13.7,0.9,2.80,0.0,-9.9
'Zavalla',24,5,2007,12800.0,1.2,14.8,0.9,2.10,0.0,-9.9
'Zavalla',25,5,2007,12200.0,5.4,16.1,1.0,2.80,0.0,-9.9
'Zavalla',26,5,2007, 3300.0,5.6,18.7,1.2,1.70,0.0,-9.9
'Zavalla',27,5,2007, 7100.0,5.6,13.9,0.8,3.70,0.0,-9.9
'Zavalla',28,5,2007,12900.0,0.6,8.8,0.6,3.30,0.0,-9.9
'Zavalla',29,5,2007, 8700.0,-3.6,8.9,0.6,1.90,0.0,-9.9
'Zavalla',30,5,2007,12100.0,-4.8,11.0,0.7,2.20,0.0,-9.9
'Zavalla',31,5,2007, 3200.0,2.8,11.6,1.0,2.20,0.0,-9.9
'Zavalla',1,6,2007,11700.0,2.2,17.4,0.8,3.20,0.0,-9.9
'Zavalla',2,6,2007,12200.0,4.3,19.1,0.7,3.20,0.0,-9.9
'Zavalla',3,6,2007,11900.0,2.8,21.5,0.7,2.50,0.0,-9.9
'Zavalla',4,6,2007,11700.0,0.1,21.6,1.0,2.30,0.0,-9.9
'Zavalla',5,6,2007,11300.0,7.2,22.5,1.0,2.10,0.0,-9.9
'Zavalla',6,6,2007,11400.0,1.5,21.6,0.9,0.90,0.0,-9.9
'Zavalla',7,6,2007,11600.0,1.9,21.4,1.0,1.40,0.0,-9.9
'Zavalla',8,6,2007, 5000.0,6.4,18.0,1.1,1.70,0.0,-9.9
'Zavalla',9,6,2007,11000.0,2.8,19.1,0.9,1.60,0.0,-9.9
'Zavalla',10,6,2007,11800.0,2.0,16.9,0.8,1.90,0.0,-9.9
'Zavalla',11,6,2007, 8100.0,4.7,16.7,0.9,1.70,0.0,-9.9
'Zavalla',12,6,2007, 8900.0,3.6,15.6,1.2,1.90,0.0,-9.9
'Zavalla',13,6,2007, 3100.0,10.0,14.1,1.3,2.80,0.0,-9.9
'Zavalla',14,6,2007, 3500.0,7.4,14.1,1.1,4.00,5.6,-9.9
'Zavalla',15,6,2007, 3100.0,4.3,10.1,0.9,2.90,0.0,-9.9
'Zavalla',16,6,2007,10600.0,-2.0,13.0,0.8,2.00,0.0,-9.9
'Zavalla',17,6,2007,12100.0,0.1,15.2,1.0,2.10,0.0,-9.9
'Zavalla',18,6,2007,11100.0,-2.4,11.1,0.6,1.50,0.0,-9.9
'Zavalla',19,6,2007,10100.0,2.0,17.4,1.1,1.40,0.0,-9.9
'Zavalla',20,6,2007, 3800.0,5.6,12.7,1.3,2.00,2.7,-9.9
'Zavalla',21,6,2007,10700.0,7.4,16.3,1.1,2.90,0.0,-9.9
'Zavalla',22,6,2007,10200.0,6.3,14.0,1.2,1.90,0.0,-9.9
'Zavalla',23,6,2007, 9500.0,3.9,14.9,0.7,3.20,0.0,-9.9
'Zavalla',24,6,2007,12100.0,-0.6,15.2,0.7,2.20,0.0,-9.9
'Zavalla',25,6,2007, 4700.0,1.1,13.0,1.0,2.30,0.0,-9.9
'Zavalla',26,6,2007, 3100.0,6.8,14.0,1.1,1.70,0.0,-9.9
'Zavalla',27,6,2007,11100.0,-0.5,15.0,0.9,2.00,0.0,-9.9
'Zavalla',28,6,2007, 8500.0,5.8,14.8,1.1,2.60,0.0,-9.9
'Zavalla',29,6,2007, 5200.0,3.2,13.0,1.0,2.20,0.0,-9.9
'Zavalla',30,6,2007, 3100.0,3.7,9.4,1.0,1.40,0.0,-9.9
'Zavalla',1,7,2007, 3100.0,6.0,8.7,1.0,1.70,0.0,-9.9
'Zavalla',2,7,2007, 3100.0,5.6,8.5,1.0,0.90,0.0,-9.9
'Zavalla',3,7,2007, 5100.0,5.9,13.7,1.0,1.60,0.0,-9.9
'Zavalla',4,7,2007, 5800.0,0.8,14.8,1.0,1.40,0.0,-9.9
'Zavalla',5,7,2007, 7100.0,3.8,22.3,1.4,2.40,0.0,-9.9
'Zavalla',6,7,2007, 3800.0,4.3,15.2,0.9,2.30,0.0,-9.9
'Zavalla',7,7,2007, 4100.0,4.2,12.9,0.8,3.10,0.0,-9.9
'Zavalla',8,7,2007, 3200.0,3.9,8.1,0.7,3.40,0.0,-9.9
'Zavalla',9,7,2007, 3200.0,0.7,4.7,0.6,2.70,0.0,-9.9
'Zavalla',10,7,2007,11800.0,-2.8,6.9,0.5,2.20,0.0,-9.9
'Zavalla',11,7,2007,12700.0,-3.9,11.3,0.5,2.20,0.0,-9.9
'Zavalla',12,7,2007,11900.0,-3.2,11.2,0.6,2.40,0.0,-9.9
'Zavalla',13,7,2007,10300.0,-2.1,11.3,0.8,1.90,0.0,-9.9
'Zavalla',14,7,2007,12200.0,-1.5,14.7,0.7,2.90,0.0,-9.9
'Zavalla',15,7,2007,12400.0,-0.9,16.7,0.8,1.90,0.0,-9.9
'Zavalla',16,7,2007,10200.0,-1.4,17.1,1.0,1.70,0.0,-9.9
'Zavalla',17,7,2007,12400.0,2.4,19.0,0.9,1.30,0.0,-9.9
'Zavalla',18,7,2007, 9800.0,1.5,21.6,1.0,2.90,0.0,-9.9
'Zavalla',19,7,2007,11400.0,7.8,22.4,1.2,2.90,0.0,-9.9
'Zavalla',20,7,2007,12900.0,4.5,17.6,0.7,2.40,0.0,-9.9
'Zavalla',21,7,2007, 9300.0,-0.2,15.5,1.1,2.60,0.0,-9.9
'Zavalla',22,7,2007,12500.0,2.8,14.5,0.7,4.50,0.0,-9.9
'Zavalla',23,7,2007, 9700.0,-0.6,16.4,0.7,2.40,0.0,-9.9
'Zavalla',24,7,2007,10000.0,1.4,12.4,0.7,3.20,0.0,-9.9
'Zavalla',25,7,2007,11000.0,-1.0,17.4,0.9,3.20,0.0,-9.9
'Zavalla',26,7,2007,13300.0,2.2,24.0,1.0,3.20,0.0,-9.9
'Zavalla',27,7,2007,13700.0,2.5,14.7,0.7,3.00,0.0,-9.9
'Zavalla',28,7,2007,13400.0,-2.0,11.2,0.7,1.90,0.0,-9.9
'Zavalla',29,7,2007,13500.0,-2.8,13.2,0.7,2.60,0.0,-9.9
'Zavalla',30,7,2007,10100.0,-5.0,16.0,0.8,1.70,0.0,-9.9
'Zavalla',31,7,2007,12300.0,2.0,19.4,0.9,1.80,0.0,-9.9
'Zavalla',1,8,2007, 3700.0,5.8,9.1,0.9,4.30,0.0,-9.9
'Zavalla',2,8,2007, 3700.0,4.3,6.7,0.8,3.50,3.2,-9.9
'Zavalla',3,8,2007, 3700.0,2.9,6.8,0.8,3.10,2.9,-9.9
'Zavalla',4,8,2007,13300.0,-2.1,10.8,0.6,1.80,0.0,-9.9
'Zavalla',5,8,2007,10400.0,0.9,8.8,0.8,2.20,0.0,-9.9
'Zavalla',6,8,2007,10000.0,1.6,11.7,0.8,2.90,0.0,-9.9
'Zavalla',7,8,2007,14400.0,2.1,21.3,0.7,2.90,0.0,-9.9
'Zavalla',8,8,2007,11700.0,5.0,19.4,0.9,2.70,0.0,-9.9
'Zavalla',9,8,2007, 8700.0,4.1,14.9,1.0,4.50,0.0,-9.9
'Zavalla',10,8,2007,14500.0,1.7,13.2,0.6,3.80,0.0,-9.9
'Zavalla',11,8,2007,14100.0,-2.4,17.2,0.6,2.70,0.0,-9.9
'Zavalla',12,8,2007, 4000.0,5.3,13.3,0.9,2.70,0.0,-9.9
'Zavalla',13,8,2007,13800.0,7.9,20.9,1.3,2.10,0.0,-9.9
'Zavalla',14,8,2007,13000.0,11.2,27.7,1.5,4.40,0.0,-9.9
'Zavalla',15,8,2007,15400.0,8.8,19.7,0.7,3.20,0.0,-9.9
'Zavalla',16,8,2007, 6900.0,1.7,13.3,0.7,3.90,0.0,-9.9
'Zavalla',17,8,2007, 9100.0,-0.1,11.7,0.7,2.90,0.0,-9.9
'Zavalla',18,8,2007, 7200.0,2.3,10.9,0.8,2.90,0.0,-9.9
'Zavalla',19,8,2007, 8200.0,2.9,10.7,0.8,2.40,0.0,-9.9
'Zavalla',20,8,2007,15300.0,-3.7,13.1,0.7,2.00,0.0,-9.9
'Zavalla',21,8,2007,16400.0,1.7,17.0,0.8,2.50,0.0,-9.9
'Zavalla',22,8,2007,16100.0,1.8,18.4,0.9,1.90,0.0,-9.9
'Zavalla',23,8,2007,14700.0,1.3,21.1,0.8,2.20,0.0,-9.9
'Zavalla',24,8,2007,15800.0,4.9,19.6,0.6,3.50,0.0,-9.9
'Zavalla',25,8,2007, 4900.0,5.9,14.0,0.9,3.20,4.9,-9.9
'Zavalla',26,8,2007,14000.0,3.7,14.1,0.7,3.40,0.0,-9.9
'Zavalla',27,8,2007,15700.0,0.0,18.2,0.6,2.80,0.0,-9.9
'Zavalla',28,8,2007,15500.0,2.8,20.6,0.6,2.90,0.0,-9.9
'Zavalla',29,8,2007,10300.0,3.0,16.4,0.7,2.70,0.0,-9.9
'Zavalla',30,8,2007,17100.0,-0.3,16.1,0.8,2.10,0.0,-9.9
'Zavalla',31,8,2007,16700.0,-0.1,21.0,0.8,1.60,0.0,-9.9
'Zavalla',1,9,2007,16700.0,4.4,22.7,0.9,2.20,0.0,-9.9
'Zavalla',2,9,2007,17000.0,3.7,21.9,1.2,2.90,0.0,-9.9
'Zavalla',3,9,2007, 4900.0,10.1,24.7,1.6,3.40,0.0,-9.9
'Zavalla',4,9,2007, 7200.0,15.0,28.2,1.6,4.20,0.8,-9.9
'Zavalla',5,9,2007, 5000.0,11.8,19.6,1.5,2.60,0.9,-9.9
'Zavalla',6,9,2007, 9300.0,10.8,23.5,1.8,1.80,0.2,-9.9
'Zavalla',7,9,2007,12800.0,16.0,29.8,2.1,2.80,0.9,-9.9
'Zavalla',8,9,2007, 5100.0,18.9,25.7,2.4,4.50,0.0,-9.9
'Zavalla',9,9,2007, 8800.0,19.6,30.9,2.2,4.30,0.0,-9.9
'Zavalla',10,9,2007, 5800.0,15.9,25.1,1.8,3.20,17.6,-9.9
'Zavalla',11,9,2007,12100.0,15.1,24.1,2.0,2.40,0.2,-9.9
'Zavalla',12,9,2007, 5300.0,17.5,21.0,2.0,2.20,3.7,-9.9
'Zavalla',13,9,2007, 6300.0,18.1,22.7,2.2,2.20,18.1,-9.9
'Zavalla',14,9,2007, 5400.0,12.0,19.1,1.4,4.30,0.0,-9.9
'Zavalla',15,9,2007, 5400.0,11.0,14.0,1.4,4.00,0.0,-9.9
'Zavalla',16,9,2007, 5400.0,11.5,15.4,1.6,4.00,0.7,-9.9
'Zavalla',17,9,2007, 5500.0,13.1,14.7,1.5,4.00,19.9,-9.9
'Zavalla',18,9,2007, 6000.0,10.8,15.7,1.2,4.40,0.0,-9.9
'Zavalla',19,9,2007,20200.0,5.0,18.8,1.0,1.80,0.0,-9.9
'Zavalla',20,9,2007,18000.0,6.4,18.7,1.3,2.20,0.0,-9.9
'Zavalla',21,9,2007,15000.0,8.9,20.1,1.3,2.70,0.0,-9.9
'Zavalla',22,9,2007,18900.0,10.7,19.8,1.2,3.20,0.0,-9.9
'Zavalla',23,9,2007,18000.0,7.6,15.0,0.8,4.50,0.0,-9.9
'Zavalla',24,9,2007,21500.0,1.9,16.8,0.8,2.40,0.0,-9.9
'Zavalla',25,9,2007,20300.0,1.7,17.8,0.9,2.20,0.0,-9.9
'Zavalla',26,9,2007,19200.0,5.9,18.0,1.0,2.10,0.0,-9.9
'Zavalla',27,9,2007,20000.0,4.7,22.7,1.2,1.50,0.0,-9.9
'Zavalla',28,9,2007,21600.0,8.5,25.3,1.3,1.90,0.0,-9.9
'Zavalla',29,9,2007,20500.0,9.8,27.9,1.4,3.60,0.0,-9.9
'Zavalla',30,9,2007,19500.0,13.0,27.6,2.0,4.10,0.0,-9.9
'Zavalla',1,10,2007, 6100.0,19.8,24.9,1.9,4.60,15.0,-9.9
'Zavalla',2,10,2007,14200.0,15.6,24.2,1.9,1.80,0.0,-9.9
'Zavalla',3,10,2007, 6500.0,14.1,24.1,2.1,1.90,0.6,-9.9
'Zavalla',4,10,2007,18900.0,16.0,26.7,2.4,2.10,0.0,-9.9
'Zavalla',5,10,2007, 7800.0,19.1,25.3,2.1,3.90,0.2,-9.9
'Zavalla',6,10,2007,22600.0,14.2,23.8,1.2,3.90,0.0,-9.9
'Zavalla',7,10,2007,22600.0,6.5,19.4,1.1,3.20,0.0,-9.9
'Zavalla',8,10,2007,13600.0,11.7,18.5,1.6,2.90,8.5,-9.9
'Zavalla',9,10,2007, 8800.0,15.8,21.9,1.9,3.50,2.5,-9.9
'Zavalla',10,10,2007,22000.0,11.2,18.3,1.5,3.60,0.0,-9.9
'Zavalla',11,10,2007, 8100.0,11.8,16.7,1.4,3.40,22.6,-9.9
'Zavalla',12,10,2007,15300.0,12.1,17.7,1.4,3.20,0.0,-9.9
'Zavalla',13,10,2007,21400.0,6.6,20.7,1.4,1.50,0.0,-9.9
'Zavalla',14,10,2007,22600.0,8.9,21.6,1.5,2.70,0.0,-9.9
'Zavalla',15,10,2007,22300.0,11.1,23.3,1.5,1.70,0.0,-9.9
'Zavalla',16,10,2007,23900.0,9.7,26.5,1.6,2.00,0.0,-9.9
'Zavalla',17,10,2007,22300.0,13.8,27.0,1.8,2.30,0.0,-9.9
'Zavalla',18,10,2007, 6800.0,15.8,27.6,1.9,1.90,0.0,-9.9
'Zavalla',19,10,2007,23400.0,12.8,28.3,2.0,2.70,7.5,-9.9
'Zavalla',20,10,2007,15200.0,16.7,25.3,1.6,2.70,0.0,-9.9
'Zavalla',21,10,2007,23900.0,9.8,26.4,1.3,1.60,0.0,-9.9
'Zavalla',22,10,2007,13900.0,12.1,24.6,1.7,1.90,0.0,-9.9
'Zavalla',23,10,2007,27300.0,10.1,27.4,1.8,2.70,0.0,-9.9
'Zavalla',24,10,2007,26600.0,15.3,27.6,1.8,3.90,0.0,-9.9
'Zavalla',25,10,2007,25400.0,14.0,32.5,1.9,3.60,3.5,-9.9
'Zavalla',26,10,2007,23000.0,7.9,30.3,1.8,2.90,25.5,-9.9
'Zavalla',27,10,2007,24400.0,15.00,23.50,0.10,1.90,0.0,-9.9
'Zavalla',28,10,2007,11500.0,13.00,22.30,0.17,2.20,0.0,-9.9
'Zavalla',29,10,2007,23500.0,16.40,26.20,0.18,2.80,0.0,-9.9
'Zavalla',30,10,2007,16800.0,16.40,25.70,0.20,2.00,35.3,-9.9
'Zavalla',31,10,2007,23500.0,18.70,19.70,0.13,4.20,21.0,-9.9
'Zavalla',1,11,2007,25000.0,10.60,22.30,0.10,2.40,0.0,-9.9
'Zavalla',2,11,2007,28400.0,10.70,26.00,0.12,1.60,0.0,-9.9
'Zavalla',3,11,2007,15100.0,15.10,25.30,0.11,4.40,0.0,-9.9
'Zavalla',4,11,2007,28400.0,8.80,19.30,0.07,2.30,0.0,-9.9
'Zavalla',5,11,2007,25600.0,10.70,23.20,0.14,2.50,0.0,-9.9
'Zavalla',6,11,2007,23700.0,12.30,28.00,0.16,2.40,0.0,-9.9
'Zavalla',7,11,2007,17000.0,18.90,29.10,0.19,2.60,4.3,-9.9
'Zavalla',8,11,2007, 9000.0,18.70,24.10,0.19,2.40,0.0,-9.9
'Zavalla',9,11,2007,13200.0,17.30,25.00,0.14,4.60,0.0,-9.9
'Zavalla',10,11,2007,20800.0,8.80,20.40,0.09,4.10,0.0,-9.9
'Zavalla',11,11,2007,28000.0,7.50,19.20,0.08,2.40,0.0,-9.9
'Zavalla',12,11,2007,26300.0,10.50,24.70,0.12,3.40,0.0,-9.9
'Zavalla',13,11,2007,22900.0,14.90,21.80,0.13,3.00,0.0,-9.9
'Zavalla',14,11,2007,28800.0,9.50,16.60,0.07,3.80,0.0,-9.9
'Zavalla',15,11,2007,28900.0,3.90,19.80,0.08,3.20,0.0,-9.9
'Zavalla',16,11,2007,29400.0,10.80,25.30,0.12,3.70,0.0,-9.9
'Zavalla',17,11,2007,26900.0,16.90,28.90,0.22,2.70,10.5,-9.9
'Zavalla',18,11,2007,19200.0,17.60,28.30,0.17,2.70,7.7,-9.9
'Zavalla',19,11,2007,29700.0,15.80,30.10,0.14,2.00,0.0,-9.9
'Zavalla',20,11,2007,29300.0,15.60,29.50,0.13,2.40,0.0,-9.9
'Zavalla',21,11,2007,28700.0,16.70,30.30,0.13,3.70,0.0,-9.9
'Zavalla',22,11,2007,24900.0,18.20,31.90,0.17,4.20,12.5,-9.9
'Zavalla',23,11,2007,26700.0,14.30,22.30,0.11,4.20,0.0,-9.9
'Zavalla',24,11,2007,30500.0,9.40,20.50,0.09,2.00,0.0,-9.9
'Zavalla',25,11,2007,28500.0,10.70,27.00,0.13,2.30,0.0,-9.9
'Zavalla',26,11,2007,30000.0,17.00,30.60,0.15,1.70,0.0,-9.9
'Zavalla',27,11,2007,27600.0,16.80,31.40,0.14,2.20,0.0,-9.9
'Zavalla',28,11,2007,30600.0,12.6,30.5,1.8,2.60,0.0,-9.9
'Zavalla',29,11,2007,30600.0,14.7,32.2,2.1,2.90,0.0,-9.9
'Zavalla',30,11,2007,30700.0,14.6,33.4,2.1,3.40,0.0,-9.9
'Zavalla',1,12,2007,19600.0,15.4,30.6,2.0,2.90,0.0,-9.9
'Zavalla',2,12,2007,26900.0,16.8,31.7,1.8,2.20,0.0,-9.9
'Zavalla',3,12,2007,27000.0,15.1,33.7,2.2,1.90,22.2,-9.9
'Zavalla',4,12,2007,13100.0,18.7,25.6,2.2,3.70,0.6,-9.9
'Zavalla',5,12,2007,30200.0,14.00,25.40,1.3,2.60,0.0,-9.9
'Zavalla',6,12,2007,26800.0,12.90,28.70,1.4,2.20,0.0,-9.9
'Zavalla',7,12,2007,31000.0,16.8,29.7,1.5,3.00,0.0,-9.9
'Zavalla',8,12,2007,28600.0,16.8,30.1,1.4,3.10,0.0,-9.9
'Zavalla',9,12,2007,28200.0,7.6,31.4,1.7,3.70,17.4,-9.9
'Zavalla',10,12,2007,29900.0,16.1,26.7,1.5,3.60,0.0,-9.9
'Zavalla',11,12,2007,30700.0,10.6,26.7,1.6,1.90,0.0,-9.9
'Zavalla',12,12,2007,28000.0,12.6,30.9,1.8,3.10,0.0,-9.9
'Zavalla',13,12,2007,30500.0,17.4,33.3,1.8,3.40,8.3,-9.9
'Zavalla',14,12,2007,16700.0,18.0,26.5,2.0,3.60,12.2,-9.9
'Zavalla',15,12,2007,29100.0,11.0,26.0,1.6,3.20,0.0,-9.9
'Zavalla',16,12,2007,30600.0,13.2,24.9,1.6,2.40,0.0,-9.9
'Zavalla',17,12,2007,28100.0,10.8,28.9,1.7,1.70,0.0,-9.9
'Zavalla',18,12,2007,30600.0,18.6,33.1,1.9,1.70,0.0,-9.9
'Zavalla',19,12,2007,31100.0,14.6,31.5,1.9,1.80,0.0,-9.9
'Zavalla',20,12,2007,28100.0,13.1,33.1,1.9,1.90,0.0,-9.9
'Zavalla',21,12,2007,20500.0,19.7,35.8,2.3,1.90,0.0,-9.9
'Zavalla',22,12,2007,27700.0,14.7,28.8,1.9,2.70,0.3,-9.9
'Zavalla',23,12,2007,11600.0,16.0,22.0,1.9,2.40,23.9,-9.9
'Zavalla',24,12,2007,28900.0,14.8,29.5,2.3,2.40,0.0,-9.9
'Zavalla',25,12,2007,29600.0,15.5,28.3,2.2,2.90,0.0,-9.9
'Zavalla',26,12,2007,25700.0,15.5,28.6,2.3,3.00,0.0,-9.9
'Zavalla',27,12,2007,20000.0,18.2,27.7,2.3,2.10,0.0,-9.9
'Zavalla',28,12,2007,26100.0,16.5,30.2,2.5,1.40,0.0,-9.9
'Zavalla',29,12,2007,30300.0,15.9,34.7,2.2,1.90,0.0,-9.9
'Zavalla',30,12,2007,29300.0,20.8,36.5,2.5,1.70,0.0,-9.9
'Zavalla',31,12,2007,30500.0,19.0,37.6,2.6,1.70,0.0,-9.9
