* Source of data    : Zavalla local weather station 
* File content      : Meteo input file for Swap 3.2 (www.swap.alterra.nl) 
* File generated at :  Mon Oct 03 22:18:27 2016 
station,DD,MM,YYYY,Rad,Tmin,Tmax,Hum,Wind,Rain,ETref 
'Zavalla',1,1,1990, 8400.0,18.6,26.1,2.0,1.4,1.5,2.5
'Zavalla',2,1,1990,30900.0,14.0,30.5,2.0,1.7,0.0,6.0
'Zavalla',3,1,1990,31100.0,17.5,32.7,1.9,2.2,0.0,6.8
'Zavalla',4,1,1990,31200.0,18.0,35.2,2.0,1.7,0.0,6.9
'Zavalla',5,1,1990,31100.0,21.2,34.8,2.1,0.8,0.0,6.8
'Zavalla',6,1,1990,30900.0,20.5,35.4,2.1,2.8,0.0,7.6
'Zavalla',7,1,1990,11000.0,20.3,27.3,2.4,2.5,6.8,2.9
'Zavalla',8,1,1990,23400.0,18.7,28.9,1.7,7.5,0.0,7.5
'Zavalla',9,1,1990,26300.0,15.6,27.7,1.5,4.4,0.0,6.4
'Zavalla',10,1,1990,29200.0,14.7,29.3,1.7,2.2,0.0,-9.9
'Zavalla',11,1,1990,29950.0,13.2,33.8,1.6,0.3,0.0,-9.9
'Zavalla',12,1,1990,20990.0,16.0,35.4,2.1,3.9,12.6,-9.9
'Zavalla',13,1,1990,30600.0,17.8,31.8,2.1,0.8,0.0,-9.9
'Zavalla',14,1,1990,32400.0,17.2,34.7,1.9,0.3,0.0,-9.9
'Zavalla',15,1,1990,31970.0,17.4,35.9,1.9,3.1,0.0,-9.9
'Zavalla',16,1,1990,26210.0,19.7,34.6,2.4,3.3,21.4,-9.9
'Zavalla',17,1,1990,27220.0,13.4,28.0,1.2,5.6,0.0,-9.9
'Zavalla',18,1,1990,32650.0,8.0,26.4,1.1,2.2,0.0,-9.9
'Zavalla',19,1,1990,31900.0,11.7,27.9,1.4,3.1,0.0,-9.9
'Zavalla',20,1,1990,31680.0,12.4,31.7,1.6,1.1,0.0,-9.9
'Zavalla',21,1,1990,30670.0,13.3,32.8,1.8,2.5,0.0,-9.9
'Zavalla',22,1,1990,24550.0,18.4,32.9,2.1,1.7,0.0,-9.9
'Zavalla',23,1,1990,11340.0,19.7,30.3,2.2,1.7,0.0,-9.9
'Zavalla',24,1,1990,22610.0,16.9,32.4,2.2,2.2,0.0,-9.9
'Zavalla',25,1,1990,30170.0,19.8,36.7,2.5,3.9,0.0,-9.9
'Zavalla',26,1,1990,29560.0,22.8,36.8,2.7,6.7,0.0,-9.9
'Zavalla',27,1,1990,18970.0,25.8,38.4,3.3,3.1,29.0,-9.9
'Zavalla',28,1,1990,21640.0,22.4,32.7,2.9,0.6,0.5,-9.9
'Zavalla',29,1,1990,20770.0,24.2,31.6,3.1,5.8,80.0,-9.9
'Zavalla',30,1,1990,9180.0,21.9,27.1,2.6,1.7,0.2,-9.9
'Zavalla',31,1,1990,13500.0,21.0,31.7,2.9,2.2,0.0,-9.9
'Zavalla',1,2,1990,20840.0,23.2,31.3,3.0,3.9,13.6,-9.9
'Zavalla',2,2,1990,14260.0,21.3,27.0,2.7,0.8,17.0,-9.9
'Zavalla',3,2,1990,17960.0,21.7,26.3,2.6,2.5,5.9,-9.9
'Zavalla',4,2,1990,9760.0,19.6,23.6,2.6,1.7,5.5,-9.9
'Zavalla',5,2,1990,7920.0,22.2,27.8,2.9,1.7,2.5,-9.9
'Zavalla',6,2,1990,5720.0,22.1,25.6,2.7,3.9,8.5,-9.9
'Zavalla',7,2,1990,13610.0,21.2,28.1,2.8,1.7,0.0,-9.9
'Zavalla',8,2,1990,8860.0,21.0,29.2,3.0,1.7,0.0,-9.9
'Zavalla',9,2,1990,18940.0,21.2,27.2,2.6,3.6,0.3,-9.9
'Zavalla',10,2,1990,13390.0,21.5,25.3,2.5,6.7,0.8,-9.9
'Zavalla',11,2,1990,16240.0,20.6,27.6,2.4,5.0,0.0,-9.9
'Zavalla',12,2,1990,16160.0,18.6,24.6,2.3,4.2,0.6,-9.9
'Zavalla',13,2,1990,14650.0,19.3,26.9,2.3,2.5,0.0,-9.9
'Zavalla',14,2,1990,23220.0,15.9,27.2,2.2,2.2,0.0,-9.9
'Zavalla',15,2,1990,23620.0,15.1,27.2,2.2,1.1,0.8,-9.9
'Zavalla',16,2,1990,20230.0,15.9,27.1,2.3,0.0,2.6,-9.9
'Zavalla',17,2,1990,19660.0,16.9,26.7,2.4,1.7,0.0,-9.9
'Zavalla',18,2,1990,28040.0,16.8,27.6,2.1,2.2,0.0,-9.9
'Zavalla',19,2,1990,23110.0,13.7,27.3,2.0,2.8,0.0,-9.9
'Zavalla',20,2,1990,24480.0,18.5,29.3,2.5,2.2,0.0,-9.9
'Zavalla',21,2,1990,9970.0,18.6,27.3,2.5,1.7,9.3,-9.9
'Zavalla',22,2,1990,23580.0,18.5,28.3,2.5,0.3,0.0,-9.9
'Zavalla',23,2,1990,15160.0,16.7,28.9,2.4,1.1,0.0,-9.9
'Zavalla',24,2,1990,18220.0,17.0,27.7,2.4,2.5,30.3,-9.9
'Zavalla',25,2,1990,16490.0,16.3,24.4,1.9,2.2,0.0,-9.9
'Zavalla',26,2,1990,25740.0,12.5,24.2,1.6,4.4,0.0,-9.9
'Zavalla',27,2,1990,24910.0,11.6,24.8,1.9,3.6,0.0,-9.9
'Zavalla',28,2,1990,20520.0,15.0,26.6,2.2,1.1,0.0,-9.9
'Zavalla',1,3,1990,25920.0,13.9,28.9,2.3,1.7,0.0,-9.9
'Zavalla',2,3,1990,26390.0,10.5,25.9,1.4,1.1,0.0,-9.9
'Zavalla',3,3,1990,5760.0,15.5,23.8,1.7,3.1,0.0,-9.9
'Zavalla',4,3,1990,12490.0,15.9,26.1,2.1,7.5,17.2,-9.9
'Zavalla',5,3,1990,12490.0,18.0,24.4,2.3,3.1,0.0,-9.9
'Zavalla',6,3,1990,23150.0,13.9,25.7,1.9,2.2,0.0,-9.9
'Zavalla',7,3,1990,11810.0,14.7,28.6,2.5,2.8,0.0,-9.9
'Zavalla',8,3,1990,10220.0,19.4,27.7,2.6,4.4,23.4,-9.9
'Zavalla',9,3,1990,3490.0,20.9,24.7,2.7,3.3,14.4,-9.9
'Zavalla',10,3,1990,16960.0,20.5,27.4,2.5,2.8,2.9,-9.9
'Zavalla',11,3,1990,16200.0,18.2,24.6,2.0,1.7,1.7,-9.9
'Zavalla',12,3,1990,17460.0,17.2,27.6,2.2,1.7,31.7,-9.9
'Zavalla',13,3,1990,11340.0,18.1,26.2,2.4,1.7,0.0,-9.9
'Zavalla',14,3,1990,16780.0,17.7,27.4,2.4,0.8,0.0,-9.9
'Zavalla',15,3,1990,5330.0,16.8,23.1,1.9,5.3,0.0,-9.9
'Zavalla',16,3,1990,5150.0,15.4,22.5,1.7,5.8,6.2,-9.9
'Zavalla',17,3,1990,8530.0,15.1,18.9,1.7,1.7,0.0,-9.9
'Zavalla',18,3,1990,13640.0,13.3,23.4,1.8,2.2,0.0,-9.9
'Zavalla',19,3,1990,17960.0,14.6,24.5,2.1,2.2,0.0,-9.9
'Zavalla',20,3,1990,18610.0,13.5,26.4,2.3,0.8,0.0,-9.9
'Zavalla',21,3,1990,16380.0,15.9,27.9,2.3,1.1,0.0,-9.9
'Zavalla',22,3,1990,19040.0,17.4,26.7,2.3,1.7,10.0,-9.9
'Zavalla',23,3,1990,8890.0,19.0,21.8,2.2,1.9,0.2,-9.9
'Zavalla',24,3,1990,22640.0,14.9,24.6,1.7,4.4,0.0,-9.9
'Zavalla',25,3,1990,19150.0,11.4,24.8,1.6,4.4,0.0,-9.9
'Zavalla',26,3,1990,19400.0,8.6,19.7,1.1,4.4,0.0,-9.9
'Zavalla',27,3,1990,22460.0,2.8,19.6,0.9,1.9,0.0,-9.9
'Zavalla',28,3,1990,22180.0,9.0,22.8,1.4,6.9,0.0,-9.9
'Zavalla',29,3,1990,10760.0,12.5,24.7,2.1,3.1,4.0,-9.9
'Zavalla',30,3,1990,8100.0,14.0,20.6,1.8,8.6,6.5,-9.9
'Zavalla',31,3,1990,21020.0,8.4,24.7,1.3,1.1,0.0,-9.9
'Zavalla',1,4,1990,14870.0,10.4,25.6,2.0,1.7,0.0,-9.9
'Zavalla',2,4,1990,21280.0,14.2,26.1,1.9,1.7,0.0,-9.9
'Zavalla',3,4,1990,15340.0,11.2,25.6,2.0,2.2,2.0,-9.9
'Zavalla',4,4,1990,18040.0,17.6,25.7,2.1,1.7,0.0,-9.9
'Zavalla',5,4,1990,3280.0,16.1,20.9,2.1,3.1,2.5,-9.9
'Zavalla',6,4,1990,14330.0,13.9,22.7,1.8,1.1,0.0,-9.9
'Zavalla',7,4,1990,6840.0,13.7,20.7,2.1,3.3,39.1,-9.9
'Zavalla',8,4,1990,13540.0,15.9,22.1,1.9,0.3,0.0,-9.9
'Zavalla',9,4,1990,16960.0,13.1,27.0,2.1,1.1,0.0,-9.9
'Zavalla',10,4,1990,12100.0,13.7,29.3,2.0,3.9,0.0,2.7
'Zavalla',11,4,1990,14300.0,9.3,20.7,1.5,4.7,0.0,2.0
'Zavalla',12,4,1990, 5300.0,16.9,23.3,2.2,1.4,0.3,1.1
'Zavalla',13,4,1990,13600.0,17.0,27.1,2.3,1.7,0.0,2.3
'Zavalla',14,4,1990,10800.0,17.8,28.8,2.7,3.9,0.1,2.1
'Zavalla',15,4,1990,12100.0,19.3,26.2,2.3,3.1,0.0,2.5
'Zavalla',16,4,1990, 4500.0,17.7,22.5,2.2,9.2,12.0,1.4
'Zavalla',17,4,1990,15600.0,7.8,17.7,0.8,9.7,0.0,4.4
'Zavalla',18,4,1990,14600.0,1.9,17.7,0.9,1.9,0.0,1.5
'Zavalla',19,4,1990,11700.0,6.0,18.2,1.2,3.3,0.0,1.4
'Zavalla',20,4,1990, 9700.0,13.4,21.6,1.5,3.1,0.0,1.9
'Zavalla',21,4,1990, 4500.0,15.6,20.6,1.8,1.7,0.8,1.2
'Zavalla',22,4,1990, 4300.0,13.2,17.9,1.8,4.2,16.0,0.7
'Zavalla',23,4,1990, 4900.0,11.7,17.5,1.7,1.7,0.0,0.7
'Zavalla',24,4,1990,13900.0,10.9,20.7,1.4,3.6,0.0,2.0
'Zavalla',25,4,1990, 4200.0,13.6,16.0,1.7,4.2,13.0,0.7
'Zavalla',26,4,1990,13100.0,10.4,21.4,1.5,3.6,0.0,1.9
'Zavalla',27,4,1990,15600.0,7.9,23.7,1.0,1.7,0.0,1.9
'Zavalla',28,4,1990,14900.0,6.4,25.3,1.1,2.2,0.0,2.0
'Zavalla',29,4,1990,14800.0,6.2,22.2,1.0,4.7,0.0,2.6
'Zavalla',30,4,1990,14300.0,5.0,24.6,1.1,2.2,0.0,1.8
'Zavalla',1,5,1990,14700.0,10.3,24.2,1.3,4.2,0.0,2.5
'Zavalla',2,5,1990,14800.0,11.7,23.0,1.4,3.9,0.0,2.4
'Zavalla',3,5,1990,14000.0,11.0,23.7,1.4,2.8,0.0,2.1
'Zavalla',4,5,1990,13000.0,10.7,23.8,1.5,2.8,0.0,1.9
'Zavalla',5,5,1990,14800.0,9.7,23.2,1.5,2.2,0.0,1.7
'Zavalla',6,5,1990,12800.0,10.4,26.4,1.7,0.8,0.0,1.5
'Zavalla',7,5,1990,13000.0,11.6,21.6,1.3,2.2,0.0,1.8
'Zavalla',8,5,1990,14200.0,9.1,21.9,1.3,4.4,0.0,2.1
'Zavalla',9,5,1990, 3800.0,14.0,23.4,1.9,7.5,0.0,1.4
'Zavalla',10,5,1990,11200.0,10.6,20.3,1.3,3.9,0.0,1.9
'Zavalla',11,5,1990,12300.0,6.7,22.3,1.3,1.1,11.0,1.2
'Zavalla',12,5,1990, 3700.0,10.2,15.5,1.4,4.4,3.5,0.9
'Zavalla',13,5,1990, 3700.0,6.6,13.6,1.3,3.1,10.5,0.5
'Zavalla',14,5,1990, 5900.0,8.4,15.4,1.3,3.1,0.0,0.8
'Zavalla',15,5,1990,13300.0,3.9,18.9,0.9,3.6,0.0,1.6
'Zavalla',16,5,1990, 3600.0,3.2,15.4,1.2,1.9,0.0,0.5
'Zavalla',17,5,1990, 7500.0,6.4,12.5,0.9,9.7,0.0,2.1
'Zavalla',18,5,1990,13000.0,2.9,15.0,0.9,3.1,0.0,1.0
'Zavalla',19,5,1990,12700.0,3.4,16.6,1.0,6.9,0.0,1.2
'Zavalla',20,5,1990,11900.0,4.8,18.4,0.8,4.7,0.0,1.9
'Zavalla',21,5,1990,12900.0,0.2,16.7,0.7,4.4,0.0,1.5
'Zavalla',22,5,1990,12500.0,-0.1,17.3,0.8,4.7,0.0,1.3
'Zavalla',23,5,1990,12500.0,6.4,19.9,1.0,6.7,0.0,2.3
'Zavalla',24,5,1990,10600.0,7.0,21.4,1.1,3.9,0.0,1.6
'Zavalla',25,5,1990,11000.0,8.4,20.3,1.3,5.8,0.0,1.6
'Zavalla',26,5,1990, 3400.0,11.9,20.6,1.7,3.1,0.0,0.8
'Zavalla',27,5,1990, 4200.0,4.5,17.1,0.7,5.6,0.0,2.5
'Zavalla',28,5,1990, 6600.0,-0.2,11.9,0.8,3.6,0.0,0.8
'Zavalla',29,5,1990, 3300.0,5.2,13.4,1.3,5.0,5.8,0.4
'Zavalla',30,5,1990, 5900.0,11.6,16.9,1.4,3.6,10.0,0.9
'Zavalla',31,5,1990, 3900.0,7.8,13.3,1.1,9.2,0.0,1.2
'Zavalla',1,6,1990,12000.0,4.9,18.9,0.9,3.9,0.0,1.4
'Zavalla',2,6,1990,10900.0,7.9,18.9,1.3,1.7,0.5,0.8
'Zavalla',3,6,1990, 3200.0,7.9,14.4,1.5,3.1,0.9,0.4
'Zavalla',4,6,1990, 3200.0,10.3,13.9,1.1,5.8,0.0,1.7
'Zavalla',5,6,1990,11700.0,1.3,15.3,0.8,3.9,0.0,1.0
'Zavalla',6,6,1990,11800.0,5.6,16.9,0.8,3.1,0.0,1.5
'Zavalla',7,6,1990,11800.0,4.2,20.6,0.8,2.8,0.0,1.5
'Zavalla',8,6,1990,11600.0,5.2,20.4,0.9,3.6,0.0,1.6
'Zavalla',9,6,1990,10500.0,0.6,15.7,0.7,1.9,0.0,0.8
'Zavalla',10,6,1990,11900.0,-0.6,11.5,0.6,1.7,0.0,0.6
'Zavalla',11,6,1990,11700.0,0.2,12.8,0.8,3.1,0.0,0.6
'Zavalla',12,6,1990, 5500.0,-0.1,12.1,0.8,0.3,0.0,0.4
'Zavalla',13,6,1990, 9600.0,5.0,14.4,0.9,3.3,0.0,0.8
'Zavalla',14,6,1990, 9500.0,4.9,17.8,0.9,3.3,0.0,1.2
'Zavalla',15,6,1990, 8400.0,-1.0,12.9,0.6,3.1,0.0,0.9
'Zavalla',16,6,1990,11300.0,3.6,19.6,0.9,3.1,0.0,1.2
'Zavalla',17,6,1990,11400.0,8.1,19.7,1.0,5.8,0.0,2.1
'Zavalla',18,6,1990,11600.0,6.3,21.5,1.1,3.1,0.0,1.1
'Zavalla',19,6,1990, 6100.0,3.4,10.4,0.6,4.7,0.0,1.6
'Zavalla',20,6,1990,10400.0,-3.7,11.3,0.6,0.3,0.0,0.4
'Zavalla',21,6,1990, 9300.0,-2.1,11.0,0.7,6.7,0.0,0.8
'Zavalla',22,6,1990, 5200.0,4.4,13.7,0.9,1.4,0.0,0.7
'Zavalla',23,6,1990, 3100.0,3.6,11.4,1.0,3.1,0.0,0.3
'Zavalla',24,6,1990,10200.0,-1.3,17.1,0.8,1.1,0.0,0.5
'Zavalla',25,6,1990,11300.0,0.3,18.4,0.8,3.9,0.0,1.2
'Zavalla',26,6,1990, 9400.0,5.7,16.8,0.9,3.1,0.0,1.1
'Zavalla',27,6,1990,10000.0,0.9,18.4,1.0,0.8,0.0,0.4
'Zavalla',28,6,1990, 9700.0,2.1,18.6,1.1,0.6,0.0,0.4
'Zavalla',29,6,1990, 9400.0,3.9,16.3,1.1,1.7,0.0,0.4
'Zavalla',30,6,1990, 4000.0,2.1,15.4,1.2,4.4,0.0,0.3
'Zavalla',1,7,1990, 3700.0,12.3,16.6,1.4,5.0,0.0,1.0
'Zavalla',2,7,1990, 3100.0,13.4,16.9,1.6,1.7,0.1,0.7
'Zavalla',3,7,1990, 6200.0,9.4,17.0,1.4,3.1,0.0,0.6
'Zavalla',4,7,1990, 7400.0,9.1,14.7,1.1,4.4,0.0,1.1
'Zavalla',5,7,1990, 3100.0,9.6,13.9,1.4,2.5,0.1,0.4
'Zavalla',6,7,1990, 3100.0,12.4,17.6,1.7,1.1,0.1,0.5
'Zavalla',7,7,1990, 3800.0,12.7,18.4,1.6,1.1,0.0,0.7
'Zavalla',8,7,1990, 3200.0,12.5,16.5,1.6,1.7,11.0,0.5
'Zavalla',9,7,1990, 6600.0,5.4,14.1,1.0,3.9,3.5,0.8
'Zavalla',10,7,1990,11700.0,0.7,18.1,0.9,1.7,0.0,0.6
'Zavalla',11,7,1990,11500.0,1.4,18.7,0.9,2.5,0.0,0.8
'Zavalla',12,7,1990,11900.0,5.5,17.9,1.1,3.9,0.0,1.0
'Zavalla',13,7,1990,10000.0,7.1,19.7,1.3,4.7,0.0,1.1
'Zavalla',14,7,1990, 7200.0,8.1,20.2,1.4,3.9,0.0,0.9
'Zavalla',15,7,1990, 4900.0,9.0,20.3,1.4,1.9,5.6,0.8
'Zavalla',16,7,1990, 3300.0,4.9,13.1,1.2,1.7,0.0,0.4
'Zavalla',17,7,1990, 5300.0,9.3,15.0,1.2,7.8,4.0,1.4
'Zavalla',18,7,1990,12000.0,0.0,9.3,0.6,3.9,0.0,0.9
'Zavalla',19,7,1990,12000.0,-3.2,10.1,0.6,1.7,0.0,0.6
'Zavalla',20,7,1990, 8500.0,-1.5,10.4,0.6,0.8,0.0,0.6
'Zavalla',21,7,1990, 6600.0,0.2,8.7,0.6,1.7,0.0,0.8
'Zavalla',22,7,1990,12300.0,-3.3,10.1,0.6,4.4,0.0,0.8
'Zavalla',23,7,1990,11800.0,-0.2,11.5,0.6,2.8,0.0,1.0
'Zavalla',24,7,1990,12400.0,-2.9,14.8,0.8,3.1,0.0,0.8
'Zavalla',25,7,1990,13200.0,1.4,15.6,0.8,3.9,0.0,1.2
'Zavalla',26,7,1990,12700.0,2.9,15.2,0.5,6.7,0.0,3.0
'Zavalla',27,7,1990,13400.0,1.9,12.7,0.5,4.7,0.0,2.1
'Zavalla',28,7,1990,13200.0,-3.6,17.5,0.6,3.3,0.0,1.4
'Zavalla',29,7,1990,12900.0,0.4,12.4,0.7,4.4,0.0,1.2
'Zavalla',30,7,1990,12300.0,-1.6,12.4,0.7,3.1,0.0,0.9
'Zavalla',31,7,1990,12500.0,-0.5,14.8,0.7,4.4,0.0,1.5
'Zavalla',1,8,1990,12200.0,3.9,17.5,0.8,4.4,0.0,1.8
'Zavalla',2,8,1990,11600.0,5.0,20.7,1.0,1.7,0.0,1.4
'Zavalla',3,8,1990,12900.0,2.5,23.0,1.0,1.4,0.0,1.2
'Zavalla',4,8,1990,12300.0,4.2,22.6,1.1,1.4,0.0,1.2
'Zavalla',5,8,1990, 9600.0,10.6,24.1,1.6,3.3,0.0,1.6
'Zavalla',6,8,1990, 9700.0,14.9,24.4,1.6,5.3,0.0,2.6
'Zavalla',7,8,1990, 7000.0,16.7,29.1,1.6,7.5,0.0,4.3
'Zavalla',8,8,1990, 5000.0,9.4,19.9,1.2,2.2,9.0,1.4
'Zavalla',9,8,1990, 9200.0,10.9,17.6,1.5,5.0,0.0,1.1
'Zavalla',10,8,1990,13100.0,12.4,26.2,1.8,3.1,0.0,2.0
'Zavalla',11,8,1990,12000.0,13.6,27.8,1.7,1.9,0.0,2.1
'Zavalla',12,8,1990,13000.0,13.8,26.9,1.8,2.8,0.0,2.2
'Zavalla',13,8,1990,12700.0,15.4,28.4,1.8,4.4,0.0,3.1
'Zavalla',14,8,1990,12300.0,10.0,21.6,1.3,5.3,0.0,2.3
'Zavalla',15,8,1990,15600.0,5.1,20.9,1.0,1.1,0.0,1.5
'Zavalla',16,8,1990,15700.0,5.7,24.9,1.0,1.9,0.0,2.1
'Zavalla',17,8,1990,15700.0,3.2,24.0,1.1,1.4,0.0,1.7
'Zavalla',18,8,1990,14800.0,8.6,20.9,1.2,1.7,0.0,1.8
'Zavalla',19,8,1990,14700.0,4.4,22.9,1.0,1.7,0.0,1.8
'Zavalla',20,8,1990,13600.0,4.0,25.2,1.2,1.7,0.0,1.7
'Zavalla',21,8,1990,12300.0,8.0,23.7,1.2,2.5,0.0,2.1
'Zavalla',22,8,1990,14600.0,8.4,18.0,1.1,4.4,0.0,2.2
'Zavalla',23,8,1990,13600.0,7.0,16.4,1.1,5.3,0.0,1.9
'Zavalla',24,8,1990, 7900.0,6.6,17.6,1.0,1.7,0.0,1.4
'Zavalla',25,8,1990,15400.0,3.6,23.7,1.4,1.1,0.0,1.6
'Zavalla',26,8,1990,12200.0,7.0,25.6,1.7,1.1,17.0,1.5
'Zavalla',27,8,1990,15000.0,8.5,17.1,0.9,4.2,0.0,2.7
'Zavalla',28,8,1990,16500.0,-2.4,11.7,0.6,1.1,0.0,1.2
'Zavalla',29,8,1990,16100.0,1.1,16.3,0.9,7.5,0.0,2.1
'Zavalla',30,8,1990,16200.0,5.9,19.1,1.0,5.3,0.0,2.6
'Zavalla',31,8,1990, 5500.0,4.4,11.9,0.7,6.9,0.0,2.7
'Zavalla',1,9,1990,16800.0,-3.4,12.7,0.6,2.5,0.0,1.6
'Zavalla',2,9,1990,17200.0,-2.5,13.5,0.7,3.3,0.0,1.7
'Zavalla',3,9,1990,15700.0,-1.3,16.3,0.9,3.1,0.0,1.5
'Zavalla',4,9,1990,12600.0,9.3,18.7,1.2,5.0,0.0,2.5
'Zavalla',5,9,1990, 5000.0,10.5,17.1,1.4,7.5,1.7,1.4
'Zavalla',6,9,1990, 5000.0,12.7,16.8,1.6,4.2,6.0,1.2
'Zavalla',7,9,1990, 5600.0,10.9,15.4,1.3,6.7,0.0,1.5
'Zavalla',8,9,1990,11800.0,7.0,22.4,1.3,1.9,0.0,1.9
'Zavalla',9,9,1990,12600.0,6.8,24.4,1.3,5.8,0.0,2.9
'Zavalla',10,9,1990,12300.0,14.2,29.1,1.5,5.8,0.0,4.4
'Zavalla',11,9,1990,11900.0,9.1,18.2,0.8,6.7,0.0,3.9
'Zavalla',12,9,1990,17500.0,3.6,14.2,0.7,6.1,0.0,3.0
'Zavalla',13,9,1990,18600.0,-2.1,15.4,0.8,2.5,0.0,1.8
'Zavalla',14,9,1990,18800.0,2.1,17.1,0.8,5.8,0.0,3.0
'Zavalla',15,9,1990,17300.0,4.9,19.7,0.8,7.2,0.0,4.0
'Zavalla',16,9,1990,17800.0,3.9,22.5,1.0,4.4,0.0,3.0
'Zavalla',17,9,1990, 5500.0,8.0,14.9,1.2,5.3,5.0,1.5
'Zavalla',18,9,1990, 6500.0,10.5,14.9,1.4,3.1,0.0,1.1
'Zavalla',19,9,1990, 5600.0,7.6,13.1,1.2,4.4,0.0,0.9
'Zavalla',20,9,1990,17100.0,10.5,19.4,1.5,4.4,0.0,2.6
'Zavalla',21,9,1990, 6800.0,12.6,18.6,1.5,3.6,0.0,1.7
'Zavalla',22,9,1990,16000.0,3.4,17.1,0.7,6.7,0.0,3.7
'Zavalla',23,9,1990,20100.0,2.2,14.7,0.7,5.6,0.0,3.2
'Zavalla',24,9,1990,21200.0,-3.1,18.0,0.7,1.7,0.0,2.3
'Zavalla',25,9,1990,21100.0,4.5,20.7,0.9,4.4,0.0,3.5
'Zavalla',26,9,1990,20000.0,5.5,23.3,1.0,4.4,0.0,3.7
'Zavalla',27,9,1990,18800.0,9.1,27.1,1.4,3.1,0.0,3.5
'Zavalla',28,9,1990,13200.0,12.5,26.1,1.4,3.6,0.0,3.5
'Zavalla',29,9,1990,19900.0,5.7,25.8,1.4,1.1,0.0,2.8
'Zavalla',30,9,1990,20600.0,11.1,29.6,1.4,4.4,0.0,4.7
'Zavalla',1,10,1990,17600.0,14.2,31.8,1.3,5.8,0.0,5.9
'Zavalla',2,10,1990,19300.0,5.9,24.6,1.2,5.8,0.0,3.8
'Zavalla',3,10,1990,16800.0,15.0,29.6,2.1,5.3,2.5,4.0
'Zavalla',4,10,1990, 6200.0,14.8,23.5,1.8,6.9,58.5,2.5
'Zavalla',5,10,1990, 7600.0,15.3,22.2,1.9,5.8,0.3,2.0
'Zavalla',6,10,1990, 6300.0,12.8,17.9,1.7,6.7,38.0,1.3
'Zavalla',7,10,1990,12000.0,13.9,20.1,1.7,6.7,8.0,2.7
'Zavalla',8,10,1990,22000.0,11.2,22.2,1.6,4.7,0.0,3.7
'Zavalla',9,10,1990,24900.0,11.6,24.1,1.7,3.1,0.0,3.9
'Zavalla',10,10,1990,24200.0,13.6,25.8,2.0,6.7,0.0,4.4
'Zavalla',11,10,1990,11300.0,12.3,21.2,1.5,7.8,38.5,3.1
'Zavalla',12,10,1990,25300.0,5.8,20.4,1.0,6.4,0.0,4.4
'Zavalla',13,10,1990,23200.0,4.9,21.5,1.2,3.1,0.0,3.3
'Zavalla',14,10,1990,23700.0,7.1,23.3,1.3,4.7,0.0,4.1
'Zavalla',15,10,1990,25500.0,6.9,20.2,1.2,2.8,0.0,3.7
'Zavalla',16,10,1990,24200.0,13.1,21.1,0.9,6.7,0.0,6.2
'Zavalla',17,10,1990,21700.0,10.1,23.5,1.6,3.9,0.0,3.7
'Zavalla',18,10,1990,14300.0,14.8,25.1,2.0,2.8,33.7,3.0
'Zavalla',19,10,1990,22300.0,11.9,26.6,1.9,0.6,0.0,3.6
'Zavalla',20,10,1990,22400.0,13.4,26.7,2.0,0.8,0.0,3.8
'Zavalla',21,10,1990,25600.0,14.7,26.6,1.9,2.2,0.0,4.6
'Zavalla',22,10,1990,19800.0,14.6,27.4,1.8,3.1,0.0,4.3
'Zavalla',23,10,1990,12300.0,13.4,22.7,1.6,7.5,0.0,3.7
'Zavalla',24,10,1990,19800.0,8.2,20.6,1.5,4.4,0.0,3.0
'Zavalla',25,10,1990,15000.0,11.2,23.3,2.0,1.7,0.2,2.4
'Zavalla',26,10,1990,25300.0,13.4,28.2,2.1,1.9,0.0,4.5
'Zavalla',27,10,1990,12600.0,18.4,26.8,2.5,5.0,12.5,3.0
'Zavalla',28,10,1990, 9600.0,18.8,23.4,2.2,5.0,0.0,2.4
'Zavalla',29,10,1990,10800.0,17.3,24.8,2.1,3.1,1.5,2.7
'Zavalla',30,10,1990,19900.0,12.5,25.8,2.1,3.1,0.0,3.5
'Zavalla',31,10,1990,26000.0,16.9,26.1,1.9,3.6,0.0,5.3
'Zavalla',1,11,1990,23800.0,11.3,25.6,1.7,1.7,0.0,4.1
'Zavalla',2,11,1990,17900.0,15.5,28.3,2.6,7.5,10.0,3.3
'Zavalla',3,11,1990,19900.0,17.6,26.4,2.2,5.3,0.0,4.4
'Zavalla',4,11,1990,27000.0,12.1,20.7,0.8,6.9,0.0,6.9
'Zavalla',5,11,1990,27000.0,3.0,19.4,0.9,2.5,0.0,3.9
'Zavalla',6,11,1990,25900.0,8.4,23.0,1.4,2.8,0.0,4.2
'Zavalla',7,11,1990,17300.0,10.4,23.3,1.5,4.7,0.0,3.7
'Zavalla',8,11,1990,21500.0,9.7,24.2,1.3,4.2,0.0,4.5
'Zavalla',9,11,1990,26200.0,9.1,26.1,1.6,3.3,0.0,4.6
'Zavalla',10,11,1990,21600.0,15.4,29.4,2.1,5.0,8.5,5.0
'Zavalla',11,11,1990,26100.0,10.1,23.6,1.2,3.9,0.0,5.2
'Zavalla',12,11,1990,10600.0,14.2,26.4,2.3,7.5,0.0,2.1
'Zavalla',13,11,1990,16200.0,20.8,28.7,2.6,5.0,0.0,4.2
'Zavalla',14,11,1990,22700.0,18.7,30.9,2.2,4.2,10.0,5.7
'Zavalla',15,11,1990,18100.0,20.4,29.2,2.4,1.9,0.0,4.3
'Zavalla',16,11,1990,25500.0,16.7,25.8,2.0,4.4,0.0,5.2
'Zavalla',17,11,1990,28700.0,14.2,28.4,2.0,4.7,0.0,5.9
'Zavalla',18,11,1990,26900.0,18.6,31.8,2.7,3.9,0.0,6.0
'Zavalla',19,11,1990,13700.0,20.9,32.5,2.8,9.7,138.0,5.0
'Zavalla',20,11,1990,24900.0,18.9,28.1,2.3,4.7,0.0,5.6
'Zavalla',21,11,1990,28200.0,16.8,30.9,2.3,1.7,0.0,5.7
'Zavalla',22,11,1990,29000.0,19.4,30.9,1.9,3.9,0.0,7.0
'Zavalla',23,11,1990,28000.0,18.9,28.8,1.9,3.9,0.2,6.5
'Zavalla',24,11,1990,24600.0,19.9,30.4,2.4,3.9,0.0,5.8
'Zavalla',25,11,1990,25600.0,21.3,32.8,3.0,3.9,15.5,6.2
'Zavalla',26,11,1990,27400.0,18.3,28.5,1.5,7.5,0.0,8.3
'Zavalla',27,11,1990,28100.0,10.8,25.0,1.4,1.7,0.0,4.9
'Zavalla',28,11,1990,27200.0,14.6,26.8,1.7,5.3,0.0,6.1
'Zavalla',29,11,1990,28200.0,14.4,27.9,1.8,6.7,6.9,6.4
'Zavalla',30,11,1990,27500.0,14.7,23.2,1.4,5.6,0.0,6.1
'Zavalla',1,12,1990,21200.0,11.6,24.6,1.8,4.4,0.0,3.9
'Zavalla',2,12,1990,21900.0,19.1,26.9,1.4,6.9,0.0,7.4
'Zavalla',3,12,1990,25800.0,7.1,25.9,1.2,4.7,0.0,5.4
'Zavalla',4,12,1990,27600.0,15.4,27.9,1.7,6.7,0.0,7.0
'Zavalla',5,12,1990,18200.0,16.6,31.0,2.6,3.6,21.0,4.0
'Zavalla',6,12,1990,18300.0,18.1,25.7,2.1,4.2,0.0,4.3
'Zavalla',7,12,1990,24900.0,14.6,26.6,1.9,1.7,0.0,4.7
'Zavalla',8,12,1990,22300.0,17.1,27.9,2.0,6.7,2.0,5.8
'Zavalla',9,12,1990, 8000.0,17.0,23.7,2.0,7.8,65.3,2.8
'Zavalla',10,12,1990,20100.0,16.4,26.3,2.1,3.9,0.0,4.3
'Zavalla',11,12,1990,24600.0,16.4,25.6,1.7,2.2,4.9,5.1
'Zavalla',12,12,1990,10800.0,15.4,19.3,1.7,3.9,15.4,2.5
'Zavalla',13,12,1990,22100.0,14.0,25.0,1.6,5.3,0.0,5.3
'Zavalla',14,12,1990,30300.0,10.2,26.1,1.4,2.8,0.0,5.6
'Zavalla',15,12,1990,28400.0,14.4,29.5,1.8,3.1,0.0,6.0
'Zavalla',16,12,1990,23000.0,15.8,30.1,2.2,5.3,0.0,5.5
'Zavalla',17,12,1990,14500.0,19.4,28.0,2.3,6.7,1.9,4.5
'Zavalla',18,12,1990,30400.0,15.1,26.7,1.7,6.4,0.0,6.9
'Zavalla',19,12,1990,28400.0,13.1,27.8,1.9,3.9,0.0,5.6
'Zavalla',20,12,1990,29200.0,15.7,29.8,2.1,3.9,0.0,6.2
'Zavalla',21,12,1990,15400.0,20.0,30.7,2.5,8.9,37.5,5.4
'Zavalla',22,12,1990,10900.0,21.1,25.3,2.5,1.9,4.5,2.6
'Zavalla',23,12,1990,10400.0,18.7,25.0,2.6,5.0,59.3,2.1
'Zavalla',24,12,1990,29200.0,18.8,26.7,2.3,3.6,0.0,6.0
'Zavalla',25,12,1990,29900.0,19.2,27.3,2.3,5.8,0.0,6.7
'Zavalla',26,12,1990,28900.0,19.7,31.4,2.6,5.3,29.5,6.8
'Zavalla',27,12,1990, 8100.0,19.7,27.3,2.3,5.8,0.6,3.3
'Zavalla',28,12,1990,27800.0,13.8,20.9,1.4,5.6,0.0,5.8
'Zavalla',29,12,1990,27500.0,11.9,23.6,1.5,4.7,0.0,5.5
'Zavalla',30,12,1990,30400.0,14.5,27.5,1.7,3.9,0.0,6.3
'Zavalla',31,12,1990,31600.0,17.3,31.3,2.7,4.7,13.5,6.7
