* Source of data    : Zavalla local weather station 
* File content      : Meteo input file for Swap 3.2 (www.swap.alterra.nl) 
* File generated at :  Mon Oct 03 22:18:27 2016 
station,DD,MM,YYYY,Rad,Tmin,Tmax,Hum,Wind,Rain,ETref 
'Zavalla',1,1,2008,29800.0,23.4,35.7,2.9,2.40,0.0,-9.9
'Zavalla',2,1,2008,19600.0,21.4,34.7,2.8,1.90,3.2,-9.9
'Zavalla',3,1,2008,29500.0,21.0,36.1,2.7,3.20,0.0,-9.9
'Zavalla',4,1,2008,26500.0,14.6,29.0,1.9,3.00,0.0,-9.9
'Zavalla',5,1,2008,29400.0,15.3,33.0,2.3,1.90,0.0,-9.9
'Zavalla',6,1,2008,29400.0,18.8,35.3,2.5,2.70,34.9,-9.9
'Zavalla',7,1,2008,25900.0,20.4,34.5,2.7,2.40,0.0,-9.9
'Zavalla',8,1,2008,18300.0,22.5,33.0,3.0,2.20,0.0,-9.9
'Zavalla',9,1,2008,16600.0,22.5,35.7,2.7,2.50,9.2,-9.9
'Zavalla',10,1,2008,15600.0,16.4,28.3,1.8,4.00,0.0,-9.9
'Zavalla',11,1,2008,30200.0,12.0,25.1,1.3,2.80,0.0,-9.9
'Zavalla',12,1,2008,30300.0,8.2,29.3,1.6,2.20,0.0,-9.9
'Zavalla',13,1,2008,29800.0,12.8,30.9,2.0,2.60,0.0,-9.9
'Zavalla',14,1,2008,29500.0,16.7,35.4,2.8,1.90,0.0,-9.9
'Zavalla',15,1,2008,26300.0,22.4,37.1,3.1,1.80,27.1,-9.9
'Zavalla',16,1,2008,20900.0,17.3,30.9,1.8,2.90,0.0,-9.9
'Zavalla',17,1,2008,29800.0,13.6,27.5,1.9,2.00,1.5,-9.9
'Zavalla',18,1,2008,20900.0,18.4,28.9,2.3,1.50,0.0,-9.9
'Zavalla',19,1,2008,23900.0,18.1,28.0,1.9,2.60,0.0,-9.9
'Zavalla',20,1,2008,30300.0,12.9,29.4,1.7,2.80,0.0,-9.9
'Zavalla',21,1,2008,25700.0,15.2,30.3,1.8,3.30,0.0,-9.9
'Zavalla',22,1,2008,30200.0,17.5,27.1,1.8,2.00,0.0,-9.9
'Zavalla',23,1,2008,29200.0,17.9,30.5,2.3,2.50,0.0,-9.9
'Zavalla',24,1,2008,25300.0,16.5,32.5,2.4,2.40,0.0,-9.9
'Zavalla',25,1,2008,11700.0,18.8,29.7,2.5,2.40,8.8,-9.9
'Zavalla',26,1,2008, 7700.0,20.8,23.5,2.2,2.70,5.7,-9.9
'Zavalla',27,1,2008,19900.0,18.9,28.1,2.4,2.40,0.0,-9.9
'Zavalla',28,1,2008,22400.0,18.6,29.7,2.5,1.40,14.3,-9.9
'Zavalla',29,1,2008,26600.0,18.6,29.3,2.4,2.50,0.0,-9.9
'Zavalla',30,1,2008,20900.0,17.6,28.1,2.4,2.80,0.0,-9.9
'Zavalla',31,1,2008,15700.0,18.6,26.9,2.5,2.00,0.0,-9.9
'Zavalla',1,2,2008,14700.0,19.9,28.9,2.5,1.40,0.0,-9.9
'Zavalla',2,2,2008,28200.0,17.1,31.1,2.4,2.60,4.6,-9.9
'Zavalla',3,2,2008,28300.0,15.3,28.6,1.9,2.00,0.0,-9.9
'Zavalla',4,2,2008,27800.0,16.8,30.8,2.0,2.50,0.0,-9.9
'Zavalla',5,2,2008,28100.0,16.9,32.8,2.1,2.40,0.0,-9.9
'Zavalla',6,2,2008,28500.0,14.7,33.7,2.2,2.50,0.0,-9.9
'Zavalla',7,2,2008,13200.0,18.7,32.5,2.4,3.40,4.9,-9.9
'Zavalla',8,2,2008,12100.0,20.3,26.2,2.3,2.90,0.0,-9.9
'Zavalla',9,2,2008,16900.0,15.7,24.9,1.8,2.90,0.0,-9.9
'Zavalla',10,2,2008,26400.0,14.6,24.6,1.7,3.50,0.0,-9.9
'Zavalla',11,2,2008,26500.0,10.7,24.1,1.6,2.40,0.0,-9.9
'Zavalla',12,2,2008,27700.0,8.3,27.5,1.6,1.50,0.0,-9.9
'Zavalla',13,2,2008,27800.0,12.4,30.3,1.9,2.20,0.0,-9.9
'Zavalla',14,2,2008,26600.0,16.8,33.8,2.0,2.70,0.0,-9.9
'Zavalla',15,2,2008,26700.0,16.5,33.9,2.4,1.70,0.0,-9.9
'Zavalla',16,2,2008,24800.0,16.1,34.2,2.5,1.70,0.0,-9.9
'Zavalla',17,2,2008,27100.0,19.4,36.2,2.5,2.40,0.0,-9.9
'Zavalla',18,2,2008, 7000.0,22.5,26.2,2.6,2.40,5.3,-9.9
'Zavalla',19,2,2008,23200.0,19.9,32.7,2.5,1.50,0.0,-9.9
'Zavalla',20,2,2008,20500.0,18.8,33.8,2.6,1.20,0.0,-9.9
'Zavalla',21,2,2008,14500.0,20.1,33.0,2.3,1.30,10.4,-9.9
'Zavalla',22,2,2008,16300.0,19.1,25.2,2.2,1.90,24.8,-9.9
'Zavalla',23,2,2008,24000.0,18.7,29.0,2.5,1.30,0.0,-9.9
'Zavalla',24,2,2008,19900.0,18.0,28.8,2.4,1.90,11.2,-9.9
'Zavalla',25,2,2008,22900.0,18.8,29.0,2.5,1.90,0.0,-9.9
'Zavalla',26,2,2008,25400.0,18.7,30.7,2.6,1.80,0.0,-9.9
'Zavalla',27,2,2008,13400.0,18.8,26.9,2.5,1.80,4.5,-9.9
'Zavalla',28,2,2008,16200.0,20.8,25.7,2.5,2.90,10.2,-9.9
'Zavalla',29,2,2008,14500.0,18.9,27.1,2.4,3.40,1.5,-9.9
'Zavalla',1,3,2008, 6600.0,19.8,23.7,2.3,4.60,0.3,-9.9
'Zavalla',2,3,2008,12300.0,19.4,24.7,2.3,4.70,3.2,-9.9
'Zavalla',3,3,2008,15000.0,18.7,25.9,2.2,4.20,0.0,-9.9
'Zavalla',4,3,2008,20600.0,16.2,26.1,2.1,3.40,0.0,-9.9
'Zavalla',5,3,2008,24200.0,14.3,28.1,1.8,3.40,0.0,-9.9
'Zavalla',6,3,2008,23500.0,14.1,28.7,1.9,2.90,0.0,-9.9
'Zavalla',7,3,2008,24300.0,12.9,27.4,1.8,1.90,0.0,-9.9
'Zavalla',8,3,2008, 9700.0,15.7,25.5,2.4,1.70,3.0,-9.9
'Zavalla',9,3,2008,11400.0,16.1,27.0,2.3,1.80,0.4,-9.9
'Zavalla',10,3,2008,18900.0,14.6,23.5,1.6,3.00,0.0,-9.9
'Zavalla',11,3,2008,22300.0,9.0,24.4,1.6,2.00,0.0,-9.9
'Zavalla',12,3,2008,22100.0,8.6,25.4,1.6,1.70,0.0,-9.9
'Zavalla',13,3,2008,21800.0,9.3,26.7,1.6,1.90,0.0,-9.9
'Zavalla',14,3,2008,21300.0,11.0,27.3,1.8,2.20,0.0,-9.9
'Zavalla',15,3,2008,21300.0,10.7,29.2,1.9,3.10,0.0,-9.9
'Zavalla',16,3,2008,21100.0,15.3,30.8,1.9,2.70,0.0,-9.9
'Zavalla',17,3,2008,17600.0,15.9,32.6,1.9,1.70,0.0,-9.9
'Zavalla',18,3,2008,19800.0,15.9,32.6,2.2,2.40,0.0,-9.9
'Zavalla',19,3,2008,17100.0,19.9,33.7,2.1,2.40,6.4,-9.9
'Zavalla',20,3,2008,20500.0,15.6,31.6,2.4,2.20,0.0,-9.9
'Zavalla',21,3,2008,20000.0,17.9,34.7,2.4,2.70,10.5,-9.9
'Zavalla',22,3,2008, 5700.0,12.6,25.1,1.5,3.40,0.0,-9.9
'Zavalla',23,3,2008,20000.0,7.5,25.3,1.6,1.40,0.0,-9.9
'Zavalla',24,3,2008,20900.0,12.6,29.8,2.0,2.00,0.0,-9.9
'Zavalla',25,3,2008,15700.0,18.5,31.1,2.2,2.90,0.0,-9.9
'Zavalla',26,3,2008,16400.0,18.3,32.1,2.1,1.90,25.3,-9.9
'Zavalla',27,3,2008,14400.0,19.2,27.0,2.1,3.50,0.0,-9.9
'Zavalla',28,3,2008,19600.0,15.1,24.1,2.0,3.00,2.5,-9.9
'Zavalla',29,3,2008,13900.0,14.9,26.8,2.2,2.90,0.0,-9.9
'Zavalla',30,3,2008,12800.0,16.5,26.6,1.8,2.60,0.0,-9.9
'Zavalla',31,3,2008,14400.0,14.6,27.0,1.8,1.90,0.0,-9.9
'Zavalla',1,4,2008,18300.0,13.0,27.5,1.7,2.70,5.4,-9.9
'Zavalla',2,4,2008, 5600.0,11.8,23.4,1.4,2.40,0.0,-9.9
'Zavalla',3,4,2008,18500.0,8.5,25.2,1.3,1.10,0.0,-9.9
'Zavalla',4,4,2008,19200.0,10.0,27.5,1.5,1.90,0.0,-9.9
'Zavalla',5,4,2008,19200.0,11.7,29.4,1.7,2.60,0.0,-9.9
'Zavalla',6,4,2008,17100.0,15.4,32.3,1.8,2.40,0.0,-9.9
'Zavalla',7,4,2008,16800.0,11.2,30.3,1.6,2.20,0.0,-9.9
'Zavalla',8,4,2008,16500.0,8.6,28.1,1.5,1.70,0.0,-9.9
'Zavalla',9,4,2008, 8000.0,10.0,29.2,1.8,2.30,0.0,-9.9
'Zavalla',10,4,2008,18400.0,14.4,29.1,2.0,2.20,0.0,-9.9
'Zavalla',11,4,2008,15500.0,15.1,29.0,1.8,3.50,0.0,-9.9
'Zavalla',12,4,2008,10700.0,7.1,17.9,0.9,2.30,0.0,-9.9
'Zavalla',13,4,2008, 8400.0,7.9,16.7,1.0,4.00,0.0,-9.9
'Zavalla',14,4,2008,16500.0,-0.3,17.2,0.6,2.10,0.0,-9.9
'Zavalla',15,4,2008,17300.0,-0.2,20.7,0.9,2.10,0.0,-9.9
'Zavalla',16,4,2008,15800.0,3.3,25.1,1.1,2.70,0.0,-9.9
'Zavalla',17,4,2008,17300.0,5.6,29.3,1.4,1.90,0.0,-9.9
'Zavalla',18,4,2008,16800.0,10.9,29.5,1.6,2.50,0.0,-9.9
'Zavalla',19,4,2008,13700.0,9.2,29.5,1.8,1.60,0.0,-9.9
'Zavalla',20,4,2008,13300.0,12.2,30.1,2.0,2.20,0.0,-9.9
'Zavalla',21,4,2008,16000.0,15.8,30.4,1.7,2.40,0.0,-9.9
'Zavalla',22,4,2008,16100.0,10.7,30.4,1.8,1.70,0.0,-9.9
'Zavalla',23,4,2008,13700.0,11.8,30.4,1.8,1.70,0.0,-9.9
'Zavalla',24,4,2008,15700.0,15.1,33.6,2.0,1.90,0.0,-9.9
'Zavalla',25,4,2008,13600.0,14.1,28.9,1.7,2.20,2.0,-9.9
'Zavalla',26,4,2008, 4200.0,13.4,23.7,1.8,1.90,0.0,-9.9
'Zavalla',27,4,2008, 4100.0,12.5,18.8,1.8,1.80,19.3,-9.9
'Zavalla',28,4,2008,10200.0,8.6,18.7,1.4,4.00,0.0,-9.9
'Zavalla',29,4,2008,14800.0,1.8,15.8,0.8,2.70,0.0,-9.9
'Zavalla',30,4,2008,15100.0,1.5,17.4,0.9,1.10,0.0,-9.9
'Zavalla',1,5,2008, 4000.0,7.2,17.4,1.1,0.90,0.0,-9.9
'Zavalla',2,5,2008,14300.0,4.8,19.4,1.0,2.00,0.0,-9.9
'Zavalla',3,5,2008,10200.0,3.2,19.7,1.3,1.90,0.0,-9.9
'Zavalla',4,5,2008,14000.0,6.0,20.6,1.1,1.70,0.0,-9.9
'Zavalla',5,5,2008,14000.0,3.5,22.2,1.2,2.00,0.0,-9.9
'Zavalla',6,5,2008,14200.0,9.4,24.8,1.3,2.40,0.0,-9.9
'Zavalla',7,5,2008,14100.0,8.9,20.6,1.0,2.40,0.0,-9.9
'Zavalla',8,5,2008,14300.0,2.3,19.9,1.0,1.20,0.0,-9.9
'Zavalla',9,5,2008,13700.0,1.7,20.4,0.8,1.90,0.0,-9.9
'Zavalla',10,5,2008,10400.0,3.3,21.3,0.8,1.70,0.0,-9.9
'Zavalla',11,5,2008,12800.0,5.4,21.3,0.9,1.80,0.0,-9.9
'Zavalla',12,5,2008,13400.0,4.8,23.3,1.0,1.70,0.0,-9.9
'Zavalla',13,5,2008,12600.0,4.6,24.2,0.9,1.90,0.0,-9.9
'Zavalla',14,5,2008,13300.0,9.5,25.6,1.2,2.70,0.0,-9.9
'Zavalla',15,5,2008,12900.0,11.3,27.4,1.3,2.40,0.0,-9.9
'Zavalla',16,5,2008,13000.0,14.0,27.5,1.5,2.80,0.0,-9.9
'Zavalla',17,5,2008,10500.0,16.7,29.1,1.9,3.50,0.0,-9.9
'Zavalla',18,5,2008,11500.0,19.7,29.9,2.1,2.60,0.0,-9.9
'Zavalla',19,5,2008, 8900.0,18.6,30.9,2.3,2.40,0.0,-9.9
'Zavalla',20,5,2008,12500.0,17.5,30.8,2.3,1.60,0.0,-9.9
'Zavalla',21,5,2008,12200.0,16.0,31.1,1.9,2.10,0.0,-9.9
'Zavalla',22,5,2008, 9100.0,15.8,26.9,1.8,2.80,0.0,-9.9
'Zavalla',23,5,2008, 9300.0,16.3,29.8,1.6,4.20,0.0,-9.9
'Zavalla',24,5,2008,12500.0,5.5,18.3,0.7,3.00,0.0,-9.9
'Zavalla',25,5,2008,10500.0,-0.7,17.4,0.8,1.60,0.0,-9.9
'Zavalla',26,5,2008,12000.0,8.9,19.4,1.1,1.50,0.0,-9.9
'Zavalla',27,5,2008,12200.0,11.1,18.9,1.2,2.70,0.0,-9.9
'Zavalla',28,5,2008, 3300.0,5.7,13.4,0.6,4.50,0.0,-9.9
'Zavalla',29,5,2008, 5700.0,-2.4,10.1,0.4,2.90,0.0,-9.9
'Zavalla',30,5,2008,12600.0,-5.6,12.6,0.5,1.60,0.0,-9.9
'Zavalla',31,5,2008,11100.0,-3.9,14.1,0.5,1.90,0.0,-9.9
'Zavalla',1,6,2008, 9400.0,-1.5,15.1,0.6,1.80,0.0,-9.9
'Zavalla',2,6,2008, 3200.0,1.9,14.2,0.9,1.80,0.0,-9.9
'Zavalla',3,6,2008, 3200.0,2.3,18.3,1.1,2.00,0.0,-9.9
'Zavalla',4,6,2008, 3200.0,10.3,16.7,1.4,2.20,0.0,-9.9
'Zavalla',5,6,2008, 9600.0,10.9,20.9,1.3,2.10,0.0,-9.9
'Zavalla',6,6,2008,12000.0,4.9,21.1,0.8,2.00,0.0,-9.9
'Zavalla',7,6,2008, 3100.0,3.3,19.5,1.0,1.50,0.0,-9.9
'Zavalla',8,6,2008, 9200.0,4.2,20.3,0.9,2.40,0.0,-9.9
'Zavalla',9,6,2008,10200.0,4.0,14.4,0.8,3.80,0.0,-9.9
'Zavalla',10,6,2008,11500.0,-0.3,18.1,0.7,2.40,0.0,-9.9
'Zavalla',11,6,2008,12000.0,3.3,20.9,0.9,2.60,0.0,-9.9
'Zavalla',12,6,2008,11800.0,-0.1,20.7,0.7,1.60,0.0,-9.9
'Zavalla',13,6,2008,11400.0,-1.4,23.1,0.9,3.00,0.0,-9.9
'Zavalla',14,6,2008, 9600.0,3.4,16.1,0.6,4.70,0.0,-9.9
'Zavalla',15,6,2008,11200.0,1.7,12.9,0.6,3.00,0.0,-9.9
'Zavalla',16,6,2008,11600.0,-3.5,17.6,0.6,3.20,0.0,-9.9
'Zavalla',17,6,2008,11300.0,3.2,20.5,0.8,2.20,0.0,-9.9
'Zavalla',18,6,2008, 4700.0,-0.2,15.6,0.8,2.30,0.7,-9.9
'Zavalla',19,6,2008, 3200.0,8.5,12.3,1.1,3.50,1.0,-9.9
'Zavalla',20,6,2008, 3500.0,5.9,9.1,0.9,4.60,0.0,-9.9
'Zavalla',21,6,2008, 3100.0,5.7,10.2,1.0,2.30,0.0,-9.9
'Zavalla',22,6,2008, 5900.0,4.8,14.2,0.9,1.30,0.0,-9.9
'Zavalla',23,6,2008, 3100.0,5.2,12.4,0.9,1.70,0.0,-9.9
'Zavalla',24,6,2008, 7800.0,-0.9,14.5,0.8,1.80,0.0,-9.9
'Zavalla',25,6,2008, 8800.0,2.0,17.6,1.1,1.70,0.0,-9.9
'Zavalla',26,6,2008, 7900.0,5.2,17.7,1.1,1.80,0.0,-9.9
'Zavalla',27,6,2008, 9900.0,1.1,20.1,1.0,1.70,0.0,-9.9
'Zavalla',28,6,2008,11500.0,1.1,20.9,1.0,2.10,0.0,-9.9
'Zavalla',29,6,2008, 3100.0,2.2,17.1,1.1,2.60,0.0,-9.9
'Zavalla',30,6,2008, 7400.0,6.0,19.7,1.2,2.50,0.0,-9.9
'Zavalla',1,7,2008, 7500.0,6.5,20.3,1.3,2.40,0.0,-9.9
'Zavalla',2,7,2008, 4300.0,11.1,16.3,1.3,2.10,0.0,-9.9
'Zavalla',3,7,2008, 3300.0,4.4,13.7,1.2,1.70,0.0,-9.9
'Zavalla',4,7,2008, 3100.0,6.5,16.7,1.6,2.90,0.0,-9.9
'Zavalla',5,7,2008,10700.0,9.3,29.4,1.5,2.70,0.0,-9.9
'Zavalla',6,7,2008, 5700.0,12.6,23.8,1.6,1.90,5.2,-9.9
'Zavalla',7,7,2008, 4000.0,10.2,16.4,1.3,2.90,0.0,-9.9
'Zavalla',8,7,2008,12200.0,1.3,20.4,1.1,2.00,0.0,-9.9
'Zavalla',9,7,2008, 3900.0,3.4,15.4,1.2,1.90,0.0,-9.9
'Zavalla',10,7,2008, 3200.0,9.1,16.2,1.6,2.20,0.0,-9.9
'Zavalla',11,7,2008, 3700.0,14.5,22.9,1.7,3.70,0.0,-9.9
'Zavalla',12,7,2008,10400.0,15.5,26.5,1.6,3.90,0.0,-9.9
'Zavalla',13,7,2008,11900.0,11.1,23.5,1.1,2.70,0.0,-9.9
'Zavalla',14,7,2008,11100.0,7.0,26.6,1.5,1.80,0.0,-9.9
'Zavalla',15,7,2008,12100.0,14.8,30.9,1.6,3.80,0.0,-9.9
'Zavalla',16,7,2008,12000.0,14.4,29.2,1.5,4.00,0.0,-9.9
'Zavalla',17,7,2008,11800.0,11.7,23.0,1.1,4.00,0.0,-9.9
'Zavalla',18,7,2008,11400.0,3.4,19.3,0.7,2.20,0.0,-9.9
'Zavalla',19,7,2008, 8700.0,7.0,18.9,0.9,2.60,0.0,-9.9
'Zavalla',20,7,2008, 9100.0,3.7,18.8,1.0,3.30,0.0,-9.9
'Zavalla',21,7,2008, 3400.0,10.1,13.2,1.1,4.00,3.9,-9.9
'Zavalla',22,7,2008, 4500.0,8.3,12.3,1.0,2.40,0.0,-9.9
'Zavalla',23,7,2008, 3500.0,2.4,11.2,1.0,2.20,0.4,-9.9
'Zavalla',24,7,2008,12000.0,3.2,15.9,0.8,2.20,0.0,-9.9
'Zavalla',25,7,2008,12900.0,-1.7,18.3,0.8,2.30,0.0,-9.9
'Zavalla',26,7,2008,11000.0,2.9,17.1,0.9,2.00,0.0,-9.9
'Zavalla',27,7,2008,11700.0,3.9,19.1,1.0,1.90,0.0,-9.9
'Zavalla',28,7,2008, 5200.0,3.7,14.5,1.0,2.00,0.0,-9.9
'Zavalla',29,7,2008, 3600.0,6.6,15.1,1.3,2.50,0.0,-9.9
'Zavalla',30,7,2008, 4000.0,7.9,12.4,1.1,1.40,0.0,-9.9
'Zavalla',31,7,2008, 7500.0,6.6,18.7,1.2,1.70,0.0,-9.9
'Zavalla',1,8,2008, 7000.0,3.3,18.1,1.0,2.00,0.0,-9.9
'Zavalla',2,8,2008, 9000.0,5.6,13.8,0.8,4.20,0.0,-9.9
'Zavalla',3,8,2008,13200.0,-1.9,13.8,0.7,2.20,0.0,-9.9
'Zavalla',4,8,2008, 7100.0,1.1,20.2,1.0,3.20,0.0,-9.9
'Zavalla',5,8,2008,14200.0,-0.2,17.4,0.6,2.30,0.0,-9.9
'Zavalla',6,8,2008,13300.0,-0.5,22.4,0.9,2.30,0.0,-9.9
'Zavalla',7,8,2008,13600.0,6.2,20.9,0.7,3.10,0.0,-9.9
'Zavalla',8,8,2008,14600.0,-4.7,16.3,0.5,1.80,0.0,-9.9
'Zavalla',9,8,2008,13600.0,6.5,22.5,0.8,2.90,0.0,-9.9
'Zavalla',10,8,2008,13400.0,6.9,27.6,1.3,3.00,0.0,-9.9
'Zavalla',11,8,2008, 5900.0,9.1,21.6,1.3,3.70,0.0,-9.9
'Zavalla',12,8,2008,15600.0,-0.6,16.3,0.4,2.20,0.0,-9.9
'Zavalla',13,8,2008,13700.0,-3.0,18.5,0.6,2.50,0.0,-9.9
'Zavalla',14,8,2008,14500.0,2.2,20.2,0.9,1.70,0.0,-9.9
'Zavalla',15,8,2008,12700.0,2.1,21.9,1.1,3.60,0.0,-9.9
'Zavalla',16,8,2008,14900.0,8.8,22.1,1.0,4.40,0.0,-9.9
'Zavalla',17,8,2008,15500.0,3.7,15.5,0.5,2.50,0.0,-9.9
'Zavalla',18,8,2008,14900.0,-2.9,17.8,0.7,2.20,0.0,-9.9
'Zavalla',19,8,2008, 7000.0,3.0,18.8,1.1,2.40,0.0,-9.9
'Zavalla',20,8,2008, 6900.0,11.5,18.8,1.3,2.80,0.0,-9.9
'Zavalla',21,8,2008,15400.0,3.0,20.2,0.8,2.50,0.0,-9.9
'Zavalla',22,8,2008,16200.0,-1.5,22.6,0.8,1.60,0.0,-9.9
'Zavalla',23,8,2008,15400.0,5.8,20.3,0.8,2.40,0.0,-9.9
'Zavalla',24,8,2008,16900.0,0.7,23.3,0.8,1.50,0.0,-9.9
'Zavalla',25,8,2008,17200.0,2.3,25.4,0.9,3.30,0.0,-9.9
'Zavalla',26,8,2008,14100.0,10.2,32.6,1.7,4.60,0.0,-9.9
'Zavalla',27,8,2008, 6800.0,10.7,25.9,1.6,4.50,0.0,-9.9
'Zavalla',28,8,2008,14800.0,5.8,20.3,0.7,3.50,0.0,-9.9
'Zavalla',29,8,2008,17500.0,1.6,22.1,0.7,2.20,0.0,-9.9
'Zavalla',30,8,2008,17200.0,6.2,25.3,1.1,4.50,0.0,-9.9
'Zavalla',31,8,2008, 6900.0,13.3,24.9,1.2,4.00,0.0,-9.9
'Zavalla',1,9,2008,11700.0,10.6,31.7,1.7,4.00,0.0,-9.9
'Zavalla',2,9,2008,11100.0,16.9,24.9,1.4,4.50,0.0,-9.9
'Zavalla',3,9,2008,19800.0,5.3,17.7,0.8,4.30,0.0,-9.9
'Zavalla',4,9,2008,17700.0,0.9,15.3,0.6,3.40,0.0,-9.9
'Zavalla',5,9,2008, 5000.0,0.0,12.4,0.7,1.90,0.0,-9.9
'Zavalla',6,9,2008,12500.0,2.9,13.3,0.7,2.00,0.0,-9.9
'Zavalla',7,9,2008,17500.0,-3.9,18.2,0.8,1.60,0.0,-9.9
'Zavalla',8,9,2008,18300.0,2.4,21.4,0.9,2.90,0.0,-9.9
'Zavalla',9,9,2008,16700.0,3.5,22.6,1.0,1.90,0.0,-9.9
'Zavalla',10,9,2008,16500.0,4.9,24.0,1.3,2.70,0.0,-9.9
'Zavalla',11,9,2008,18900.0,9.1,24.4,1.1,4.50,0.0,-9.9
'Zavalla',12,9,2008,20700.0,2.4,17.2,0.6,2.80,0.0,-9.9
'Zavalla',13,9,2008,19700.0,-1.8,22.9,0.5,2.40,0.0,-9.9
'Zavalla',14,9,2008,20400.0,-0.8,21.6,0.8,2.00,0.0,-9.9
'Zavalla',15,9,2008,19500.0,-0.2,21.3,0.9,2.00,0.0,-9.9
'Zavalla',16,9,2008,19800.0,1.4,22.4,0.9,2.80,0.0,-9.9
'Zavalla',17,9,2008,20200.0,6.2,24.5,1.0,3.30,0.0,-9.9
'Zavalla',18,9,2008,10600.0,3.2,24.2,1.1,3.00,0.0,-9.9
'Zavalla',19,9,2008, 6200.0,8.0,22.1,1.3,3.20,0.0,-9.9
'Zavalla',20,9,2008,19600.0,9.8,19.9,0.9,4.20,0.0,-9.9
'Zavalla',21,9,2008,21200.0,3.1,21.9,1.0,2.70,0.0,-9.9
'Zavalla',22,9,2008,19700.0,3.9,24.0,1.3,2.50,0.0,-9.9
'Zavalla',23,9,2008,19000.0,6.2,26.3,1.2,3.20,0.0,-9.9
'Zavalla',24,9,2008,20900.0,9.8,26.7,1.3,2.40,0.0,-9.9
'Zavalla',25,9,2008,21800.0,5.1,27.6,1.1,2.20,0.0,-9.9
'Zavalla',26,9,2008,21400.0,6.8,28.6,1.1,3.00,0.0,-9.9
'Zavalla',27,9,2008,19000.0,15.2,30.3,1.6,4.00,7.0,-9.9
'Zavalla',28,9,2008, 6400.0,14.7,30.3,1.8,1.70,30.2,-9.9
'Zavalla',29,9,2008, 6100.0,15.0,17.4,1.8,3.00,3.7,-9.9
'Zavalla',30,9,2008, 7200.0,14.3,20.6,1.7,2.70,0.0,-9.9
'Zavalla',1,10,2008, 6200.0,12.3,21.1,1.5,2.90,2.7,-9.9
'Zavalla',2,10,2008,23100.0,5.7,25.5,1.1,2.70,0.2,-9.9
'Zavalla',3,10,2008, 7200.0,8.7,21.7,1.3,2.60,0.0,-9.9
'Zavalla',4,10,2008,20500.0,8.3,22.3,0.9,2.90,0.0,-9.9
'Zavalla',5,10,2008,23500.0,2.0,24.5,0.9,1.90,0.0,-9.9
'Zavalla',6,10,2008,23700.0,10.6,29.7,1.2,3.10,0.0,-9.9
'Zavalla',7,10,2008,23600.0,9.2,23.3,1.0,3.60,0.0,-9.9
'Zavalla',8,10,2008,18300.0,8.4,20.2,0.9,3.60,0.0,-9.9
'Zavalla',9,10,2008,23900.0,4.7,27.8,1.2,3.20,0.0,-9.9
'Zavalla',10,10,2008,20300.0,11.6,31.4,1.7,3.30,0.0,-9.9
'Zavalla',11,10,2008,19600.0,14.5,33.4,2.0,2.90,10.3,-9.9
'Zavalla',12,10,2008,15700.0,16.8,23.8,1.9,3.70,3.5,-9.9
'Zavalla',13,10,2008,11300.0,16.1,24.2,2.0,3.40,0.0,-9.9
'Zavalla',14,10,2008, 6700.0,14.7,21.2,1.7,3.50,7.6,-9.9
'Zavalla',15,10,2008, 7500.0,13.4,17.1,1.6,3.10,4.8,-9.9
'Zavalla',16,10,2008,25900.0,8.7,22.2,1.3,2.60,0.0,-9.9
'Zavalla',17,10,2008,24800.0,8.5,24.5,1.3,2.10,0.0,-9.9
'Zavalla',18,10,2008,26200.0,8.1,25.6,1.3,2.70,0.0,-9.9
'Zavalla',19,10,2008,24700.0,12.5,27.9,1.6,3.40,0.0,-9.9
'Zavalla',20,10,2008,25000.0,13.0,32.2,1.8,3.00,0.0,-9.9
'Zavalla',21,10,2008,19700.0,18.2,27.1,1.8,3.60,0.0,-9.9
'Zavalla',22,10,2008,25900.0,7.6,25.5,0.8,1.80,0.0,-9.9
'Zavalla',23,10,2008,26700.0,7.3,29.2,1.3,1.70,0.0,-9.9
'Zavalla',24,10,2008,27300.0,11.1,32.4,1.7,2.20,0.0,-9.9
'Zavalla',25,10,2008,20300.0,15.0,29.1,2.0,2.70,3.3,-9.9
'Zavalla',26,10,2008,11500.0,17.8,28.7,1.8,3.20,0.0,-9.9
'Zavalla',27,10,2008,26100.0,12.8,27.9,1.7,3.40,0.0,-9.9
'Zavalla',28,10,2008,23600.0,13.5,29.1,1.7,3.80,0.0,-9.9
'Zavalla',29,10,2008,25900.0,13.9,27.3,1.2,3.60,0.0,-9.9
'Zavalla',30,10,2008,27800.0,7.6,26.9,1.2,1.70,0.0,-9.9
'Zavalla',31,10,2008,27900.0,10.4,28.6,1.6,2.50,0.0,-9.9
'Zavalla',1,11,2008,27800.0,13.2,30.9,2.1,1.90,0.0,-9.9
'Zavalla',2,11,2008,28200.0,13.8,30.7,2.1,2.50,0.0,-9.9
'Zavalla',3,11,2008,26900.0,14.6,31.7,2.1,2.10,0.0,-9.9
'Zavalla',4,11,2008,21800.0,19.1,34.9,2.4,2.50,0.0,-9.9
'Zavalla',5,11,2008,22600.0,19.8,36.1,2.3,1.80,0.0,-9.9
'Zavalla',6,11,2008,28400.0,15.3,34.2,1.5,2.40,0.0,-9.9
'Zavalla',7,11,2008,28500.0,14.5,35.0,1.6,3.40,0.0,-9.9
'Zavalla',8,11,2008,15500.0,18.8,31.8,1.8,1.90,0.0,-9.9
'Zavalla',9,11,2008,26200.0,15.9,35.0,1.8,1.90,0.0,-9.9
'Zavalla',10,11,2008, 9600.0,19.4,28.4,1.8,2.50,0.0,-9.9
'Zavalla',11,11,2008,24900.0,15.7,32.8,1.5,2.50,0.0,-9.9
'Zavalla',12,11,2008,29200.0,13.7,33.5,1.4,2.30,0.0,-9.9
'Zavalla',13,11,2008,28600.0,16.1,32.7,1.5,2.80,0.0,-9.9
'Zavalla',14,11,2008,25700.0,16.5,32.3,1.8,2.60,3.3,-9.9
'Zavalla',15,11,2008, 7700.0,12.3,25.5,1.0,4.40,0.0,-9.9
'Zavalla',16,11,2008,29600.0,5.0,24.1,0.9,1.90,0.0,-9.9
'Zavalla',17,11,2008,29400.0,7.9,29.4,1.0,2.20,0.0,-9.9
'Zavalla',18,11,2008,29500.0,16.4,31.5,1.2,2.30,0.0,-9.9
'Zavalla',19,11,2008,29300.0,13.6,32.0,1.4,3.20,0.0,-9.9
'Zavalla',20,11,2008,29200.0,16.9,31.9,1.5,3.20,0.0,-9.9
'Zavalla',21,11,2008,30000.0,17.4,31.2,1.6,3.40,0.0,-9.9
'Zavalla',22,11,2008,29300.0,17.4,33.5,1.9,3.90,0.0,-9.9
'Zavalla',23,11,2008,28400.0,20.4,35.7,2.1,2.90,0.0,-9.9
'Zavalla',24,11,2008,17500.0,20.2,34.8,2.0,1.70,0.0,-9.9
'Zavalla',25,11,2008,27100.0,17.1,37.3,2.1,2.60,5.0,-9.9
'Zavalla',26,11,2008,16100.0,19.1,28.1,2.2,2.40,7.9,-9.9
'Zavalla',27,11,2008, 7900.0,18.1,37.0,2.5,4.00,40.6,-9.9
'Zavalla',28,11,2008,28000.0,19.1,31.1,2.1,2.00,23.1,-9.9
'Zavalla',29,11,2008,15900.0,19.1,29.1,2.1,2.20,65.3,-9.9
'Zavalla',30,11,2008,11400.0,17.2,23.0,1.8,4.90,0.0,-9.9
'Zavalla',1,12,2008,17200.0,14.8,23.3,1.5,3.60,0.0,-9.9
'Zavalla',2,12,2008,30700.0,11.1,23.30,1.2,3.20,0.0,-9.9
'Zavalla',3,12,2008,30700.0,9.5,25.5,1.3,1.90,0.0,-9.9
'Zavalla',4,12,2008,29500.0,12.3,26.8,1.5,2.50,0.0,-9.9
'Zavalla',5,12,2008,29300.0,12.5,29.3,1.7,1.90,0.0,-9.9
'Zavalla',6,12,2008,25900.0,15.2,31.1,1.9,1.70,0.0,-9.9
'Zavalla',7,12,2008,23000.0,17.2,32.7,1.9,2.50,0.0,-9.9
'Zavalla',8,12,2008,26700.0,17.9,36.5,2.1,2.20,3.2,-9.9
'Zavalla',9,12,2008,16700.0,20.8,26.8,2.4,1.70,0.0,-9.9
'Zavalla',10,12,2008,14700.0,17.6,29.4,2.1,3.40,0.0,-9.9
'Zavalla',11,12,2008,24100.0,16.9,29.1,2.0,3.50,0.0,-9.9
'Zavalla',12,12,2008,27800.0,18.2,29.5,1.7,2.80,0.0,-9.9
'Zavalla',13,12,2008,20200.0,16.1,32.0,2.0,1.70,2.5,-9.9
'Zavalla',14,12,2008,26900.0,17.3,31.3,2.2,2.00,0.0,-9.9
'Zavalla',15,12,2008,30600.0,18.0,33.3,2.2,2.30,0.0,-9.9
'Zavalla',16,12,2008,31100.0,17.5,34.2,2.1,2.40,0.0,-9.9
'Zavalla',17,12,2008,24400.0,17.4,35.0,2.1,2.20,0.0,-9.9
'Zavalla',18,12,2008,27900.0,17.9,35.4,2.2,2.50,0.0,-9.9
'Zavalla',19,12,2008,12600.0,23.0,29.9,2.2,2.00,0.0,-9.9
'Zavalla',20,12,2008, 8100.0,17.4,37.6,2.1,2.50,0.0,-9.9
'Zavalla',21,12,2008, 8100.0,17.2,28.4,1.9,4.40,6.7,-9.9
'Zavalla',22,12,2008,20700.0,15.6,29.4,2.0,2.80,5.9,-9.9
'Zavalla',23,12,2008,17800.0,17.0,27.0,2.3,1.60,0.0,-9.9
'Zavalla',24,12,2008,30600.0,17.4,32.8,2.4,1.60,0.0,-9.9
'Zavalla',25,12,2008,27900.0,20.0,35.4,2.3,2.70,0.0,-9.9
'Zavalla',26,12,2008,29100.0,18.3,32.7,2.3,2.40,0.0,-9.9
'Zavalla',27,12,2008,25900.0,20.1,30.5,2.4,2.00,0.0,-9.9
'Zavalla',28,12,2008,31100.0,16.7,32.0,1.9,3.00,0.0,-9.9
'Zavalla',29,12,2008,30100.0,16.0,28.9,1.4,3.20,0.0,-9.9
'Zavalla',30,12,2008,29800.0,15.1,31.6,1.7,2.50,0.0,-9.9
'Zavalla',31,12,2008,11500.0,19.3,27.8,1.9,3.50,0.0,-9.9
