* Source of data    : Zavalla local weather station 
* File content      : Meteo input file for Swap 3.2 (www.swap.alterra.nl) 
* File generated at :  Mon Oct 03 22:18:27 2016 
station,DD,MM,YYYY,Rad,Tmin,Tmax,Hum,Wind,Rain,ETref 
'Zavalla',1,1,1991,11300.0,18.9,24.6,2.4,1.7,34.0,2.5
'Zavalla',2,1,1991,22200.0,17.9,29.3,2.4,1.9,0.0,4.7
'Zavalla',3,1,1991,30300.0,17.9,30.8,2.3,2.8,0.0,6.5
'Zavalla',4,1,1991,15700.0,18.9,30.6,2.0,3.3,0.0,4.7
'Zavalla',5,1,1991,25300.0,18.1,30.0,1.8,2.5,0.0,5.9
'Zavalla',6,1,1991,17400.0,18.0,29.5,2.0,1.7,0.0,4.2
'Zavalla',7,1,1991,29400.0,17.6,31.7,2.2,1.1,0.0,6.1
'Zavalla',8,1,1991,18800.0,20.0,31.7,2.6,3.1,21.0,4.8
'Zavalla',9,1,1991,20300.0,20.8,28.7,2.5,1.4,1.7,4.5
'Zavalla',10,1,1991,27600.0,19.3,29.5,2.6,3.3,0.0,5.9
'Zavalla',11,1,1991,30200.0,17.0,28.4,2.1,2.5,0.0,6.1
'Zavalla',12,1,1991,27500.0,15.4,26.8,1.9,2.8,0.0,5.5
'Zavalla',13,1,1991,27900.0,16.0,29.0,2.0,1.7,0.0,5.5
'Zavalla',14,1,1991,29300.0,16.4,31.6,2.0,1.7,0.0,6.1
'Zavalla',15,1,1991,15000.0,15.4,26.9,2.0,4.4,5.7,3.7
'Zavalla',16,1,1991,28900.0,11.1,22.4,1.2,2.8,0.0,5.2
'Zavalla',17,1,1991,29400.0,8.2,25.5,1.2,1.9,0.0,5.0
'Zavalla',18,1,1991,28800.0,13.2,28.5,1.6,2.5,0.0,5.7
'Zavalla',19,1,1991,28000.0,17.6,31.7,1.9,2.2,0.0,6.2
'Zavalla',20,1,1991,18900.0,19.3,32.0,2.5,5.3,28.4,5.3
'Zavalla',21,1,1991,27600.0,14.8,26.3,1.8,3.1,2.2,5.4
'Zavalla',22,1,1991,29200.0,12.0,27.9,1.6,1.1,0.0,5.2
'Zavalla',23,1,1991,22700.0,15.9,28.8,2.1,2.5,0.0,4.8
'Zavalla',24,1,1991, 8900.0,18.9,24.2,2.2,2.8,37.3,2.3
'Zavalla',25,1,1991,25200.0,18.2,28.0,2.2,1.9,0.0,5.1
'Zavalla',26,1,1991,28900.0,17.0,28.0,2.0,2.5,0.0,5.8
'Zavalla',27,1,1991,28600.0,15.6,27.9,2.0,2.8,0.0,5.6
'Zavalla',28,1,1991,28000.0,16.7,29.2,2.0,4.4,0.0,6.2
'Zavalla',29,1,1991,10900.0,13.0,23.2,1.7,3.1,18.1,2.6
'Zavalla',30,1,1991,20400.0,12.9,23.5,1.8,6.4,2.0,4.0
'Zavalla',31,1,1991,26600.0,15.8,25.1,1.8,3.6,0.0,5.3
'Zavalla',1,2,1991,28300.0,13.7,28.0,1.8,1.7,0.0,5.2
'Zavalla',2,2,1991,14200.0,14.9,26.9,1.9,2.5,0.3,3.3
'Zavalla',3,2,1991,27400.0,13.3,32.0,2.2,2.2,0.0,5.4
'Zavalla',4,2,1991,16100.0,16.2,28.0,2.2,2.5,6.4,3.6
'Zavalla',5,2,1991,26500.0,14.8,28.6,2.0,3.3,0.0,5.3
'Zavalla',6,2,1991,27100.0,13.1,27.8,1.8,1.9,0.0,5.0
'Zavalla',7,2,1991,27000.0,15.3,32.7,2.1,1.4,0.0,5.4
'Zavalla',8,2,1991,26700.0,16.8,30.8,2.1,1.9,0.0,5.5
'Zavalla',9,2,1991,27200.0,17.4,30.2,2.3,1.4,0.0,5.4
'Zavalla',10,2,1991, 8400.0,15.7,27.0,2.1,2.5,2.5,2.3
'Zavalla',11,2,1991,23200.0,13.2,27.3,1.7,1.9,0.0,4.4
'Zavalla',12,2,1991,25500.0,11.2,28.1,1.6,2.2,0.0,4.7
'Zavalla',13,2,1991,16600.0,10.0,23.7,1.5,3.3,0.0,3.3
'Zavalla',14,2,1991,27300.0,7.8,22.4,1.1,1.9,0.0,4.3
'Zavalla',15,2,1991,27100.0,6.4,25.6,1.2,1.1,0.0,4.1
'Zavalla',16,2,1991,24800.0,11.7,29.9,1.7,3.3,0.0,5.1
'Zavalla',17,2,1991,22100.0,15.9,26.7,1.8,1.7,0.0,4.3
'Zavalla',18,2,1991,23900.0,14.1,31.2,1.9,1.9,0.0,4.8
'Zavalla',19,2,1991,10600.0,18.4,28.2,2.1,1.9,0.0,2.9
'Zavalla',20,2,1991, 9100.0,16.8,28.0,2.2,1.9,0.7,2.4
'Zavalla',21,2,1991,17600.0,20.6,30.8,2.4,2.2,1.2,4.3
'Zavalla',22,2,1991,25900.0,13.0,28.4,1.4,2.8,6.7,5.1
'Zavalla',23,2,1991,26000.0,10.2,26.0,1.3,2.5,0.0,4.6
'Zavalla',24,2,1991, 9500.0,10.7,29.4,1.4,2.8,0.0,3.2
'Zavalla',25,2,1991,25500.0,13.8,33.0,1.8,1.7,0.0,5.0
'Zavalla',26,2,1991,25300.0,15.0,35.0,2.0,1.7,0.0,5.3
'Zavalla',27,2,1991, 7100.0,20.4,25.9,2.5,2.8,0.0,1.9
'Zavalla',28,2,1991,13100.0,19.1,24.6,2.2,3.1,0.0,3.0
'Zavalla',1,3,1991,10800.0,16.3,24.9,2.0,2.5,0.0,2.5
'Zavalla',2,3,1991,22700.0,16.8,29.1,2.2,1.1,0.0,4.2
'Zavalla',3,3,1991,24600.0,16.5,32.3,2.4,2.5,0.0,5.0
'Zavalla',4,3,1991,20900.0,17.6,28.8,2.0,2.8,0.0,4.5
'Zavalla',5,3,1991,24100.0,15.1,31.6,2.1,1.9,0.0,4.7
'Zavalla',6,3,1991,22700.0,17.6,32.7,2.1,2.8,0.0,5.1
'Zavalla',7,3,1991, 7700.0,17.8,24.3,2.2,2.2,31.0,1.9
'Zavalla',8,3,1991, 7600.0,18.9,24.9,2.2,4.2,1.0,2.3
'Zavalla',9,3,1991,13300.0,18.8,26.4,2.2,2.5,8.5,3.0
'Zavalla',10,3,1991,21700.0,16.9,26.6,2.1,3.1,0.0,4.1
'Zavalla',11,3,1991,21000.0,14.9,27.9,2.1,1.9,0.0,3.8
'Zavalla',12,3,1991,22000.0,16.8,30.8,2.3,1.1,0.0,4.1
'Zavalla',13,3,1991,18500.0,16.7,29.0,2.2,1.9,0.0,3.6
'Zavalla',14,3,1991,21700.0,16.9,28.3,2.1,1.7,0.0,4.0
'Zavalla',15,3,1991,21700.0,12.8,28.1,1.6,1.4,0.0,3.7
'Zavalla',16,3,1991,20800.0,14.9,30.1,1.8,1.7,0.0,4.0
'Zavalla',17,3,1991,12500.0,16.4,27.9,1.9,1.4,0.2,2.8
'Zavalla',18,3,1991,21200.0,14.0,28.4,1.9,1.1,0.0,3.6
'Zavalla',19,3,1991,20700.0,14.1,31.3,2.1,2.5,0.0,4.0
'Zavalla',20,3,1991,16600.0,16.8,25.9,1.9,1.9,26.0,3.2
'Zavalla',21,3,1991,14600.0,15.5,27.9,2.1,1.9,0.0,2.9
'Zavalla',22,3,1991,20400.0,15.9,31.8,2.1,2.8,0.0,4.2
'Zavalla',23,3,1991,19300.0,20.0,33.9,2.5,2.2,0.0,4.4
'Zavalla',24,3,1991,18300.0,18.0,31.7,2.5,2.2,0.0,3.8
'Zavalla',25,3,1991,15700.0,14.8,27.7,1.7,3.9,0.0,3.7
'Zavalla',26,3,1991,17400.0,13.3,23.0,1.5,2.5,0.0,3.0
'Zavalla',27,3,1991,19500.0,12.1,23.1,1.4,2.2,0.0,3.1
'Zavalla',28,3,1991,19700.0,10.0,26.2,1.4,1.7,0.0,3.0
'Zavalla',29,3,1991,19400.0,10.0,23.4,1.5,1.9,0.0,2.7
'Zavalla',30,3,1991,14200.0,21.4,30.3,1.9,1.7,4.3,3.5
'Zavalla',31,3,1991,17900.0,10.1,26.2,1.4,1.9,71.0,2.9
'Zavalla',1,4,1991,17000.0,7.7,25.8,1.4,1.9,0.0,2.6
'Zavalla',2,4,1991,13400.0,12.3,26.7,1.6,2.5,0.0,2.7
'Zavalla',3,4,1991, 5100.0,8.1,17.1,1.4,1.7,6.5,0.9
'Zavalla',4,4,1991,18700.0,5.4,21.8,1.1,1.1,0.0,2.2
'Zavalla',5,4,1991,17900.0,7.1,24.9,1.2,2.5,0.0,2.8
'Zavalla',6,4,1991, 5000.0,11.4,15.9,1.4,1.4,24.8,1.0
'Zavalla',7,4,1991, 4900.0,9.9,17.3,1.6,1.7,0.0,0.8
'Zavalla',8,4,1991,10700.0,14.4,22.6,1.8,1.4,0.2,1.8
'Zavalla',9,4,1991,11400.0,15.8,28.8,2.3,3.1,6.9,2.4
'Zavalla',10,4,1991,15500.0,18.9,24.9,2.1,2.5,47.1,2.8
'Zavalla',11,4,1991,11700.0,14.6,27.8,2.1,2.2,0.0,2.2
'Zavalla',12,4,1991, 4700.0,14.9,19.9,2.0,2.2,0.0,0.8
'Zavalla',13,4,1991, 4700.0,11.6,21.0,1.8,1.7,11.0,0.8
'Zavalla',14,4,1991, 8400.0,16.9,24.5,2.1,2.2,33.0,1.8
'Zavalla',15,4,1991, 5700.0,15.0,23.6,2.1,2.5,2.0,1.1
'Zavalla',16,4,1991, 4500.0,12.5,21.6,1.9,2.8,0.0,0.9
'Zavalla',17,4,1991,10000.0,6.5,19.4,1.2,4.2,0.0,1.7
'Zavalla',18,4,1991,17000.0,4.0,15.4,0.7,3.1,0.0,2.1
'Zavalla',19,4,1991,16700.0,3.4,21.9,0.8,2.5,0.0,2.2
'Zavalla',20,4,1991,16400.0,7.2,21.7,1.0,2.8,0.0,2.3
'Zavalla',21,4,1991,12000.0,8.4,21.8,1.2,1.9,0.8,1.8
'Zavalla',22,4,1991,12000.0,14.7,26.9,1.9,1.4,0.0,2.0
'Zavalla',23,4,1991,12200.0,10.9,26.7,1.6,2.5,0.0,2.1
'Zavalla',24,4,1991,15400.0,7.6,24.8,1.3,0.8,0.0,1.7
'Zavalla',25,4,1991,12800.0,5.6,20.4,1.3,0.8,0.0,1.2
'Zavalla',26,4,1991,13200.0,6.3,25.0,1.2,0.6,0.0,1.5
'Zavalla',27,4,1991,14100.0,6.1,24.1,1.5,1.9,0.0,1.5
'Zavalla',28,4,1991,14200.0,16.2,26.4,1.9,1.9,0.0,2.2
'Zavalla',29,4,1991,14300.0,12.2,26.1,1.9,2.5,0.0,1.9
'Zavalla',30,4,1991, 4000.0,18.1,22.7,2.1,3.9,63.1,1.3
'Zavalla',1,5,1991, 9200.0,13.1,22.7,1.9,0.8,8.9,1.2
'Zavalla',2,5,1991,12000.0,11.1,23.3,1.8,1.9,0.0,1.4
'Zavalla',3,5,1991, 3900.0,12.0,20.1,1.8,4.2,2.5,0.7
'Zavalla',4,5,1991, 5000.0,4.1,14.6,0.8,1.9,0.0,1.2
'Zavalla',5,5,1991,14600.0,2.3,18.4,0.7,1.1,0.0,1.2
'Zavalla',6,5,1991,14300.0,1.6,18.3,0.8,1.1,0.0,1.1
'Zavalla',7,5,1991,14000.0,3.4,19.8,1.0,1.7,0.0,1.1
'Zavalla',8,5,1991,14000.0,6.2,22.0,1.1,1.9,0.0,1.4
'Zavalla',9,5,1991,13900.0,6.4,23.4,1.2,1.4,0.0,1.3
'Zavalla',10,5,1991,12200.0,7.7,23.8,1.5,1.4,0.0,1.2
'Zavalla',11,5,1991, 8300.0,12.1,24.2,1.4,3.1,0.0,1.9
'Zavalla',12,5,1991, 5800.0,13.1,17.8,1.6,1.9,21.0,0.9
'Zavalla',13,5,1991, 3500.0,12.9,17.0,1.6,2.8,0.0,0.8
'Zavalla',14,5,1991, 3500.0,10.2,16.4,1.5,0.8,0.0,0.5
'Zavalla',15,5,1991, 5400.0,7.6,19.7,1.4,1.7,0.0,0.8
'Zavalla',16,5,1991,11400.0,8.6,20.7,1.5,1.9,0.0,0.9
'Zavalla',17,5,1991,13000.0,11.0,21.7,1.6,3.9,0.0,1.4
'Zavalla',18,5,1991,11200.0,12.4,23.4,1.7,1.9,0.0,1.3
'Zavalla',19,5,1991,11900.0,12.1,26.5,1.9,1.9,0.0,1.4
'Zavalla',20,5,1991, 3300.0,12.1,18.0,1.7,5.3,35.5,0.5
'Zavalla',21,5,1991, 3300.0,6.0,14.4,1.3,2.5,0.0,0.4
'Zavalla',22,5,1991,12600.0,3.0,18.3,1.0,1.1,0.0,0.7
'Zavalla',23,5,1991,11200.0,3.3,19.6,1.1,2.5,0.0,0.9
'Zavalla',24,5,1991, 9100.0,11.2,21.9,1.4,1.7,0.0,1.1
'Zavalla',25,5,1991,10600.0,7.8,18.5,1.1,2.8,0.0,1.1
'Zavalla',26,5,1991, 3200.0,13.9,20.7,1.9,1.4,0.2,0.6
'Zavalla',27,5,1991, 3200.0,17.9,23.3,2.4,1.4,0.3,0.6
'Zavalla',28,5,1991, 3800.0,19.8,26.0,2.6,2.2,0.0,0.9
'Zavalla',29,5,1991, 6000.0,20.2,28.9,2.6,3.3,0.0,1.6
'Zavalla',30,5,1991, 3100.0,12.9,20.9,1.5,3.9,0.8,1.4
'Zavalla',31,5,1991,4030.0,11.9,15.2,1.5,1.9,0.3,-9.9
'Zavalla',1,6,1991, 3100.0,14.4,16.6,1.8,2.8,1.5,0.4
'Zavalla',2,6,1991, 4300.0,13.5,22.1,2.0,3.3,13.5,0.6
'Zavalla',3,6,1991, 4100.0,8.9,13.9,1.1,2.8,24.0,0.8
'Zavalla',4,6,1991, 9000.0,4.4,14.9,1.1,0.8,0.0,0.4
'Zavalla',5,6,1991, 9700.0,6.4,16.3,0.9,3.3,0.0,1.1
'Zavalla',6,6,1991,11600.0,-1.8,9.4,0.6,1.9,0.0,0.6
'Zavalla',7,6,1991,10500.0,-3.4,11.1,0.6,0.8,0.0,0.3
'Zavalla',8,6,1991,12100.0,-0.8,13.6,0.8,1.9,0.0,0.5
'Zavalla',9,6,1991,11100.0,3.6,16.2,0.8,1.7,0.0,0.7
'Zavalla',10,6,1991, 8200.0,3.6,17.0,1.0,1.9,0.0,0.6
'Zavalla',11,6,1991, 9400.0,4.5,21.3,1.2,1.7,0.0,0.7
'Zavalla',12,6,1991, 3300.0,6.9,13.3,1.2,3.3,0.0,0.5
'Zavalla',13,6,1991, 3300.0,9.8,13.5,1.2,1.1,0.0,0.5
'Zavalla',14,6,1991, 3000.0,13.7,15.4,1.6,1.1,0.0,0.5
'Zavalla',15,6,1991, 2900.0,12.9,15.6,1.6,4.2,0.0,0.5
'Zavalla',16,6,1991, 2900.0,11.9,14.3,1.5,2.5,13.6,0.4
'Zavalla',17,6,1991, 2900.0,13.4,16.5,1.7,3.1,1.1,0.4
'Zavalla',18,6,1991, 3600.0,10.1,17.4,1.6,5.6,34.9,0.4
'Zavalla',19,6,1991,10400.0,6.5,15.6,1.1,3.1,0.0,0.5
'Zavalla',20,6,1991, 2900.0,5.3,12.3,1.1,1.7,0.6,0.4
'Zavalla',21,6,1991,10400.0,3.1,14.2,1.0,1.9,0.0,0.3
'Zavalla',22,6,1991,10300.0,1.9,14.9,0.8,2.8,0.0,0.8
'Zavalla',23,6,1991,10800.0,0.0,16.8,0.8,2.8,0.0,0.9
'Zavalla',24,6,1991,10400.0,2.5,16.1,0.9,2.8,0.0,0.8
'Zavalla',25,6,1991, 6600.0,3.9,15.0,1.1,1.7,0.0,0.4
'Zavalla',26,6,1991, 3000.0,8.9,17.0,1.2,2.5,0.0,0.9
'Zavalla',27,6,1991, 9500.0,5.0,18.0,1.0,2.5,0.0,0.7
'Zavalla',28,6,1991, 9100.0,0.9,13.4,0.8,1.9,0.0,0.4
'Zavalla',29,6,1991,11100.0,2.1,15.5,1.0,4.2,0.0,0.6
'Zavalla',30,6,1991, 9300.0,0.4,17.4,0.9,1.1,0.0,0.4
'Zavalla',1,7,1991,10800.0,6.7,20.1,1.2,1.9,0.0,0.7
'Zavalla',2,7,1991,11000.0,5.2,21.1,1.1,2.2,0.0,0.9
'Zavalla',3,7,1991, 8800.0,-0.1,10.8,0.8,1.7,0.0,0.2
'Zavalla',4,7,1991,9220.0,-3.0,10.8,0.7,2.8,0.0,-9.9
'Zavalla',5,7,1991,7200.0,0.5,9.0,0.8,0.6,0.0,-9.9
'Zavalla',6,7,1991,9900.0,1.4,15.4,0.9,0.8,0.0,-9.9
'Zavalla',7,7,1991,8280.0,2.6,17.0,1.0,1.7,0.0,-9.9
'Zavalla',8,7,1991,6010.0,9.2,17.9,1.4,0.8,0.0,-9.9
'Zavalla',9,7,1991,5180.0,6.1,13.9,1.3,3.6,3.0,-9.9
'Zavalla',10,7,1991,11230.0,0.1,11.8,0.1,2.2,0.0,-9.9
'Zavalla',11,7,1991,7420.0,-1.0,11.9,0.8,1.7,2.8,-9.9
'Zavalla',12,7,1991,9400.0,-0.8,8.6,0.7,2.2,0.2,-9.9
'Zavalla',13,7,1991,11050.0,-2.8,9.4,0.6,1.1,0.0,-9.9
'Zavalla',14,7,1991,11300.0,-4.1,10.8,0.7,0.8,0.0,-9.9
'Zavalla',15,7,1991,6440.0,0.0,12.6,0.7,1.4,0.0,-9.9
'Zavalla',16,7,1991,9790.0,0.2,15.7,0.8,1.9,0.0,-9.9
'Zavalla',17,7,1991,2770.0,6.3,12.6,1.2,4.7,16.0,-9.9
'Zavalla',18,7,1991,10870.0,5.1,14.0,1.0,3.3,0.0,-9.9
'Zavalla',19,7,1991,10400.0,5.8,17.0,1.1,2.2,0.0,-9.9
'Zavalla',20,7,1991,10440.0,7.4,15.5,1.1,3.9,0.0,-9.9
'Zavalla',21,7,1991,9040.0,5.3,14.4,0.9,2.5,0.0,-9.9
'Zavalla',22,7,1991,13540.0,-0.2,13.8,0.7,1.1,0.0,-9.9
'Zavalla',23,7,1991,10690.0,-1.3,13.4,0.8,2.5,0.0,-9.9
'Zavalla',24,7,1991,12960.0,3.4,17.5,0.8,2.5,0.0,-9.9
'Zavalla',25,7,1991,13720.0,3.1,18.2,1.0,2.2,0.0,-9.9
'Zavalla',26,7,1991,12530.0,8.8,23.3,1.4,2.5,0.0,-9.9
'Zavalla',27,7,1991,12350.0,13.7,24.7,1.6,2.8,0.0,-9.9
'Zavalla',28,7,1991,6260.0,13.9,23.3,1.7,3.9,0.0,-9.9
'Zavalla',29,7,1991,2590.0,10.0,14.9,1.3,4.4,0.0,-9.9
'Zavalla',30,7,1991,13720.0,3.9,15.2,0.9,1.9,0.0,-9.9
'Zavalla',31,7,1991,13430.0,0.8,17.6,0.7,4.4,0.0,-9.9
'Zavalla',1,8,1991,14040.0,-4.4,7.0,0.4,3.1,0.0,-9.9
'Zavalla',2,8,1991,14650.0,-4.6,11.1,0.4,1.1,0.0,-9.9
'Zavalla',3,8,1991,14400.0,-3.7,12.0,0.6,2.8,0.0,-9.9
'Zavalla',4,8,1991,10840.0,0.0,13.6,0.8,1.4,0.0,-9.9
'Zavalla',5,8,1991,13640.0,-0.7,16.2,0.7,1.1,0.0,-9.9
'Zavalla',6,8,1991,13610.0,-0.5,16.6,0.7,1.1,0.0,-9.9
'Zavalla',7,8,1991,10260.0,1.3,11.7,0.9,2.8,0.0,-9.9
'Zavalla',8,8,1991,6050.0,4.7,14.3,1.1,3.1,0.0,-9.9
'Zavalla',9,8,1991,3600.0,5.7,9.9,1.1,5.3,20.5,-9.9
'Zavalla',10,8,1991,15340.0,0.2,11.0,0.7,2.5,0.0,-9.9
'Zavalla',11,8,1991,15050.0,-2.1,12.6,0.7,1.1,0.0,-9.9
'Zavalla',12,8,1991,14580.0,1.1,16.0,0.8,1.7,0.0,-9.9
'Zavalla',13,8,1991,12670.0,2.7,18.7,1.0,2.8,0.0,-9.9
'Zavalla',14,8,1991,15520.0,7.4,26.4,1.6,5.0,0.0,-9.9
'Zavalla',15,8,1991,11520.0,18.8,26.8,2.0,5.0,0.0,-9.9
'Zavalla',16,8,1991,12200.0,17.9,27.6,1.9,3.6,0.0,-9.9
'Zavalla',17,8,1991,9720.0,10.9,24.8,1.6,4.4,0.0,-9.9
'Zavalla',18,8,1991,12920.0,6.3,17.4,1.1,2.2,0.0,-9.9
'Zavalla',19,8,1991,10510.0,10.6,25.3,1.5,1.7,0.0,-9.9
'Zavalla',20,8,1991,5690.0,13.1,20.1,1.6,3.9,0.0,-9.9
'Zavalla',21,8,1991,10510.0,11.0,21.7,1.6,3.9,0.0,-9.9
'Zavalla',22,8,1991,6840.0,11.9,18.2,1.5,3.3,10.2,-9.9
'Zavalla',23,8,1991,6950.0,10.9,16.4,1.4,2.8,0.0,-9.9
'Zavalla',24,8,1991,9470.0,11.3,18.0,1.4,1.9,0.0,-9.9
'Zavalla',25,8,1991,7310.0,11.1,17.8,1.6,3.6,1.9,-9.9
'Zavalla',26,8,1991,11270.0,6.2,19.1,1.3,1.9,4.3,-9.9
'Zavalla',27,8,1991,17500.0,2.4,18.0,1.0,1.7,0.0,-9.9
'Zavalla',28,8,1991,13030.0,6.5,20.2,1.5,1.4,0.0,-9.9
'Zavalla',29,8,1991,14510.0,11.7,24.8,1.9,1.7,0.0,-9.9
'Zavalla',30,8,1991,6910.0,10.9,24.6,1.9,6.7,10.0,-9.9
'Zavalla',31,8,1991,3060.0,8.4,10.4,1.1,6.7,1.0,-9.9
'Zavalla',1,9,1991,8280.0,8.6,16.2,1.2,5.6,0.4,-9.9
'Zavalla',2,9,1991,6480.0,12.5,17.8,1.5,2.2,0.4,-9.9
'Zavalla',3,9,1991,6260.0,13.1,19.4,1.8,2.8,0.0,-9.9
'Zavalla',4,9,1991,15880.0,15.2,26.0,2.0,4.2,0.0,-9.9
'Zavalla',5,9,1991,9650.0,17.1,25.0,2.0,3.9,6.2,-9.9
'Zavalla',6,9,1991,12420.0,11.1,18.3,1.5,3.1,16.1,-9.9
'Zavalla',7,9,1991,19440.0,7.2,19.2,1.1,1.9,0.0,-9.9
'Zavalla',8,9,1991,16990.0,5.6,18.6,1.1,3.1,0.0,-9.9
'Zavalla',9,9,1991,11840.0,9.1,21.5,1.6,1.7,0.0,-9.9
'Zavalla',10,9,1991,17030.0,14.2,25.9,1.4,1.4,0.0,-9.9
'Zavalla',11,9,1991,17750.0,16.2,26.6,2.0,3.1,0.0,-9.9
'Zavalla',12,9,1991,19220.0,17.6,28.7,2.2,4.4,0.0,-9.9
'Zavalla',13,9,1991,13680.0,14.9,26.6,1.5,6.1,0.0,-9.9
'Zavalla',14,9,1991,10550.0,8.8,14.9,1.0,3.6,2.2,-9.9
'Zavalla',15,9,1991,11660.0,7.2,10.8,1.0,4.7,0.2,-9.9
'Zavalla',16,9,1991,4500.0,10.0,15.8,1.5,1.7,0.9,-9.9
'Zavalla',17,9,1991,6660.0,10.0,15.8,1.5,2.5,0.1,-9.9
'Zavalla',18,9,1991,21890.0,4.9,22.7,1.0,2.5,0.0,-9.9
'Zavalla',19,9,1991,20520.0,7.3,20.3,1.1,3.9,0.0,-9.9
'Zavalla',20,9,1991,9070.0,12.9,21.4,1.4,2.2,0.0,-9.9
'Zavalla',21,9,1991,14900.0,7.9,21.6,1.1,3.9,0.0,-9.9
'Zavalla',22,9,1991,23690.0,5.0,20.0,0.7,2.5,0.0,-9.9
'Zavalla',23,9,1991,22180.0,3.8,19.6,0.8,3.1,0.0,-9.9
'Zavalla',24,9,1991,9360.0,4.8,19.4,1.0,3.6,0.0,-9.9
'Zavalla',25,9,1991,24300.0,8.4,23.3,1.1,2.5,0.0,-9.9
'Zavalla',26,9,1991,24520.0,7.1,25.8,1.4,3.6,0.0,-9.9
'Zavalla',27,9,1991,10910.0,7.8,20.1,1.6,4.4,7.7,-9.9
'Zavalla',28,9,1991,21640.0,4.1,16.1,0.8,1.7,0.0,-9.9
'Zavalla',29,9,1991,21530.0,3.5,20.7,0.7,3.1,0.0,-9.9
'Zavalla',30,9,1991,25240.0,6.8,22.9,0.9,3.9,0.0,-9.9
'Zavalla',1,10,1991,9940.0,5.5,5.7,0.9,1.9,0.2,-9.9
'Zavalla',2,10,1991,15480.0,8.6,20.4,1.0,1.9,0.2,-9.9
'Zavalla',3,10,1991,3460.0,7.9,20.4,1.1,4.4,0.0,-9.9
'Zavalla',4,10,1991,15480.0,7.6,22.3,1.1,4.7,0.0,-9.9
'Zavalla',5,10,1991,1690.0,8.5,13.7,1.2,5.6,11.7,-9.9
'Zavalla',6,10,1991,19980.0,4.1,14.6,0.9,3.1,0.4,-9.9
'Zavalla',7,10,1991,21560.0,1.2,17.4,0.8,1.7,0.0,-9.9
'Zavalla',8,10,1991,23260.0,4.9,19.1,0.8,2.2,0.0,-9.9
'Zavalla',9,10,1991,24120.0,3.3,24.3,1.0,2.5,0.0,-9.9
'Zavalla',10,10,1991,24700.0,11.0,26.6,1.0,3.1,0.0,-9.9
'Zavalla',11,10,1991,22610.0,11.0,28.6,1.5,5.3,0.0,-9.9
'Zavalla',12,10,1991,21420.0,17.6,33.6,1.9,3.6,0.0,-9.9
'Zavalla',13,10,1991,10370.0,15.1,25.7,1.9,5.0,0.0,-9.9
'Zavalla',14,10,1991,7270.0,11.8,20.2,1.7,5.3,0.0,-9.9
'Zavalla',15,10,1991,7560.0,11.1,14.2,1.3,5.6,2.0,-9.9
'Zavalla',16,10,1991,11450.0,6.8,14.5,1.0,5.3,0.0,-9.9
'Zavalla',17,10,1991,27650.0,4.3,22.4,0.8,3.1,0.0,-9.9
'Zavalla',18,10,1991,25740.0,8.3,26.2,1.0,3.3,0.0,-9.9
'Zavalla',19,10,1991,25340.0,11.7,29.5,1.3,2.5,0.0,-9.9
'Zavalla',20,10,1991,26960.0,12.6,28.9,1.5,3.1,0.0,-9.9
'Zavalla',21,10,1991,19010.0,15.4,29.0,1.0,4.4,1.2,-9.9
'Zavalla',22,10,1991,5800.0,12.7,27.7,2.1,6.9,37.3,-9.9
'Zavalla',23,10,1991,29090.0,9.8,20.5,1.0,3.1,0.0,-9.9
'Zavalla',24,10,1991,24050.0,7.7,19.3,1.2,3.1,0.0,-9.9
'Zavalla',25,10,1991,23760.0,9.9,23.3,1.5,1.1,0.0,-9.9
'Zavalla',26,10,1991,26750.0,10.2,25.7,1.6,2.8,0.0,-9.9
'Zavalla',27,10,1991,6050.0,14.0,26.0,1.9,3.3,0.0,-9.9
'Zavalla',28,10,1991,7020.0,15.7,21.3,1.9,5.3,16.5,-9.9
'Zavalla',29,10,1991,6950.0,14.8,16.5,1.7,4.4,17.5,-9.9
'Zavalla',30,10,1991,14110.0,14.7,21.2,1.7,3.6,0.2,-9.9
'Zavalla',31,10,1991,9830.0,13.6,19.5,1.7,2.8,0.0,-9.9
'Zavalla',1,11,1991,19260.0,13.0,23.2,1.8,3.1,0.0,-9.9
'Zavalla',2,11,1991,27610.0,12.5,24.5,1.6,3.9,0.0,-9.9
'Zavalla',3,11,1991,29480.0,14.0,25.2,1.6,3.9,0.0,-9.9
'Zavalla',4,11,1991,23620.0,15.8,26.7,1.8,3.3,0.0,-9.9
'Zavalla',5,11,1991,9540.0,16.0,26.7,2.1,3.1,27.0,-9.9
'Zavalla',6,11,1991,28760.0,14.9,24.5,1.7,3.9,2.3,-9.9
'Zavalla',7,11,1991,26890.0,11.9,21.6,1.5,1.7,0.0,-9.9
'Zavalla',8,11,1991,29160.0,9.4,24.6,1.5,1.1,0.0,-9.9
'Zavalla',9,11,1991,21020.0,11.7,27.4,1.7,2.5,0.0,-9.9
'Zavalla',10,11,1991,22180.0,10.9,24.0,1.6,3.9,3.8,-9.9
'Zavalla',11,11,1991,24800.0,8.1,19.2,1.0,2.5,0.0,-9.9
'Zavalla',12,11,1991,29450.0,6.0,21.0,1.0,1.7,0.0,-9.9
'Zavalla',13,11,1991,18400.0,8.8,21.4,1.2,1.9,0.0,-9.9
'Zavalla',14,11,1991,23980.0,13.3,24.9,1.4,2.2,0.0,-9.9
'Zavalla',15,11,1991,24730.0,12.9,26.5,1.7,1.9,0.0,-9.9
'Zavalla',16,11,1991,24260.0,14.0,27.4,1.7,3.3,0.0,-9.9
'Zavalla',17,11,1991,20880.0,14.7,26.9,1.6,4.4,12.3,-9.9
'Zavalla',18,11,1991,25270.0,14.6,26.1,1.7,1.7,0.0,-9.9
'Zavalla',19,11,1991,33370.0,10.9,26.0,1.0,2.2,0.0,-9.9
'Zavalla',20,11,1991,31750.0,10.7,28.7,1.4,2.8,0.0,-9.9
'Zavalla',21,11,1991,30820.0,14.7,32.2,1.7,2.8,0.0,-9.9
'Zavalla',22,11,1991,22750.0,17.5,35.0,1.8,6.1,0.0,-9.9
'Zavalla',23,11,1991,17960.0,17.2,27.9,1.1,4.4,0.0,-9.9
'Zavalla',24,11,1991,28620.0,12.0,22.5,1.4,3.1,3.5,-9.9
'Zavalla',25,11,1991,15260.0,10.5,24.0,1.4,4.2,0.0,-9.9
'Zavalla',26,11,1991,33190.0,12.9,25.5,1.2,2.8,0.0,-9.9
'Zavalla',27,11,1991,27220.0,11.1,29.5,1.4,2.5,0.0,-9.9
'Zavalla',28,11,1991,21350.0,16.1,33.3,2.0,4.4,0.0,-9.9
'Zavalla',29,11,1991,31570.0,18.2,28.9,2.2,2.2,22.6,-9.9
'Zavalla',30,11,1991,27900.0,16.9,30.4,1.9,3.3,0.0,-9.9
'Zavalla',1,12,1991,27860.0,18.2,31.5,2.1,1.7,0.0,-9.9
'Zavalla',2,12,1991,16670.0,17.0,31.6,2.2,3.3,3.1,-9.9
'Zavalla',3,12,1991,22070.0,18.4,30.7,2.3,1.7,3.5,-9.9
'Zavalla',4,12,1991,11520.0,19.3,32.6,2.2,3.3,9.0,-9.9
'Zavalla',5,12,1991,29200.0,17.4,28.8,2.3,1.1,0.0,-9.9
'Zavalla',6,12,1991,32040.0,18.3,33.4,2.1,3.1,0.0,-9.9
'Zavalla',7,12,1991,9360.0,19.1,26.5,2.0,3.6,0.0,-9.9
'Zavalla',8,12,1991,14760.0,18.4,31.3,2.0,4.2,18.6,-9.9
'Zavalla',9,12,1991,18760.0,19.1,27.6,2.2,1.9,5.0,-9.9
'Zavalla',10,12,1991,20200.0,15.0,28.0,2.3,3.9,6.9,-9.9
'Zavalla',11,12,1991,24730.0,15.1,21.9,1.7,3.1,21.6,-9.9
'Zavalla',12,12,1991,32220.0,12.6,24.1,1.5,1.7,4.5,-9.9
'Zavalla',13,12,1991,28760.0,13.8,28.0,2.0,1.4,0.0,-9.9
'Zavalla',14,12,1991,13460.0,18.2,24.5,2.2,2.8,0.0,-9.9
'Zavalla',15,12,1991,20700.0,17.3,26.3,2.1,1.1,0.0,-9.9
'Zavalla',16,12,1991,21670.0,16.0,29.9,2.0,2.5,9.5,-9.9
'Zavalla',17,12,1991,23400.0,16.8,26.2,1.9,1.1,0.0,-9.9
'Zavalla',18,12,1991,25450.0,15.4,30.5,2.3,1.9,0.0,-9.9
'Zavalla',19,12,1991,7990.0,15.6,26.1,2.3,1.7,19.5,-9.9
'Zavalla',20,12,1991,15160.0,13.7,30.1,2.1,1.7,0.0,-9.9
'Zavalla',21,12,1991,6910.0,19.9,25.7,2.2,1.7,0.0,-9.9
'Zavalla',22,12,1991,30820.0,19.0,29.0,2.2,1.4,0.0,-9.9
'Zavalla',23,12,1991,23440.0,16.8,31.1,2.3,1.9,0.0,-9.9
'Zavalla',24,12,1991,21130.0,19.1,30.8,2.5,2.8,0.0,-9.9
'Zavalla',25,12,1991,9360.0,14.4,25.0,2.0,3.6,71.0,-9.9
'Zavalla',26,12,1991,34200.0,10.2,22.3,1.2,1.9,0.0,-9.9
'Zavalla',27,12,1991,33770.0,11.5,25.7,1.7,2.5,0.0,-9.9
'Zavalla',28,12,1991,25560.0,15.4,26.1,2.0,2.5,0.0,-9.9
'Zavalla',29,12,1991,15550.0,19.0,30.2,2.4,2.8,7.7,-9.9
'Zavalla',30,12,1991,8570.0,19.9,25.5,2.4,2.5,35.1,-9.9
'Zavalla',31,12,1991,10300.0,20.9,25.5,2.6,2.5,26.2,-9.9
