* Source of data    : Zavalla local weather station 
* File content      : Meteo input file for Swap 3.2 (www.swap.alterra.nl) 
* File generated at :  Mon Oct 03 22:18:27 2016 
station,DD,MM,YYYY,Rad,Tmin,Tmax,Hum,Wind,Rain,ETref 
'Zavalla',1,1,2012,30500.0,16.7,29.3,1.8,2.40,0.0,-9.9
'Zavalla',2,1,2012,28300.0,12.2,32.9,1.7,1.40,0.0,-9.9
'Zavalla',3,1,2012,27700.0,17.0,31.8,2.0,2.30,0.0,-9.9
'Zavalla',4,1,2012,31100.0,14.5,32.4,1.8,2.50,0.0,-9.9
'Zavalla',5,1,2012,30900.0,14.6,35.7,1.7,2.00,0.0,-9.9
'Zavalla',6,1,2012,30300.0,16.9,36.8,2.2,2.20,0.0,-9.9
'Zavalla',7,1,2012,30100.0,19.4,34.3,2.0,3.10,0.0,-9.9
'Zavalla',8,1,2012,30700.0,20.3,34.8,2.2,3.40,0.0,-9.9
'Zavalla',9,1,2012,26100.0,20.6,38.8,2.5,4.30,0.0,-9.9
'Zavalla',10,1,2012,21400.0,21.7,37.0,2.5,4.00,34.2,-9.9
'Zavalla',11,1,2012, 8500.0,18.2,26.7,2.3,2.80,0.0,-9.9
'Zavalla',12,1,2012,30800.0,18.0,30.5,1.9,3.10,0.0,-9.9
'Zavalla',13,1,2012,29800.0,15.9,27.9,1.6,2.70,0.0,-9.9
'Zavalla',14,1,2012,30900.0,10.7,26.9,1.5,1.90,0.0,-9.9
'Zavalla',15,1,2012,30400.0,13.2,28.9,1.7,2.10,0.0,-9.9
'Zavalla',16,1,2012,29800.0,14.9,32.8,2.0,1.70,0.0,-9.9
'Zavalla',17,1,2012,29300.0,17.7,34.5,2.1,1.90,0.0,-9.9
'Zavalla',18,1,2012,29200.0,16.8,34.4,2.2,1.90,0.0,-9.9
'Zavalla',19,1,2012,27000.0,22.1,33.8,2.3,1.20,0.0,-9.9
'Zavalla',20,1,2012,28800.0,20.9,36.1,2.1,1.90,0.0,-9.9
'Zavalla',21,1,2012,10700.0,20.1,28.5,2.5,1.50,0.0,-9.9
'Zavalla',22,1,2012,28500.0,17.7,32.7,2.4,2.00,0.0,-9.9
'Zavalla',23,1,2012,25500.0,18.6,34.2,2.3,2.70,40.0,-9.9
'Zavalla',24,1,2012,26700.0,18.5,28.5,1.9,4.20,0.0,-9.9
'Zavalla',25,1,2012,28500.0,13.9,27.2,1.6,2.90,0.0,-9.9
'Zavalla',26,1,2012,29800.0,14.6,27.5,1.8,2.40,0.0,-9.9
'Zavalla',27,1,2012,29700.0,14.8,30.5,1.7,3.40,0.0,-9.9
'Zavalla',28,1,2012,28700.0,17.5,30.0,1.8,3.20,0.0,-9.9
'Zavalla',29,1,2012,28600.0,18.0,34.5,2.6,2.80,0.0,-9.9
'Zavalla',30,1,2012,20800.0,21.2,32.9,2.3,2.80,0.0,-9.9
'Zavalla',31,1,2012,17700.0,22.5,27.6,2.5,3.20,0.0,-9.9
'Zavalla',1,2,2012,17210.0,19.70,27.80,0.23,2.10,4.70,-9.9
'Zavalla',2,2,2012,27500.0,19.4,28.9,2.4,2.00,0.0,-9.9
'Zavalla',3,2,2012,26900.0,18.1,30.8,2.3,2.10,0.0,-9.9
'Zavalla',4,2,2012,27800.0,18.6,33.0,2.6,1.80,0.0,-9.9
'Zavalla',5,2,2012,17900.0,20.8,26.8,2.5,2.40,62.5,-9.9
'Zavalla',6,2,2012,23700.0,22.0,31.5,2.7,1.20,0.0,-9.9
'Zavalla',7,2,2012,24100.0,22.7,31.6,2.9,2.30,0.0,-9.9
'Zavalla',8,2,2012,20800.0,19.5,27.4,2.2,4.00,68.5,-9.9
'Zavalla',9,2,2012,25400.0,16.1,25.1,1.7,3.30,0.0,-9.9
'Zavalla',10,2,2012,27800.0,12.6,26.0,1.8,2.10,0.0,-9.9
'Zavalla',11,2,2012,26800.0,12.6,28.7,1.7,1.70,0.0,-9.9
'Zavalla',12,2,2012,27300.0,16.0,30.5,2.0,2.60,0.0,-9.9
'Zavalla',13,2,2012,27000.0,16.8,31.6,2.1,2.40,0.0,-9.9
'Zavalla',14,2,2012,25100.0,19.8,32.4,1.9,1.90,0.0,-9.9
'Zavalla',15,2,2012,26300.0,18.9,36.7,2.5,2.40,0.0,-9.9
'Zavalla',16,2,2012,23100.0,24.2,35.8,2.8,2.70,0.0,-9.9
'Zavalla',17,2,2012,17000.0,22.8,33.7,3.0,3.10,0.0,-9.9
'Zavalla',18,2,2012,25500.0,25.2,35.7,2.9,3.20,0.0,-9.9
'Zavalla',19,2,2012,25100.0,22.7,28.0,2.9,2.40,10.6,-9.9
'Zavalla',20,2,2012, 6900.0,22.3,24.2,2.7,1.60,13.5,-9.9
'Zavalla',21,2,2012,16600.0,18.4,25.7,2.1,3.30,0.0,-9.9
'Zavalla',22,2,2012,26800.0,14.0,27.8,2.0,2.20,0.0,-9.9
'Zavalla',23,2,2012,25600.0,14.3,25.0,1.8,2.40,0.0,-9.9
'Zavalla',24,2,2012,24200.0,14.0,26.7,2.1,2.40,0.0,-9.9
'Zavalla',25,2,2012,16500.0,15.8,28.7,2.1,2.80,0.0,-9.9
'Zavalla',26,2,2012,26400.0,14.9,26.6,1.9,2.40,0.0,-9.9
'Zavalla',27,2,2012,25900.0,12.9,29.3,2.0,2.90,45.0,-9.9
'Zavalla',28,2,2012,13700.0,17.4,23.4,2.2,2.20,9.8,-9.9
'Zavalla',29,2,2012,13100.0,18.6,23.8,2.2,4.20,6.3,-9.9
'Zavalla',1,3,2012,24200.0,13.1,25.1,1.8,2.70,0.0,-9.9
'Zavalla',2,3,2012,24500.0,12.0,27.2,2.0,2.20,0.0,-9.9
'Zavalla',3,3,2012,24900.0,16.9,29.6,2.4,2.70,0.0,-9.9
'Zavalla',4,3,2012,24300.0,19.9,32.2,2.6,3.40,0.0,-9.9
'Zavalla',5,3,2012,10500.0,20.8,33.0,2.6,2.90,0.0,-9.9
'Zavalla',6,3,2012, 9500.0,19.1,25.4,2.4,1.60,0.0,-9.9
'Zavalla',7,3,2012,21000.0,17.8,28.8,2.5,1.70,0.0,-9.9
'Zavalla',8,3,2012,19700.0,18.5,31.4,2.9,2.40,0.0,-9.9
'Zavalla',9,3,2012,22200.0,22.1,31.3,3.0,2.90,0.0,-9.9
'Zavalla',10,3,2012,23200.0,20.5,32.8,2.7,2.20,0.0,-9.9
'Zavalla',11,3,2012,23000.0,22.3,33.9,3.0,2.90,0.0,-9.9
'Zavalla',12,3,2012,21600.0,23.9,29.2,2.7,2.20,0.0,-9.9
'Zavalla',13,3,2012,22200.0,19.2,25.6,2.2,2.40,0.0,-9.9
'Zavalla',14,3,2012,22400.0,15.1,25.3,1.6,2.70,0.0,-9.9
'Zavalla',15,3,2012,20900.0,10.7,25.5,1.6,1.40,0.0,-9.9
'Zavalla',16,3,2012,21300.0,13.10,25.4,1.8,2.50,0.0,-9.9
'Zavalla',17,3,2012,21900.0,13.9,27.0,1.8,2.40,0.0,-9.9
'Zavalla',18,3,2012,21200.0,12.1,30.9,2.2,2.50,0.0,-9.9
'Zavalla',19,3,2012,15900.0,19.6,32.8,2.6,2.50,42.8,-9.9
'Zavalla',20,3,2012, 6500.0,18.5,23.2,2.3,2.70,0.0,-9.9
'Zavalla',21,3,2012,13900.0,18.6,25.0,1.9,2.40,0.0,-9.9
'Zavalla',22,3,2012,19300.0,14.2,23.2,1.6,3.20,0.0,-9.9
'Zavalla',23,3,2012, 5600.0,8.2,21.5,1.4,1.90,0.0,-9.9
'Zavalla',24,3,2012, 5600.0,7.7,23.7,1.6,2.00,0.0,-9.9
'Zavalla',25,3,2012, 5500.0,13.6,24.9,2.0,1.60,0.0,-9.9
'Zavalla',26,3,2012, 5500.0,12.1,24.0,1.5,4.10,0.0,-9.9
'Zavalla',27,3,2012, 5400.0,7.9,18.9,1.1,3.40,0.0,-9.9
'Zavalla',28,3,2012,19900.0,4.6,22.6,1.2,3.40,0.0,-9.9
'Zavalla',29,3,2012,15500.0,11.7,25.3,1.6,1.70,0.0,-9.9
'Zavalla',30,3,2012,20700.0,10.0,27.5,1.8,1.80,0.0,-9.9
'Zavalla',31,3,2012,19900.0,14.3,28.1,1.6,2.80,0.0,-9.9
'Zavalla',1,4,2012,20000.0,13.0,29.1,1.8,2.10,0.0,-9.9
'Zavalla',2,4,2012, 5600.0,15.4,25.7,2.1,1.90,0.0,-9.9
'Zavalla',3,4,2012,17500.0,17.0,29.8,2.1,2.20,0.0,-9.9
'Zavalla',4,4,2012,18300.0,18.6,32.9,2.4,3.40,0.0,-9.9
'Zavalla',5,4,2012,18700.0,14.5,28.3,1.2,2.80,0.0,-9.9
'Zavalla',6,4,2012,17800.0,7.0,26.7,1.2,2.10,0.0,-9.9
'Zavalla',7,4,2012,18300.0,11.2,30.4,1.7,2.70,0.0,-9.9
'Zavalla',8,4,2012,15100.0,15.2,26.0,1.7,2.40,0.5,-9.9
'Zavalla',9,4,2012,16300.0,16.0,28.4,2.0,2.50,0.0,-9.9
'Zavalla',10,4,2012,17400.0,16.8,28.3,2.2,1.90,0.0,-9.9
'Zavalla',11,4,2012,16800.0,14.4,27.7,2.1,1.70,0.0,-9.9
'Zavalla',12,4,2012,15600.0,14.2,26.5,2.0,1.60,0.0,-9.9
'Zavalla',13,4,2012,17800.0,16.5,21.5,2.0,1.50,0.0,-9.9
'Zavalla',14,4,2012, 9100.0,12.5,25.0,1.8,2.40,0.0,-9.9
'Zavalla',15,4,2012,17000.0,10.5,26.5,1.4,1.60,0.0,-9.9
'Zavalla',16,4,2012,14200.0,13.4,27.1,1.8,2.20,8.2,-9.9
'Zavalla',17,4,2012,17000.0,14.7,27.8,1.8,1.80,0.0,-9.9
'Zavalla',18,4,2012, 9000.0,13.5,25.8,2.0,2.20,0.0,-9.9
'Zavalla',19,4,2012,15900.0,15.3,27.7,1.8,1.70,0.0,-9.9
'Zavalla',20,4,2012,16800.0,11.4,29.8,1.9,2.20,0.0,-9.9
'Zavalla',21,4,2012,15500.0,11.0,20.9,1.2,3.20,0.0,-9.9
'Zavalla',22,4,2012, 4300.0,11.5,14.3,1.3,1.40,0.5,-9.9
'Zavalla',23,4,2012,12800.0,10.1,18.8,1.2,2.10,0.0,-9.9
'Zavalla',24,4,2012, 7800.0,4.5,16.3,1.1,1.90,0.0,-9.9
'Zavalla',25,4,2012,13100.0,10.4,16.0,1.1,1.60,0.0,-9.9
'Zavalla',26,4,2012,12500.0,5.7,15.5,0.9,2.90,0.0,-9.9
'Zavalla',27,4,2012,15800.0,3.1,18.4,1.1,1.90,0.0,-9.9
'Zavalla',28,4,2012, 4100.0,9.9,13.2,1.3,1.70,0.0,-9.9
'Zavalla',29,4,2012, 9700.0,6.2,14.2,1.0,1.80,0.0,-9.9
'Zavalla',30,4,2012,14400.0,2.5,18.6,1.1,2.70,0.0,-9.9
'Zavalla',1,5,2012,13300.0,7.6,18.6,1.1,4.00,0.0,-9.9
'Zavalla',2,5,2012,15300.0,8.0,19.7,1.1,3.50,0.0,-9.9
'Zavalla',3,5,2012,13000.0,6.0,22.6,1.4,2.80,0.0,-9.9
'Zavalla',4,5,2012,14800.0,11.5,25.1,1.7,2.20,0.0,-9.9
'Zavalla',5,5,2012,13600.0,13.5,24.7,1.7,2.10,0.0,-9.9
'Zavalla',6,5,2012,13100.0,10.7,24.4,1.8,3.40,0.0,-9.9
'Zavalla',7,5,2012, 5600.0,14.9,25.9,1.9,2.30,0.0,-9.9
'Zavalla',8,5,2012,11900.0,15.4,27.4,2.0,2.80,0.0,-9.9
'Zavalla',9,5,2012, 8600.0,17.3,26.8,1.9,2.20,3.6,-9.9
'Zavalla',10,5,2012,13000.0,10.8,20.8,1.4,3.00,0.0,-9.9
'Zavalla',11,5,2012, 7700.0,6.4,19.1,1.1,3.20,0.0,-9.9
'Zavalla',12,5,2012,13500.0,2.9,16.7,0.8,1.90,0.0,-9.9
'Zavalla',13,5,2012,12300.0,2.2,18.5,0.9,2.00,0.0,-9.9
'Zavalla',14,5,2012,13900.0,6.3,21.4,1.1,2.10,0.0,-9.9
'Zavalla',15,5,2012,12900.0,6.3,22.8,1.0,3.10,0.0,-9.9
'Zavalla',16,5,2012,13500.0,9.6,25.8,1.7,3.20,0.0,-9.9
'Zavalla',17,5,2012,13000.0,13.8,25.1,1.6,3.70,13.4,-9.9
'Zavalla',18,5,2012, 3500.0,10.1,18.6,1.4,2.40,12.9,-9.9
'Zavalla',19,5,2012, 3500.0,6.8,18.0,1.4,1.70,0.0,-9.9
'Zavalla',20,5,2012, 4100.0,16.2,19.4,1.8,2.20,7.0,-9.9
'Zavalla',21,5,2012, 3700.0,14.9,17.9,1.7,2.40,32.5,-9.9
'Zavalla',22,5,2012, 3400.0,13.4,15.4,1.6,2.20,16.8,-9.9
'Zavalla',23,5,2012, 3400.0,14.0,16.9,1.6,2.50,0.5,-9.9
'Zavalla',24,5,2012, 3300.0,13.9,17.8,1.6,1.50,0.0,-9.9
'Zavalla',25,5,2012,10700.0,12.1,19.7,1.5,2.10,0.0,-9.9
'Zavalla',26,5,2012,12500.0,15.4,20.2,1.6,2.90,0.0,-9.9
'Zavalla',27,5,2012, 3300.0,15.2,21.2,1.8,2.10,0.0,-9.9
'Zavalla',28,5,2012, 9300.0,16.0,21.7,2.0,2.10,0.0,-9.9
'Zavalla',29,5,2012, 8500.0,12.7,24.7,1.5,3.10,0.0,-9.9
'Zavalla',30,5,2012,12100.0,6.5,20.3,1.0,1.90,0.0,-9.9
'Zavalla',31,5,2012,11500.0,6.4,20.7,1.2,1.50,0.0,-9.9
'Zavalla',1,6,2012,11200.0,6.9,20.9,1.2,3.30,0.0,-9.9
'Zavalla',2,6,2012,11800.0,8.9,23.3,1.2,3.50,0.0,-9.9
'Zavalla',3,6,2012, 7100.0,5.0,15.7,1.0,3.20,0.0,-9.9
'Zavalla',4,6,2012,12200.0,3.3,11.8,0.9,3.00,0.0,-9.9
'Zavalla',5,6,2012,11100.0,2.9,15.6,0.9,2.80,0.0,-9.9
'Zavalla',6,6,2012,12000.0,-0.1,8.8,0.6,3.90,0.0,-9.9
'Zavalla',7,6,2012,10400.0,-4.9,11.2,0.5,2.10,0.0,-9.9
'Zavalla',8,6,2012,11600.0,-3.8,14.7,0.6,1.90,0.0,-9.9
'Zavalla',9,6,2012, 6100.0,1.9,13.9,0.7,2.70,0.0,-9.9
'Zavalla',10,6,2012,11000.0,2.0,19.4,0.8,1.60,0.0,-9.9
'Zavalla',11,6,2012, 8800.0,3.3,18.9,1.1,3.20,0.0,-9.9
'Zavalla',12,6,2012, 7100.0,11.7,19.5,1.5,2.90,0.0,-9.9
'Zavalla',13,6,2012, 7800.0,13.7,24.8,1.9,1.90,0.0,-9.9
'Zavalla',14,6,2012, 7700.0,10.9,19.7,1.3,2.80,0.0,-9.9
'Zavalla',15,6,2012,11700.0,10.9,16.1,1.3,3.70,0.0,-9.9
'Zavalla',16,6,2012,11900.0,4.2,12.2,0.8,2.70,0.0,-9.9
'Zavalla',17,6,2012, 3100.0,6.0,8.7,0.8,2.30,6.0,-9.9
'Zavalla',18,6,2012, 3100.0,5.3,8.5,0.9,1.60,0.0,-9.9
'Zavalla',19,6,2012,10000.0,3.1,16.5,1.1,1.80,0.0,-9.9
'Zavalla',20,6,2012,11300.0,5.4,16.7,1.0,2.50,0.0,-9.9
'Zavalla',21,6,2012, 9900.0,7.4,18.0,1.0,2.40,0.0,-9.9
'Zavalla',22,6,2012,11800.0,0.8,20.9,0.9,2.70,0.0,-9.9
'Zavalla',23,6,2012,11900.0,4.3,18.8,0.9,3.00,0.0,-9.9
'Zavalla',24,6,2012,10600.0,8.1,21.9,1.0,2.90,0.0,-9.9
'Zavalla',25,6,2012,11300.0,2.2,16.4,0.9,1.80,0.0,-9.9
'Zavalla',26,6,2012,11200.0,3.8,20.7,1.3,2.70,0.0,-9.9
'Zavalla',27,6,2012,10000.0,10.0,24.9,1.7,2.90,0.0,-9.9
'Zavalla',28,6,2012, 5400.0,15.7,23.2,1.8,2.50,0.1,-9.9
'Zavalla',29,6,2012, 9700.0,13.6,20.5,1.5,2.20,0.9,-9.9
'Zavalla',30,6,2012, 3100.0,12.6,17.5,1.5,1.50,1.5,-9.9
'Zavalla',1,7,2012, 3100.0,15.9,27.0,1.9,2.50,4.0,-9.9
'Zavalla',2,7,2012, 3100.0,7.8,18.9,0.8,4.20,0.0,-9.9
'Zavalla',3,7,2012, 9700.0,4.5,10.9,0.8,1.50,0.0,-9.9
'Zavalla',4,7,2012, 3100.0,1.9,9.7,0.8,1.60,0.0,-9.9
'Zavalla',5,7,2012,11500.0,0.8,11.9,0.5,2.40,0.0,-9.9
'Zavalla',6,7,2012,12200.0,2.0,11.9,0.7,1.80,0.0,-9.9
'Zavalla',7,7,2012,11900.0,-0.1,14.0,0.7,3.40,0.0,-9.9
'Zavalla',8,7,2012,12100.0,1.9,14.9,0.7,3.40,0.0,-9.9
'Zavalla',9,7,2012,12300.0,-0.7,16.5,0.8,1.70,0.0,-9.9
'Zavalla',10,7,2012,12300.0,0.9,13.6,0.6,3.60,0.0,-9.9
'Zavalla',11,7,2012,10000.0,-3.7,12.6,0.5,2.70,0.0,-9.9
'Zavalla',12,7,2012,12600.0,0.8,16.5,0.7,3.20,0.0,-9.9
'Zavalla',13,7,2012,12400.0,3.0,19.0,0.8,3.10,0.0,-9.9
'Zavalla',14,7,2012, 3300.0,3.0,12.3,0.6,2.50,0.0,-9.9
'Zavalla',15,7,2012,10500.0,0.9,10.4,0.7,1.80,0.0,-9.9
'Zavalla',16,7,2012,11600.0,-2.8,12.4,0.6,1.70,0.0,-9.9
'Zavalla',17,7,2012,11700.0,-4.0,15.8,0.6,1.70,0.0,-9.9
'Zavalla',18,7,2012,11900.0,-0.1,19.6,0.8,2.60,0.0,-9.9
'Zavalla',19,7,2012, 7800.0,4.1,21.2,1.0,2.80,0.0,-9.9
'Zavalla',20,7,2012,12600.0,7.8,21.5,1.1,2.40,0.0,-9.9
'Zavalla',21,7,2012,13200.0,3.8,21.5,0.9,3.20,0.0,-9.9
'Zavalla',22,7,2012,13400.0,2.0,16.4,0.8,1.70,0.0,-9.9
'Zavalla',23,7,2012,13400.0,2.0,18.6,1.0,2.00,0.0,-9.9
'Zavalla',24,7,2012,13300.0,3.9,16.1,0.7,3.20,0.0,-9.9
'Zavalla',25,7,2012,13300.0,-3.6,18.7,0.9,2.50,0.0,-9.9
'Zavalla',26,7,2012,13500.0,3.9,21.2,1.1,2.90,0.0,-9.9
'Zavalla',27,7,2012,11900.0,-0.4,16.4,1.0,2.00,0.0,-9.9
'Zavalla',28,7,2012,13300.0,2.0,20.2,1.1,2.80,0.0,-9.9
'Zavalla',29,7,2012,13400.0,2.0,13.9,0.6,3.20,0.0,-9.9
'Zavalla',30,7,2012,13900.0,-3.9,13.3,0.7,2.50,0.0,-9.9
'Zavalla',31,7,2012, 4700.0,1.9,11.0,0.9,2.00,0.0,-9.9
'Zavalla',1,8,2012, 4000.0,4.7,11.6,1.0,1.40,0.0,-9.9
'Zavalla',2,8,2012, 3800.0,2.8,15.1,1.2,3.10,4.5,-9.9
'Zavalla',3,8,2012, 3900.0,10.8,12.6,1.1,3.70,0.0,-9.9
'Zavalla',4,8,2012, 3800.0,10.4,12.5,1.0,2.70,0.0,-9.9
'Zavalla',5,8,2012,11500.0,6.6,15.5,1.0,1.90,0.0,-9.9
'Zavalla',6,8,2012, 4500.0,4.1,17.8,1.1,2.90,19.7,-9.9
'Zavalla',7,8,2012, 4000.0,11.2,15.1,1.2,2.80,10.1,-9.9
'Zavalla',8,8,2012, 5900.0,7.8,14.8,1.1,4.00,0.0,-9.9
'Zavalla',9,8,2012,14000.0,11.0,23.2,1.1,2.20,0.0,-9.9
'Zavalla',10,8,2012,12300.0,9.9,25.2,1.4,2.40,0.0,-9.9
'Zavalla',11,8,2012,10600.0,15.6,26.3,1.7,3.50,0.0,-9.9
'Zavalla',12,8,2012,15200.0,9.2,17.6,0.9,2.90,0.0,-9.9
'Zavalla',13,8,2012,11100.0,0.9,16.9,0.8,2.50,0.0,-9.9
'Zavalla',14,8,2012, 4200.0,9.2,17.7,1.5,1.70,30.7,-9.9
'Zavalla',15,8,2012, 7900.0,14.8,20.8,1.8,2.40,30.7,-9.9
'Zavalla',16,8,2012, 5000.0,14.7,19.9,1.8,2.80,20.2,-9.9
'Zavalla',17,8,2012, 4300.0,15.7,17.9,1.9,3.60,37.8,-9.9
'Zavalla',18,8,2012, 4300.0,11.3,16.8,1.3,3.10,0.0,-9.9
'Zavalla',19,8,2012,13700.0,6.4,18.0,1.2,2.00,0.0,-9.9
'Zavalla',20,8,2012, 5600.0,12.1,18.9,1.5,2.80,0.0,-9.9
'Zavalla',21,8,2012,14900.0,4.8,20.0,1.4,2.50,0.0,-9.9
'Zavalla',22,8,2012, 4500.0,11.4,28.5,2.0,4.80,0.8,-9.9
'Zavalla',23,8,2012, 4500.0,12.9,25.0,1.6,4.40,16.5,-9.9
'Zavalla',24,8,2012, 4500.0,8.6,14.9,0.9,4.40,0.0,-9.9
'Zavalla',25,8,2012, 4600.0,1.1,12.8,0.8,2.40,0.0,-9.9
'Zavalla',26,8,2012, 4600.0,3.0,13.3,0.8,2.50,0.0,-9.9
'Zavalla',27,8,2012, 4700.0,-0.1,13.0,0.8,2.20,0.0,-9.9
'Zavalla',28,8,2012, 4700.0,1.5,15.0,0.9,2.50,0.0,-9.9
'Zavalla',29,8,2012,17200.0,5.2,18.6,1.1,3.20,0.0,-9.9
'Zavalla',30,8,2012,12000.0,7.6,21.2,1.3,1.80,0.0,-9.9
'Zavalla',31,8,2012,16700.0,7.9,25.9,1.5,1.70,0.0,-9.9
'Zavalla',1,9,2012,18700.0,7.1,25.7,1.6,1.80,0.0,-9.9
'Zavalla',2,9,2012,17400.0,14.3,28.9,1.9,3.80,0.0,-9.9
'Zavalla',3,9,2012, 5000.0,10.1,18.8,1.3,4.00,0.0,-9.9
'Zavalla',4,9,2012, 5000.0,12.1,18.9,1.5,3.20,2.0,-9.9
'Zavalla',5,9,2012, 5000.0,10.0,14.9,1.4,3.30,12.2,-9.9
'Zavalla',6,9,2012, 5100.0,11.0,14.2,1.4,3.70,42.5,-9.9
'Zavalla',7,9,2012, 5100.0,12.7,15.9,1.5,3.20,0.0,-9.9
'Zavalla',8,9,2012,18000.0,8.7,23.2,1.4,2.90,0.0,-9.9
'Zavalla',9,9,2012,12600.0,8.9,17.5,1.2,3.20,0.0,-9.9
'Zavalla',10,9,2012,18100.0,10.0,20.1,1.4,2.10,0.0,-9.9
'Zavalla',11,9,2012,20200.0,8.3,22.6,1.5,2.00,0.0,-9.9
'Zavalla',12,9,2012,19600.0,7.6,25.4,1.6,1.50,0.0,-9.9
'Zavalla',13,9,2012,20500.0,12.0,24.6,1.6,3.20,0.0,-9.9
'Zavalla',14,9,2012,20000.0,11.4,25.1,1.6,2.50,0.0,-9.9
'Zavalla',15,9,2012,17000.0,12.5,29.4,2.0,2.70,0.0,-9.9
'Zavalla',16,9,2012,15500.0,14.8,25.9,2.0,3.30,0.0,-9.9
'Zavalla',17,9,2012, 8800.0,13.80,18.00,1.5,4.50,0.0,-9.9
'Zavalla',18,9,2012,17400.0,11.8,15.9,1.3,5.70,32.5,-9.9
'Zavalla',19,9,2012,19300.0,8.8,17.0,1.0,3.70,0.0,-9.9
'Zavalla',20,9,2012,22200.0,7.2,13.6,1.1,2.00,4.6,-9.9
'Zavalla',21,9,2012,22200.0,4.9,19.4,1.0,3.10,0.0,-9.9
'Zavalla',22,9,2012,21800.0,4.9,21.4,1.1,1.90,0.0,-9.9
'Zavalla',23,9,2012,20400.0,9.4,21.5,1.4,3.00,0.0,-9.9
'Zavalla',24,9,2012, 7100.0,10.9,17.1,1.1,4.30,0.0,-9.9
'Zavalla',25,9,2012,22300.0,2.2,14.7,0.8,3.20,0.0,-9.9
'Zavalla',26,9,2012,22500.0,0.4,15.9,0.9,2.50,0.0,-9.9
'Zavalla',27,9,2012,20500.0,4.8,19.7,1.1,4.00,0.0,-9.9
'Zavalla',28,9,2012, 6000.0,13.3,18.5,1.4,2.60,0.0,-9.9
'Zavalla',29,9,2012,23200.0,12.0,23.4,1.4,2.40,0.0,-9.9
'Zavalla',30,9,2012,20000.0,9.3,25.8,1.6,2.50,0.0,-9.9
'Zavalla',1,10,2012,17800.0,14.0,24.2,1.8,2.70,3.8,-9.9
'Zavalla',2,10,2012,10700.0,14.8,19.3,1.6,4.10,4.0,-9.9
'Zavalla',3,10,2012,21900.0,10.5,22.5,1.5,2.80,0.0,-9.9
'Zavalla',4,10,2012,22000.0,6.4,20.4,1.6,3.00,0.0,-9.9
'Zavalla',5,10,2012,10000.0,12.1,25.3,2.1,2.40,0.0,-9.9
'Zavalla',6,10,2012, 8900.0,16.1,22.3,1.8,3.10,50.5,-9.9
'Zavalla',7,10,2012, 6800.0,15.9,18.4,1.8,4.30,10.0,-9.9
'Zavalla',8,10,2012, 6400.0,15.2,18.9,1.9,3.20,7.9,-9.9
'Zavalla',9,10,2012,10300.0,16.0,20.3,1.9,4.00,15.0,-9.9
'Zavalla',10,10,2012,24700.0,9.2,17.0,1.1,3.20,0.0,-9.9
'Zavalla',11,10,2012, 6600.0,5.2,19.9,1.4,2.40,0.0,-9.9
'Zavalla',12,10,2012,24800.0,7.8,22.4,1.6,3.00,0.0,-9.9
'Zavalla',13,10,2012,25300.0,9.8,24.3,1.7,3.00,0.0,-9.9
'Zavalla',14,10,2012,20400.0,15.7,26.9,2.1,3.90,13.7,-9.9
'Zavalla',15,10,2012, 6700.0,15.4,21.5,1.8,3.20,29.8,-9.9
'Zavalla',16,10,2012, 6800.0,12.1,17.3,1.5,5.70,0.0,-9.9
'Zavalla',17,10,2012, 9900.0,12.9,22.5,1.6,3.00,0.0,-9.9
'Zavalla',18,10,2012,22300.0,8.4,23.2,1.8,2.80,0.0,-9.9
'Zavalla',19,10,2012,24300.0,15.9,22.1,1.8,2.50,0.0,-9.9
'Zavalla',20,10,2012,21900.0,14.4,22.7,1.8,2.40,15.1,-9.9
'Zavalla',21,10,2012,18600.0,14.0,24.8,2.1,2.30,87.8,-9.9
'Zavalla',22,10,2012, 9500.0,15.0,21.7,1.7,5.70,0.9,-9.9
'Zavalla',23,10,2012,26700.0,9.4,21.5,1.4,3.70,0.0,-9.9
'Zavalla',24,10,2012,23600.0,9.6,24.0,1.6,1.70,0.0,-9.9
'Zavalla',25,10,2012,25700.0,10.9,25.30,1.7,1.90,0.0,-9.9
'Zavalla',26,10,2012,27100.0,13.7,27.4,1.8,2.60,0.0,-9.9
'Zavalla',27,10,2012,26800.0,14.8,29.9,2.2,2.50,0.0,-9.9
'Zavalla',28,10,2012,21600.0,17.7,28.4,2.7,2.40,65.5,-9.9
'Zavalla',29,10,2012,15100.0,19.5,24.0,2.3,3.40,3.0,-9.9
'Zavalla',30,10,2012,20500.0,15.7,23.9,1.9,2.70,0.0,-9.9
'Zavalla',31,10,2012, 7300.0,15.6,23.9,1.7,1.90,0.0,-9.9
'Zavalla',1,11,2012,20900.0,13.4,26.0,2.1,1.90,0.0,-9.9
'Zavalla',2,11,2012,27700.0,14.7,28.7,2.1,1.90,0.0,-9.9
'Zavalla',3,11,2012,26300.0,17.8,29.0,2.1,1.60,0.0,-9.9
'Zavalla',4,11,2012,26400.0,17.4,28.3,2.1,1.40,0.0,-9.9
'Zavalla',5,11,2012,27400.0,15.3,31.8,2.1,1.90,0.0,-9.9
'Zavalla',6,11,2012,25000.0,17.2,32.5,2.2,2.80,0.0,-9.9
'Zavalla',7,11,2012,26900.0,18.5,33.3,2.4,3.10,0.0,-9.9
'Zavalla',8,11,2012,28100.0,19.4,33.8,2.7,4.60,0.0,-9.9
'Zavalla',9,11,2012, 8400.0,18.0,27.9,2.2,5.50,10.5,-9.9
'Zavalla',10,11,2012,12600.0,12.6,20.6,1.5,3.70,2.5,-9.9
'Zavalla',11,11,2012,26100.0,14.0,22.6,1.6,2.90,0.0,-9.9
'Zavalla',12,11,2012,28500.0,11.0,24.5,1.5,2.90,0.0,-9.9
'Zavalla',13,11,2012,28600.0,11.4,24.3,1.6,2.40,0.0,-9.9
'Zavalla',14,11,2012,29200.0,11.7,25.8,1.7,2.20,0.0,-9.9
'Zavalla',15,11,2012,29500.0,13.2,26.7,1.6,2.40,0.0,-9.9
'Zavalla',16,11,2012,29600.0,13.5,28.4,1.8,2.70,0.0,-9.9
'Zavalla',17,11,2012,27500.0,17.4,28.9,2.1,2.20,0.0,-9.9
'Zavalla',18,11,2012, 7700.0,17.3,24.2,2.0,1.30,11.6,-9.9
'Zavalla',19,11,2012,28200.0,14.6,30.9,2.3,1.70,0.0,-9.9
'Zavalla',20,11,2012,29700.0,15.8,31.6,2.3,2.70,0.0,-9.9
'Zavalla',21,11,2012,30000.0,18.5,33.4,2.4,4.20,35.0,-9.9
'Zavalla',22,11,2012,15900.0,18.7,27.9,2.4,3.70,0.0,-9.9
'Zavalla',23,11,2012,28900.0,16.5,25.0,1.8,2.90,0.0,-9.9
'Zavalla',24,11,2012,29900.0,11.6,26.4,1.4,2.90,0.0,-9.9
'Zavalla',25,11,2012,29100.0,12.8,25.3,1.6,3.20,0.0,-9.9
'Zavalla',26,11,2012,29600.0,16.9,30.0,2.1,1.60,0.0,-9.9
'Zavalla',27,11,2012,29900.0,15.8,32.2,2.0,2.20,0.0,-9.9
'Zavalla',28,11,2012, 9100.0,19.1,27.3,2.3,2.70,3.5,-9.9
'Zavalla',29,11,2012,26600.0,16.8,28.1,2.3,3.20,35.2,-9.9
'Zavalla',30,11,2012,22300.0,16.5,24.6,2.1,2.60,0.0,-9.9
'Zavalla',1,12,2012,27400.0,13.4,26.5,2.0,1.50,0.0,-9.9
'Zavalla',2,12,2012,25300.0,15.8,31.2,2.0,3.30,2.0,-9.9
'Zavalla',3,12,2012,12100.0,19.7,27.5,2.5,2.00,7.9,-9.9
'Zavalla',4,12,2012,27100.0,19.9,29.8,2.8,2.40,0.0,-9.9
'Zavalla',5,12,2012,29100.0,20.3,30.7,3.0,2.20,0.5,-9.9
'Zavalla',6,12,2012,20500.0,23.1,35.3,3.2,5.30,17.6,-9.9
'Zavalla',7,12,2012,24500.0,15.4,26.3,1.5,3.10,0.0,-9.9
'Zavalla',8,12,2012,30900.0,11.6,29.3,2.0,1.90,0.0,-9.9
'Zavalla',9,12,2012,30900.0,17.3,31.1,2.0,2.90,0.0,-9.9
'Zavalla',10,12,2012,26000.0,19.6,32.9,2.6,4.00,6.5,-9.9
'Zavalla',11,12,2012,30700.0,14.1,29.9,2.0,1.60,0.0,-9.9
'Zavalla',12,12,2012,30500.0,16.8,32.6,2.4,3.30,0.0,-9.9
'Zavalla',13,12,2012,29300.0,15.5,29.9,1.5,2.30,0.0,-9.9
'Zavalla',14,12,2012,21200.0,16.9,32.8,2.2,2.30,15.5,-9.9
'Zavalla',15,12,2012, 9600.0,18.9,30.9,2.5,1.60,0.5,-9.9
'Zavalla',16,12,2012, 9800.0,19.9,25.0,2.4,1.70,17.0,-9.9
'Zavalla',17,12,2012, 8100.0,14.5,19.9,1.7,2.10,47.2,-9.9
'Zavalla',18,12,2012,16500.0,14.5,24.4,2.4,3.20,0.6,-9.9
'Zavalla',19,12,2012, 8100.0,20.0,25.2,2.6,4.40,128.7,-9.9
'Zavalla',20,12,2012,24700.0,17.0,26.2,2.0,4.00,0.0,-9.9
'Zavalla',21,12,2012,31100.0,14.3,27.7,1.8,2.10,0.0,-9.9
'Zavalla',22,12,2012,30400.0,17.4,30.8,2.6,4.00,0.0,-9.9
'Zavalla',23,12,2012,29100.0,20.7,32.2,3.3,3.40,0.0,-9.9
'Zavalla',24,12,2012,29600.0,26.6,36.2,3.6,4.60,0.0,-9.9
'Zavalla',25,12,2012,20500.0,18.7,31.8,1.8,4.00,0.0,-9.9
'Zavalla',26,12,2012,31300.0,15.0,25.5,1.8,2.70,0.0,-9.9
'Zavalla',27,12,2012,29300.0,11.8,25.1,1.8,2.20,0.0,-9.9
'Zavalla',28,12,2012,30800.0,13.7,27.7,1.8,1.90,0.0,-9.9
'Zavalla',29,12,2012,30100.0,17.3,30.0,2.2,2.40,0.0,-9.9
'Zavalla',30,12,2012,30500.0,19.1,32.0,2.4,3.10,0.0,-9.9
'Zavalla',31,12,2012,28000.0,21.3,31.0,2.6,4.40,0.0,-9.9
