* Source of data    : Zavalla local weather station 
* File content      : Meteo input file for Swap 3.2 (www.swap.alterra.nl) 
* File generated at :  Mon Oct 03 22:18:27 2016 
station,DD,MM,YYYY,Rad,Tmin,Tmax,Hum,Wind,Rain,ETref 
'Zavalla',1,1,1994,29770.0,18.0,28.0,2.1,3.6,0.0,-9.9
'Zavalla',2,1,1994,18400.0,14.9,23.8,1.7,2.8,0.0,-9.9
'Zavalla',3,1,1994,27760.0,12.9,26.9,1.8,5.6,0.0,-9.9
'Zavalla',4,1,1994,29990.0,15.9,29.5,2.0,1.9,0.0,-9.9
'Zavalla',5,1,1994,10800.0,16.7,28.8,2.4,1.7,0.0,-9.9
'Zavalla',6,1,1994,24800.0,19.0,33.3,2.7,1.1,0.0,-9.9
'Zavalla',7,1,1994,16850.0,20.1,27.5,2.5,1.9,1.6,-9.9
'Zavalla',8,1,1994,22820.0,18.2,26.3,2.0,3.6,0.0,-9.9
'Zavalla',9,1,1994,33700.0,10.1,26.2,1.6,1.7,0.0,-9.9
'Zavalla',10,1,1994,32330.0,12.2,27.6,1.6,2.2,0.0,-9.9
'Zavalla',11,1,1994,27720.0,14.0,30.2,1.9,1.7,0.0,-9.9
'Zavalla',12,1,1994,28910.0,17.4,32.4,2.4,2.2,0.0,-9.9
'Zavalla',13,1,1994,31860.0,16.3,30.0,2.0,1.9,0.0,-9.9
'Zavalla',14,1,1994,32220.0,16.1,33.1,2.3,2.2,0.0,-9.9
'Zavalla',15,1,1994,17280.0,19.1,32.4,2.5,4.7,0.0,-9.9
'Zavalla',16,1,1994,20810.0,16.9,22.6,1.9,2.8,0.5,-9.9
'Zavalla',17,1,1994,12600.0,14.6,26.4,2.0,1.1,0.0,-9.9
'Zavalla',18,1,1994,26680.0,15.0,32.1,2.2,1.4,0.0,-9.9
'Zavalla',19,1,1994,31360.0,17.9,35.3,2.3,2.8,0.0,-9.9
'Zavalla',20,1,1994,17280.0,20.4,37.2,2.4,5.0,4.8,-9.9
'Zavalla',21,1,1994,27220.0,12.6,24.9,1.3,3.9,0.0,-9.9
'Zavalla',22,1,1994,13720.0,15.7,25.1,1.7,3.6,0.0,-9.9
'Zavalla',23,1,1994,20300.0,19.4,29.2,2.5,5.3,59.8,-9.9
'Zavalla',24,1,1994,6950.0,19.9,24.7,2.3,4.2,5.5,-9.9
'Zavalla',25,1,1994,20560.0,19.4,26.2,2.1,3.3,0.0,-9.9
'Zavalla',26,1,1994,30780.0,15.3,28.7,2.2,1.1,0.0,-9.9
'Zavalla',27,1,1994,31320.0,14.7,29.9,2.1,1.7,0.0,-9.9
'Zavalla',28,1,1994,28120.0,17.4,31.0,2.4,1.4,0.0,-9.9
'Zavalla',29,1,1994,24800.0,18.2,32.0,2.3,1.1,0.0,-9.9
'Zavalla',30,1,1994,23940.0,20.6,32.9,2.7,0.8,0.0,-9.9
'Zavalla',31,1,1994,21600.0,20.5,33.7,2.6,1.7,0.0,-9.9
'Zavalla',1,2,1994,12280.0,20.2,27.5,2.4,1.7,3.2,-9.9
'Zavalla',2,2,1994,16960.0,17.2,28.3,2.4,1.7,3.4,-9.9
'Zavalla',3,2,1994,25880.0,19.5,31.2,2.5,2.2,0.0,-9.9
'Zavalla',4,2,1994,26390.0,16.8,26.6,1.4,3.1,0.0,-9.9
'Zavalla',5,2,1994,25920.0,10.6,22.9,1.0,2.2,0.0,-9.9
'Zavalla',6,2,1994,30060.0,7.6,25.2,1.2,1.7,0.0,-9.9
'Zavalla',7,2,1994,30490.0,12.0,27.7,1.6,1.9,0.0,-9.9
'Zavalla',8,2,1994,9430.0,16.4,24.1,2.1,2.5,0.0,-9.9
'Zavalla',9,2,1994,13070.0,17.8,24.6,2.1,2.8,16.0,-9.9
'Zavalla',10,2,1994,21670.0,15.9,25.2,1.9,1.7,0.0,-9.9
'Zavalla',11,2,1994,18220.0,15.3,26.7,2.0,1.4,0.0,-9.9
'Zavalla',12,2,1994,20990.0,14.7,28.6,2.1,1.7,0.0,-9.9
'Zavalla',13,2,1994,21600.0,17.7,27.8,2.2,1.7,0.0,-9.9
'Zavalla',14,2,1994,25420.0,18.5,29.3,2.1,1.1,0.0,-9.9
'Zavalla',15,2,1994,23000.0,14.9,30.0,2.0,2.5,0.0,-9.9
'Zavalla',16,2,1994,23830.0,15.5,24.9,1.5,3.1,7.5,-9.9
'Zavalla',17,2,1994,24800.0,10.3,23.7,1.2,1.9,0.0,-9.9
'Zavalla',18,2,1994,23150.0,13.9,29.2,1.6,2.5,0.0,-9.9
'Zavalla',19,2,1994,23580.0,15.5,30.7,1.8,1.4,0.0,-9.9
'Zavalla',20,2,1994,23330.0,15.0,30.4,2.0,1.9,0.0,-9.9
'Zavalla',21,2,1994,23720.0,16.1,30.0,2.1,0.8,0.0,-9.9
'Zavalla',22,2,1994,21560.0,16.1,32.9,2.2,1.1,0.0,-9.9
'Zavalla',23,2,1994,20560.0,17.4,30.2,2.1,1.9,0.0,-9.9
'Zavalla',24,2,1994,19400.0,16.3,31.8,2.0,1.1,0.0,-9.9
'Zavalla',25,2,1994,20880.0,16.1,31.3,2.1,1.4,0.0,-9.9
'Zavalla',26,2,1994,17890.0,17.4,29.9,2.2,0.8,0.0,-9.9
'Zavalla',27,2,1994,18250.0,20.6,31.9,2.4,1.7,0.0,-9.9
'Zavalla',28,2,1994,13750.0,21.5,25.7,2.3,2.2,0.0,-9.9
'Zavalla',1,3,1994,25960.0,14.5,26.4,1.5,3.9,0.0,-9.9
'Zavalla',2,3,1994,23470.0,15.8,27.2,1.6,3.3,0.0,-9.9
'Zavalla',3,3,1994,24520.0,12.8,30.0,1.8,2.8,0.0,-9.9
'Zavalla',4,3,1994,26320.0,15.9,32.7,2.0,1.7,0.0,-9.9
'Zavalla',5,3,1994,26350.0,15.9,34.1,2.2,1.7,0.0,-9.9
'Zavalla',6,3,1994,24700.0,16.2,29.1,2.0,2.2,0.0,-9.9
'Zavalla',7,3,1994,21380.0,14.4,29.6,2.2,2.2,0.0,-9.9
'Zavalla',8,3,1994,21670.0,18.3,30.6,2.2,2.2,0.0,-9.9
'Zavalla',9,3,1994,23400.0,17.7,30.6,2.0,1.7,0.0,-9.9
'Zavalla',10,3,1994,19690.0,16.3,31.3,2.3,1.1,0.0,-9.9
'Zavalla',11,3,1994,23470.0,15.7,33.5,2.4,1.4,0.0,-9.9
'Zavalla',12,3,1994,23000.0,17.8,32.9,2.4,2.2,0.0,-9.9
'Zavalla',13,3,1994,20770.0,17.0,33.1,2.5,1.7,0.0,-9.9
'Zavalla',14,3,1994,5800.0,17.9,23.0,2.2,1.4,9.2,-9.9
'Zavalla',15,3,1994,19620.0,15.2,28.2,2.2,3.3,0.0,-9.9
'Zavalla',16,3,1994,8170.0,15.7,21.1,2.1,2.8,16.6,-9.9
'Zavalla',17,3,1994,3780.0,17.3,20.3,2.0,4.7,102.0,-9.9
'Zavalla',18,3,1994,8500.0,16.8,23.0,2.2,2.5,9.5,-9.9
'Zavalla',19,3,1994,19010.0,15.5,26.2,2.1,2.2,0.0,-9.9
'Zavalla',20,3,1994,14440.0,15.6,24.4,1.9,3.3,0.2,-9.9
'Zavalla',21,3,1994,17780.0,14.3,23.6,1.7,2.8,0.0,-9.9
'Zavalla',22,3,1994,22900.0,10.9,24.7,1.8,1.4,0.0,-9.9
'Zavalla',23,3,1994,21420.0,11.7,26.8,2.1,1.9,0.0,-9.9
'Zavalla',24,3,1994,3380.0,13.8,21.5,1.8,2.8,13.4,-9.9
'Zavalla',25,3,1994,19330.0,8.8,21.5,1.4,2.2,0.0,-9.9
'Zavalla',26,3,1994,20810.0,8.1,22.6,1.4,2.2,0.0,-9.9
'Zavalla',27,3,1994,21960.0,12.0,24.6,1.8,2.8,0.0,-9.9
'Zavalla',28,3,1994,7880.0,13.6,25.3,2.3,3.3,1.9,-9.9
'Zavalla',29,3,1994,15550.0,8.4,19.7,1.3,2.2,0.0,-9.9
'Zavalla',30,3,1994,19300.0,6.2,20.0,1.2,1.1,0.0,-9.9
'Zavalla',31,3,1994,21420.0,8.6,23.3,1.5,1.4,0.0,-9.9
'Zavalla',1,4,1994,19580.0,12.0,26.1,1.9,2.5,0.0,-9.9
'Zavalla',2,4,1994,16630.0,14.8,29.7,2.5,1.7,1.9,-9.9
'Zavalla',3,4,1994,5470.0,19.4,23.7,2.3,3.1,116.7,-9.9
'Zavalla',4,4,1994,6050.0,17.6,20.1,2.2,2.5,40.0,-9.9
'Zavalla',5,4,1994,5080.0,13.1,20.6,1.6,5.8,5.5,-9.9
'Zavalla',6,4,1994,13720.0,10.6,18.2,1.3,3.6,0.0,-9.9
'Zavalla',7,4,1994,18500.0,4.4,19.4,1.2,1.1,0.0,-9.9
'Zavalla',8,4,1994,14180.0,5.3,22.2,1.5,1.9,0.0,-9.9
'Zavalla',9,4,1994,8600.0,10.2,21.7,1.5,2.2,0.5,-9.9
'Zavalla',10,4,1994,19010.0,6.6,20.0,1.1,3.1,0.0,-9.9
'Zavalla',11,4,1994,18970.0,6.0,23.9,1.2,1.4,0.0,-9.9
'Zavalla',12,4,1994,17170.0,11.4,25.8,1.7,1.1,0.0,-9.9
'Zavalla',13,4,1994,17420.0,12.0,25.9,1.7,1.4,0.0,-9.9
'Zavalla',14,4,1994,16670.0,9.1,26.4,1.8,0.8,0.0,-9.9
'Zavalla',15,4,1994,18610.0,11.4,27.6,1.8,1.4,0.0,-9.9
'Zavalla',16,4,1994,13100.0,12.6,25.9,2.4,1.7,0.0,-9.9
'Zavalla',17,4,1994,17960.0,10.9,22.5,1.0,3.1,0.0,-9.9
'Zavalla',18,4,1994,16810.0,4.1,17.5,1.0,1.1,0.0,-9.9
'Zavalla',19,4,1994,17350.0,2.8,18.5,0.9,1.1,0.0,-9.9
'Zavalla',20,4,1994,12310.0,6.7,20.5,1.4,1.4,0.0,-9.9
'Zavalla',21,4,1994,17420.0,7.0,24.3,1.1,1.1,0.0,-9.9
'Zavalla',22,4,1994,16380.0,4.7,25.8,1.4,0.6,0.0,-9.9
'Zavalla',23,4,1994,14220.0,7.1,24.9,1.2,2.2,0.0,-9.9
'Zavalla',24,4,1994,10120.0,11.5,20.0,1.6,2.5,2.7,-9.9
'Zavalla',25,4,1994,7560.0,15.3,21.7,2.3,1.7,0.0,-9.9
'Zavalla',26,4,1994,14540.0,19.8,31.7,2.9,2.5,0.0,-9.9
'Zavalla',27,4,1994,6520.0,13.4,26.0,1.6,4.4,0.0,-9.9
'Zavalla',28,4,1994,11380.0,9.2,18.7,1.1,2.2,0.0,-9.9
'Zavalla',29,4,1994,8930.0,9.8,18.7,1.6,2.8,0.0,-9.9
'Zavalla',30,4,1994,8210.0,17.7,28.5,2.6,1.9,16.7,-9.9
'Zavalla',1,5,1994,5260.0,18.9,24.0,2.3,1.9,91.2,-9.9
'Zavalla',2,5,1994,6700.0,17.8,23.3,2.3,1.1,7.8,-9.9
'Zavalla',3,5,1994,6520.0,17.8,22.1,2.2,1.9,0.0,-9.9
'Zavalla',4,5,1994,15520.0,11.0,23.0,1.5,1.1,0.0,-9.9
'Zavalla',5,5,1994,14720.0,11.3,26.0,2.2,2.8,0.0,-9.9
'Zavalla',6,5,1994,6590.0,15.1,30.6,2.4,3.1,13.5,-9.9
'Zavalla',7,5,1994,13280.0,9.1,22.1,1.6,5.3,14.4,-9.9
'Zavalla',8,5,1994,6010.0,12.1,18.8,1.6,2.8,0.0,-9.9
'Zavalla',9,5,1994,14690.0,7.2,15.9,1.0,1.4,0.0,-9.9
'Zavalla',10,5,1994,12100.0,3.9,16.3,1.1,1.9,0.3,-9.9
'Zavalla',11,5,1994,13500.0,9.3,16.9,1.1,1.9,0.0,-9.9
'Zavalla',12,5,1994,13320.0,5.8,19.4,1.3,1.4,0.0,-9.9
'Zavalla',13,5,1994,13360.0,7.2,21.2,1.4,1.7,0.0,-9.9
'Zavalla',14,5,1994,12200.0,9.5,21.2,1.6,2.2,0.0,-9.9
'Zavalla',15,5,1994,13680.0,11.9,22.2,1.6,3.1,0.0,-9.9
'Zavalla',16,5,1994,12420.0,12.8,23.1,1.6,1.7,0.0,-9.9
'Zavalla',17,5,1994,9430.0,12.8,24.1,1.9,1.7,0.0,-9.9
'Zavalla',18,5,1994,11590.0,13.3,24.1,1.9,1.1,3.8,-9.9
'Zavalla',19,5,1994,6520.0,13.1,23.5,1.7,1.7,0.0,-9.9
'Zavalla',20,5,1994,10690.0,12.8,26.0,2.1,1.9,0.0,-9.9
'Zavalla',21,5,1994,8930.0,16.7,25.1,2.2,3.6,0.0,-9.9
'Zavalla',22,5,1994,9760.0,17.6,25.0,2.1,4.7,0.0,-9.9
'Zavalla',23,5,1994,5330.0,17.4,23.3,2.2,1.7,0.0,-9.9
'Zavalla',24,5,1994,6880.0,15.7,19.8,1.9,0.6,0.0,-9.9
'Zavalla',25,5,1994,12200.0,12.6,22.4,1.5,2.2,0.0,-9.9
'Zavalla',26,5,1994,4460.0,9.5,15.7,1.3,1.7,0.2,-9.9
'Zavalla',27,5,1994,10660.0,4.2,16.7,1.1,2.5,3.3,-9.9
'Zavalla',28,5,1994,6620.0,6.9,14.6,1.1,0.8,0.0,-9.9
'Zavalla',29,5,1994,9650.0,5.6,16.7,1.1,3.1,0.0,-9.9
'Zavalla',30,5,1994,3460.0,8.1,12.8,1.2,1.7,0.0,-9.9
'Zavalla',31,5,1994,11380.0,3.9,18.3,1.1,1.1,0.0,-9.9
'Zavalla',1,6,1994,8750.0,5.5,20.1,1.5,3.1,0.0,-9.9
'Zavalla',2,6,1994,4390.0,15.1,18.4,1.9,0.8,7.8,-9.9
'Zavalla',3,6,1994,8860.0,12.5,19.5,1.7,0.8,0.0,-9.9
'Zavalla',4,6,1994,5760.0,6.8,17.7,1.4,2.2,0.0,-9.9
'Zavalla',5,6,1994,4250.0,10.9,17.4,1.6,1.4,0.0,-9.9
'Zavalla',6,6,1994,9360.0,9.2,15.0,1.0,3.1,0.0,-9.9
'Zavalla',7,6,1994,7090.0,5.6,11.4,0.9,1.9,0.0,-9.9
'Zavalla',8,6,1994,11410.0,2.0,15.6,0.9,3.3,0.0,-9.9
'Zavalla',9,6,1994,11380.0,6.4,19.4,1.2,2.5,0.0,-9.9
'Zavalla',10,6,1994,11950.0,8.8,21.4,1.5,2.8,0.0,-9.9
'Zavalla',11,6,1994,7990.0,10.1,21.6,1.9,2.2,0.0,-9.9
'Zavalla',12,6,1994,4860.0,16.3,21.6,2.0,2.5,0.0,-9.9
'Zavalla',13,6,1994,4000.0,11.2,17.9,1.5,2.5,0.0,-9.9
'Zavalla',14,6,1994,3820.0,10.7,19.7,1.9,1.7,0.0,-9.9
'Zavalla',15,6,1994,3740.0,17.4,20.2,2.0,2.5,0.0,-9.9
'Zavalla',16,6,1994,5360.0,12.6,17.4,1.7,0.8,0.8,-9.9
'Zavalla',17,6,1994,3780.0,15.9,18.2,2.0,1.7,0.0,-9.9
'Zavalla',18,6,1994,5000.0,13.2,19.5,1.7,2.2,0.0,-9.9
'Zavalla',19,6,1994,10150.0,5.1,17.6,1.0,2.5,3.6,-9.9
'Zavalla',20,6,1994,4000.0,7.0,11.3,1.1,1.7,23.0,-9.9
'Zavalla',21,6,1994,5110.0,3.5,16.2,1.1,2.2,2.5,-9.9
'Zavalla',22,6,1994,10480.0,6.2,15.0,0.9,4.2,0.0,-9.9
'Zavalla',23,6,1994,9830.0,5.3,17.3,0.8,4.7,0.0,-9.9
'Zavalla',24,6,1994,11230.0,2.4,11.8,0.6,5.8,0.0,-9.9
'Zavalla',25,6,1994,11770.0,0.3,11.7,0.6,4.2,0.0,-9.9
'Zavalla',26,6,1994,11770.0,2.9,16.1,0.8,2.2,0.0,-9.9
'Zavalla',27,6,1994,11700.0,1.7,13.0,0.8,1.4,0.0,-9.9
'Zavalla',28,6,1994,11590.0,2.3,17.1,1.0,4.7,0.0,-9.9
'Zavalla',29,6,1994,11590.0,8.7,19.4,1.1,3.1,0.0,-9.9
'Zavalla',30,6,1994,11520.0,5.9,17.6,1.0,3.1,0.0,-9.9
'Zavalla',1,7,1994,10870.0,3.2,18.9,0.9,1.1,0.0,-9.9
'Zavalla',2,7,1994,11630.0,0.7,17.7,0.8,0.8,0.0,-9.9
'Zavalla',3,7,1994,11020.0,0.9,17.8,0.9,0.6,0.0,-9.9
'Zavalla',4,7,1994,8780.0,4.9,14.1,1.0,2.5,0.0,-9.9
'Zavalla',5,7,1994,8680.0,0.0,9.4,0.8,1.9,0.0,-9.9
'Zavalla',6,7,1994,9900.0,-0.1,10.1,0.7,3.1,1.4,-9.9
'Zavalla',7,7,1994,5800.0,2.6,6.9,0.8,5.8,0.4,-9.9
'Zavalla',8,7,1994,9000.0,1.9,8.2,0.7,4.2,0.0,-9.9
'Zavalla',9,7,1994,12020.0,-3.2,10.8,0.6,1.4,0.0,-9.9
'Zavalla',10,7,1994,12060.0,-2.1,12.4,0.8,2.2,0.0,-9.9
'Zavalla',11,7,1994,11590.0,0.9,13.5,0.8,2.5,0.0,-9.9
'Zavalla',12,7,1994,11700.0,2.3,17.5,0.9,1.9,0.0,-9.9
'Zavalla',13,7,1994,10800.0,5.0,20.1,1.3,1.1,0.0,-9.9
'Zavalla',14,7,1994,11950.0,4.4,20.2,1.3,1.1,0.0,-9.9
'Zavalla',15,7,1994,10190.0,9.6,24.9,1.6,1.9,0.0,-9.9
'Zavalla',16,7,1994,9290.0,14.1,27.3,1.9,1.7,0.0,-9.9
'Zavalla',17,7,1994,7130.0,8.2,18.8,1.1,2.5,0.0,-9.9
'Zavalla',18,7,1994,7130.0,5.6,17.3,1.2,1.4,0.0,-9.9
'Zavalla',19,7,1994,9250.0,8.8,21.1,1.4,3.1,0.0,-9.9
'Zavalla',20,7,1994,6480.0,11.5,20.2,1.7,3.6,0.0,-9.9
'Zavalla',21,7,1994,2300.0,8.9,13.4,1.0,4.60,4.8,-9.9
'Zavalla',22,7,1994,13390.0,0.8,11.4,0.7,2.70,0.0,-9.9
'Zavalla',23,7,1994,13390.0,-1.0,12.5,0.8,4.00,0.0,-9.9
'Zavalla',24,7,1994,11630.0,6.5,19.2,0.9,2.60,0.0,-9.9
'Zavalla',25,7,1994,10330.0,4.2,15.4,0.9,2.30,0.0,-9.9
'Zavalla',26,7,1994,13210.0,-0.1,16.0,0.9,1.9,0.0,-9.9
'Zavalla',27,7,1994,13000.0,4.0,16.4,1.1,3.6,0.4,-9.9
'Zavalla',28,7,1994,9940.0,8.9,14.1,1.2,3.6,0.0,-9.9
'Zavalla',29,7,1994,4640.0,9.0,13.7,1.3,4.7,0.6,-9.9
'Zavalla',30,7,1994,2270.0,12.7,15.5,1.6,1.4,3.5,-9.9
'Zavalla',31,7,1994,2380.0,9.9,14.9,1.3,2.8,0.4,-9.9
'Zavalla',1,8,1994,13540.0,5.1,17.8,0.9,2.8,0.0,-9.9
'Zavalla',2,8,1994,12640.0,4.7,13.8,0.8,3.1,0.0,-9.9
'Zavalla',3,8,1994,14220.0,-0.4,14.2,0.8,1.7,0.0,-9.9
'Zavalla',4,8,1994,14510.0,4.0,18.5,0.9,3.1,0.0,-9.9
'Zavalla',5,8,1994,14620.0,6.0,19.5,1.1,2.8,0.0,-9.9
'Zavalla',6,8,1994,14620.0,6.6,21.9,1.3,2.2,0.0,-9.9
'Zavalla',7,8,1994,8820.0,11.1,20.2,1.5,2.5,5.6,-9.9
'Zavalla',8,8,1994,3460.0,8.8,15.9,1.4,3.6,7.7,-9.9
'Zavalla',9,8,1994,15910.0,3.7,15.6,0.9,2.5,0.0,-9.9
'Zavalla',10,8,1994,15840.0,1.3,20.6,1.0,2.2,0.0,-9.9
'Zavalla',11,8,1994,14540.0,8.0,22.4,1.2,5.0,0.0,-9.9
'Zavalla',12,8,1994,13460.0,10.2,21.6,1.3,2.8,0.0,-9.9
'Zavalla',13,8,1994,15260.0,7.9,19.7,0.9,3.6,0.0,-9.9
'Zavalla',14,8,1994,10330.0,4.0,15.7,0.9,3.3,0.0,-9.9
'Zavalla',15,8,1994,13680.0,6.1,13.7,0.9,1.7,0.0,-9.9
'Zavalla',16,8,1994,15950.0,-0.5,12.7,0.8,1.7,0.0,-9.9
'Zavalla',17,8,1994,16240.0,1.8,16.0,1.0,3.1,0.0,-9.9
'Zavalla',18,8,1994,6590.0,5.6,16.8,1.2,1.4,0.0,-9.9
'Zavalla',19,8,1994,7130.0,6.2,16.2,1.2,1.4,0.0,-9.9
'Zavalla',20,8,1994,10550.0,6.9,16.7,1.2,3.1,0.0,-9.9
'Zavalla',21,8,1994,8530.0,10.9,16.6,1.4,1.7,0.0,-9.9
'Zavalla',22,8,1994,16920.0,6.6,17.4,0.9,1.9,0.0,-9.9
'Zavalla',23,8,1994,14720.0,-1.2,18.5,1.0,1.4,0.0,-9.9
'Zavalla',24,8,1994,16630.0,4.8,18.7,1.0,2.8,0.0,-9.9
'Zavalla',25,8,1994,16450.0,7.5,21.7,1.2,1.9,0.0,-9.9
'Zavalla',26,8,1994,15300.0,2.7,18.5,1.0,2.2,0.0,-9.9
'Zavalla',27,8,1994,16740.0,6.6,20.1,1.0,2.8,0.0,-9.9
'Zavalla',28,8,1994,14940.0,10.0,21.6,1.6,1.9,0.0,-9.9
'Zavalla',29,8,1994,4720.0,10.7,22.6,1.3,5.3,0.0,-9.9
'Zavalla',30,8,1994,10660.0,11.0,17.3,1.0,5.3,0.0,-9.9
'Zavalla',31,8,1994,1730.0,8.6,13.6,1.2,5.8,4.8,-9.9
'Zavalla',1,9,1994,6770.0,6.3,9.8,1.0,6.4,5.7,-9.9
'Zavalla',2,9,1994,18790.0,3.0,14.9,0.8,2.8,0.0,-9.9
'Zavalla',3,9,1994,19620.0,2.6,21.7,0.9,1.9,0.0,-9.9
'Zavalla',4,9,1994,18760.0,3.8,21.4,1.1,3.6,0.0,-9.9
'Zavalla',5,9,1994,16240.0,8.0,23.0,1.4,1.7,0.0,-9.9
'Zavalla',6,9,1994,17640.0,7.1,25.5,1.4,5.0,0.0,-9.9
'Zavalla',7,9,1994,17960.0,4.7,15.3,0.6,2.8,0.0,-9.9
'Zavalla',8,9,1994,19190.0,-1.4,14.0,0.7,1.7,0.0,-9.9
'Zavalla',9,9,1994,18110.0,0.9,15.3,0.8,3.9,0.0,-9.9
'Zavalla',10,9,1994,15480.0,5.2,19.1,1.1,1.9,0.0,-9.9
'Zavalla',11,9,1994,18650.0,4.1,21.7,1.3,2.2,0.0,-9.9
'Zavalla',12,9,1994,17570.0,9.7,25.9,2.0,2.5,0.0,-9.9
'Zavalla',13,9,1994,18790.0,12.5,23.4,1.0,4.2,0.0,-9.9
'Zavalla',14,9,1994,6880.0,7.1,17.4,1.0,3.9,0.0,-9.9
'Zavalla',15,9,1994,19940.0,3.1,20.5,1.0,1.9,0.0,-9.9
'Zavalla',16,9,1994,17460.0,4.7,21.9,1.0,2.2,0.0,-9.9
'Zavalla',17,9,1994,17320.0,7.8,23.1,1.3,3.3,0.0,-9.9
'Zavalla',18,9,1994,18940.0,14.10,29.80,0.21,4.4,0.0,-9.9
'Zavalla',19,9,1994,17500.0,23.8,37.3,2.4,3.3,0.0,-9.9
'Zavalla',20,9,1994,14580.0,20.4,29.9,2.2,5.6,0.0,-9.9
'Zavalla',21,9,1994,18180.0,16.4,23.8,1.6,5.0,0.0,-9.9
'Zavalla',22,9,1994,14440.0,14.4,29.3,2.1,3.1,0.0,-9.9
'Zavalla',23,9,1994,12100.0,18.9,31.9,2.2,3.9,0.0,-9.9
'Zavalla',24,9,1994,18970.0,15.7,24.1,1.3,3.9,0.0,-9.9
'Zavalla',25,9,1994,19190.0,10.1,24.3,0.9,2.2,0.0,-9.9
'Zavalla',26,9,1994,21780.0,8.8,22.3,0.9,4.7,0.0,-9.9
'Zavalla',27,9,1994,22750.0,9.6,21.8,1.0,4.2,0.0,-9.9
'Zavalla',28,9,1994,9970.0,10.3,23.7,1.3,3.3,0.3,-9.9
'Zavalla',29,9,1994,14830.0,11.2,22.3,1.4,4.7,1.5,-9.9
'Zavalla',30,9,1994,5290.0,10.7,13.6,1.2,1.1,0.9,-9.9
'Zavalla',1,10,1994,18900.0,9.7,21.4,1.5,1.7,0.0,-9.9
'Zavalla',2,10,1994,6590.0,12.4,25.0,1.7,2.5,0.0,-9.9
'Zavalla',3,10,1994,19760.0,9.5,24.8,1.1,4.7,0.9,-9.9
'Zavalla',4,10,1994,6910.0,11.3,19.8,1.4,3.6,7.4,-9.9
'Zavalla',5,10,1994,15340.0,10.4,19.8,1.4,1.7,0.0,-9.9
'Zavalla',6,10,1994,17820.0,10.5,24.5,1.6,3.3,0.0,-9.9
'Zavalla',7,10,1994,14540.0,14.7,25.9,1.8,3.3,12.0,-9.9
'Zavalla',8,10,1994,12310.0,17.0,22.1,2.0,1.7,24.8,-9.9
'Zavalla',9,10,1994,4430.0,18.1,20.3,2.1,2.8,0.8,-9.9
'Zavalla',10,10,1994,7130.0,16.0,19.2,1.8,4.4,0.0,-9.9
'Zavalla',11,10,1994,2340.0,13.0,17.5,1.4,5.0,21.0,-9.9
'Zavalla',12,10,1994,10690.0,13.7,20.0,1.6,2.8,0.0,-9.9
'Zavalla',13,10,1994,27900.0,12.1,23.5,1.4,2.2,0.0,-9.9
'Zavalla',14,10,1994,26820.0,10.0,25.6,1.7,3.3,0.0,-9.9
'Zavalla',15,10,1994,13750.0,14.4,27.9,2.5,4.2,0.0,-9.9
'Zavalla',16,10,1994,19480.0,18.3,25.3,1.9,4.7,0.0,-9.9
'Zavalla',17,10,1994,22250.0,13.9,23.9,1.1,2.5,0.0,-9.9
'Zavalla',18,10,1994,23540.0,8.2,24.9,1.1,3.1,0.0,-9.9
'Zavalla',19,10,1994,16060.0,12.1,24.3,1.6,2.5,0.0,-9.9
'Zavalla',20,10,1994,21490.0,8.5,23.8,1.1,1.4,0.0,-9.9
'Zavalla',21,10,1994,24440.0,11.0,25.1,1.3,2.8,0.0,-9.9
'Zavalla',22,10,1994,12600.0,11.6,22.1,1.2,3.6,0.00,-9.9
'Zavalla',23,10,1994,15910.0,13.9,23.9,1.6,3.3,0.0,-9.9
'Zavalla',24,10,1994,20120.0,14.2,23.7,1.7,2.8,12.0,-9.9
'Zavalla',25,10,1994,27180.0,12.0,22.7,1.6,0.8,0.0,-9.9
'Zavalla',26,10,1994,12530.0,10.3,22.9,1.9,2.8,19.7,-9.9
'Zavalla',27,10,1994,27470.0,12.0,22.8,1.6,2.5,0.0,-9.9
'Zavalla',28,10,1994,27320.0,10.1,19.5,0.8,2.8,0.0,-9.9
'Zavalla',29,10,1994,24260.0,5.9,18.8,1.2,3.1,0.8,-9.9
'Zavalla',30,10,1994,4720.0,9.5,14.5,1.2,2.8,17.2,-9.9
'Zavalla',31,10,1994,5940.0,10.3,15.3,1.5,1.9,5.0,-9.9
'Zavalla',1,11,1994,26170.0,8.8,26.1,1.6,1.9,0.0,-9.9
'Zavalla',2,11,1994,22680.0,12.5,27.9,2.0,2.5,0.0,-9.9
'Zavalla',3,11,1994,21420.0,16.8,30.1,2.4,2.5,0.0,-9.9
'Zavalla',4,11,1994,4680.0,17.0,28.0,2.0,3.3,11.6,-9.9
'Zavalla',5,11,1994,26600.0,14.2,22.9,1.5,2.5,0.0,-9.9
'Zavalla',6,11,1994,24190.0,9.1,24.8,1.4,3.1,8.0,-9.9
'Zavalla',7,11,1994,23980.0,15.8,28.7,2.2,2.2,1.7,-9.9
'Zavalla',8,11,1994,12560.0,17.0,26.1,2.2,2.2,0.3,-9.9
'Zavalla',9,11,1994,31540.0,12.2,26.4,1.3,1.9,0.0,-9.9
'Zavalla',10,11,1994,30600.0,10.6,27.0,1.6,1.9,0.0,-9.9
'Zavalla',11,11,1994,8960.0,16.5,25.5,1.9,1.4,0.0,-9.9
'Zavalla',12,11,1994,23940.0,15.4,30.4,2.1,1.4,0.0,-9.9
'Zavalla',13,11,1994,20270.0,17.4,32.1,2.4,2.2,0.0,-9.9
'Zavalla',14,11,1994,1800.0,18.7,25.1,2.3,2.2,19.8,-9.9
'Zavalla',15,11,1994,29840.0,17.8,29.0,2.5,1.4,0.0,-9.9
'Zavalla',16,11,1994,6050.0,16.3,23.0,1.6,5.3,0.7,-9.9
'Zavalla',17,11,1994,28260.0,12.1,23.6,1.4,0.8,0.0,-9.9
'Zavalla',18,11,1994,26140.0,10.4,25.0,1.2,2.8,0.0,-9.9
'Zavalla',19,11,1994,22210.0,14.6,25.9,1.4,1.7,0.0,-9.9
'Zavalla',20,11,1994,22900.0,12.5,27.3,1.5,1.4,0.0,-9.9
'Zavalla',21,11,1994,26530.0,13.7,28.5,1.5,1.7,0.0,-9.9
'Zavalla',22,11,1994,26060.0,13.9,28.4,1.3,2.8,0.0,-9.9
'Zavalla',23,11,1994,31360.0,16.8,30.7,1.6,3.1,0.0,-9.9
'Zavalla',24,11,1994,26060.0,16.6,31.0,1.5,2.8,0.0,-9.9
'Zavalla',25,11,1994,23400.0,19.9,34.9,1.9,4.4,2.8,-9.9
'Zavalla',26,11,1994,12820.0,16.0,25.4,1.5,1.9,0.0,-9.9
'Zavalla',27,11,1994,24660.0,9.8,26.4,1.5,3.9,13.3,-9.9
'Zavalla',28,11,1994,7920.0,15.4,22.2,1.8,6.4,2.5,-9.9
'Zavalla',29,11,1994,27430.0,12.0,27.7,1.3,0.8,0.0,-9.9
'Zavalla',30,11,1994,24620.0,16.1,31.8,2.0,2.2,0.0,-9.9
'Zavalla',1,12,1994,29990.0,17.5,33.2,2.3,4.2,20.3,-9.9
'Zavalla',2,12,1994,14110.0,18.4,28.1,2.5,2.70,17.5,-9.9
'Zavalla',3,12,1994,23720.0,14.3,24.5,1.5,4.70,0.0,-9.9
'Zavalla',4,12,1994,31430.0,11.7,25.1,1.2,1.7,0.0,-9.9
'Zavalla',5,12,1994,28080.0,12.2,26.5,1.6,2.5,0.0,-9.9
'Zavalla',6,12,1994,30100.0,16.8,29.3,1.7,1.7,0.0,-9.9
'Zavalla',7,12,1994,32510.0,14.1,31.3,2.0,2.8,0.0,-9.9
'Zavalla',8,12,1994,26640.0,18.9,33.2,2.2,3.3,0.0,-9.9
'Zavalla',9,12,1994,28800.0,22.4,35.7,2.6,2.2,0.0,-9.9
'Zavalla',10,12,1994,30600.0,24.0,36.5,2.5,2.8,0.0,-9.9
'Zavalla',11,12,1994,9470.0,19.8,30.5,3.0,0.6,9.70,-9.9
'Zavalla',12,12,1994,27430.0,24.7,35.2,3.7,3.1,20.0,-9.9
'Zavalla',13,12,1994,9070.0,21.3,30.3,2.8,1.4,0.4,-9.9
'Zavalla',14,12,1994,27760.0,22.5,30.8,3.0,1.7,0.0,-9.9
'Zavalla',15,12,1994,30850.0,19.7,30.7,2.4,2.8,1.5,-9.9
'Zavalla',16,12,1994,12240.0,21.1,28.5,2.9,1.7,2.3,-9.9
'Zavalla',17,12,1994,29230.0,18.3,28.4,1.9,1.7,0.0,-9.9
'Zavalla',18,12,1994,29050.0,13.4,28.1,1.7,1.7,0.0,-9.9
'Zavalla',19,12,1994,16920.0,17.2,28.1,2.2,0.8,0.0,-9.9
'Zavalla',20,12,1994,24160.0,17.4,29.9,2.6,1.7,0.0,-9.9
'Zavalla',21,12,1994,25420.0,17.4,31.0,2.4,1.7,5.0,-9.9
'Zavalla',22,12,1994,29160.0,20.4,32.6,2.4,1.7,0.0,-9.9
'Zavalla',23,12,1994,30380.0,17.4,33.9,2.3,0.8,0.0,-9.9
'Zavalla',24,12,1994,23650.0,20.3,34.5,2.6,0.8,0.0,-9.9
'Zavalla',25,12,1994,22360.0,21.4,34.0,3.0,3.1,0.0,-9.9
'Zavalla',26,12,1994,30020.0,20.2,34.1,2.5,2.8,0.8,-9.9
'Zavalla',27,12,1994,6260.0,20.4,29.3,2.5,3.3,9.0,-9.9
'Zavalla',28,12,1994,13460.0,21.1,27.4,2.6,0.8,0.0,-9.9
'Zavalla',29,12,1994,28120.0,19.6,32.2,3.0,1.7,0.0,-9.9
'Zavalla',30,12,1994,29340.0,22.1,32.8,2.8,2.5,0.0,-9.9
'Zavalla',31,12,1994,28870.0,22.5,34.7,2.8,2.5,0.0,-9.9
