* Source of data    : Zavalla local weather station 
* File content      : Meteo input file for Swap 3.2 (www.swap.alterra.nl) 
* File generated at :  Mon Oct 03 22:18:27 2016 
station,DD,MM,YYYY,Rad,Tmin,Tmax,Hum,Wind,Rain,ETref 
'Zavalla',1,1,1996,29120.0,18.3,32.2,1.9,2.5,0.0,-9.9
'Zavalla',2,1,1996,26820.0,16.9,34.8,2.0,2.5,0.0,-9.9
'Zavalla',3,1,1996,23080.0,20.9,36.0,2.5,2.8,17.1,-9.9
'Zavalla',4,1,1996,13280.0,21.0,27.3,2.3,2.5,0.4,-9.9
'Zavalla',5,1,1996,33730.0,14.2,29.1,1.5,1.7,0.0,-9.9
'Zavalla',6,1,1996,31900.0,15.0,30.2,1.8,2.2,0.0,-9.9
'Zavalla',7,1,1996,28580.0,18.0,33.0,1.8,3.1,0.0,-9.9
'Zavalla',8,1,1996,19580.0,19.9,32.5,2.2,2.5,1.5,-9.9
'Zavalla',9,1,1996,24550.0,16.6,31.3,2.2,1.9,0.0,-9.9
'Zavalla',10,1,1996,31030.0,18.8,36.1,1.7,2.5,25.6,-9.9
'Zavalla',11,1,1996,4140.0,18.4,27.3,2.3,1.7,25.2,-9.9
'Zavalla',12,1,1996,31930.0,16.5,29.0,2.0,1.9,0.1,-9.9
'Zavalla',13,1,1996,14360.0,16.8,23.8,1.9,1.7,0.0,-9.9
'Zavalla',14,1,1996,31720.0,13.4,25.4,1.6,2.8,0.0,-9.9
'Zavalla',15,1,1996,20880.0,14.4,25.5,2.0,1.9,0.0,-9.9
'Zavalla',16,1,1996,18360.0,17.6,27.0,2.0,1.9,0.0,-9.9
'Zavalla',17,1,1996,27830.0,14.7,27.3,1.9,1.7,3.0,-9.9
'Zavalla',18,1,1996,31180.0,14.3,27.7,2.0,1.9,0.0,-9.9
'Zavalla',19,1,1996,28260.0,15.7,28.3,2.0,1.9,0.0,-9.9
'Zavalla',20,1,1996,26820.0,14.0,28.3,2.0,1.1,0.0,-9.9
'Zavalla',21,1,1996,18580.0,18.2,28.6,1.9,0.8,0.0,-9.9
'Zavalla',22,1,1996,30060.0,16.3,31.8,2.1,1.9,0.0,-9.9
'Zavalla',23,1,1996,9360.0,16.2,25.8,1.7,1.7,0.0,-9.9
'Zavalla',24,1,1996,29480.0,11.8,27.7,2.1,2.2,0.0,-9.9
'Zavalla',25,1,1996,26820.0,18.6,31.6,2.3,1.9,0.0,-9.9
'Zavalla',26,1,1996,22680.0,18.6,28.4,2.1,1.4,0.0,-9.9
'Zavalla',27,1,1996,25780.0,14.0,31.5,1.8,1.4,0.0,-9.9
'Zavalla',28,1,1996,30060.0,15.2,32.1,1.8,0.8,0.0,-9.9
'Zavalla',29,1,1996,26140.0,14.5,34.8,1.9,0.8,0.0,-9.9
'Zavalla',30,1,1996,20700.0,18.2,33.8,2.4,2.2,0.0,-9.9
'Zavalla',31,1,1996,29380.0,18.7,32.3,2.4,3.1,8.0,-9.9
'Zavalla',1,2,1996,18070.0,17.3,28.2,2.3,3.1,0.0,-9.9
'Zavalla',2,2,1996,9140.0,17.2,26.9,2.4,2.2,0.0,-9.9
'Zavalla',3,2,1996,12600.0,17.0,26.8,2.1,1.1,0.0,-9.9
'Zavalla',4,2,1996,18580.0,15.9,28.4,2.2,1.7,0.0,-9.9
'Zavalla',5,2,1996,29920.0,15.7,25.0,1.2,2.5,0.0,-9.9
'Zavalla',6,2,1996,27720.0,6.9,27.9,1.1,1.7,0.0,-9.9
'Zavalla',7,2,1996,19510.0,15.1,33.8,2.3,1.9,0.0,-9.9
'Zavalla',8,2,1996,17100.0,18.4,28.4,2.1,1.7,6.1,-9.9
'Zavalla',9,2,1996,19220.0,16.6,29.1,2.0,2.5,6.0,-9.9
'Zavalla',10,2,1996,25200.0,14.8,23.4,1.5,3.3,0.0,-9.9
'Zavalla',11,2,1996,31610.0,6.7,22.8,1.1,1.9,0.0,-9.9
'Zavalla',12,2,1996,28870.0,9.3,26.6,1.3,1.7,0.0,-9.9
'Zavalla',13,2,1996,29450.0,10.1,29.2,1.4,1.9,0.0,-9.9
'Zavalla',14,2,1996,26680.0,15.4,29.7,1.6,1.7,0.0,-9.9
'Zavalla',15,2,1996,29340.0,14.7,32.4,2.0,1.4,0.0,-9.9
'Zavalla',16,2,1996,25960.0,17.7,34.6,2.2,1.7,0.0,-9.9
'Zavalla',17,2,1996,26570.0,18.6,33.8,2.1,2.5,0.0,-9.9
'Zavalla',18,2,1996,21820.0,20.0,32.9,2.3,1.7,0.0,-9.9
'Zavalla',19,2,1996,24080.0,20.5,33.9,2.7,3.3,53.0,-9.9
'Zavalla',20,2,1996,19150.0,17.9,28.6,2.2,1.4,0.3,-9.9
'Zavalla',21,2,1996,24700.0,17.1,29.9,2.6,1.7,0.0,-9.9
'Zavalla',22,2,1996,25560.0,21.0,32.9,2.8,2.8,2.0,-9.9
'Zavalla',23,2,1996,2120.0,18.0,27.7,2.0,2.5,32.5,-9.9
'Zavalla',24,2,1996,24340.0,14.1,25.2,2.0,1.7,0.0,-9.9
'Zavalla',25,2,1996,28150.0,15.0,29.0,2.3,0.8,0.0,-9.9
'Zavalla',26,2,1996,25990.0,18.3,29.8,2.5,1.1,0.0,-9.9
'Zavalla',27,2,1996,18830.0,17.9,30.8,2.7,2.8,132.2,-9.9
'Zavalla',28,2,1996,23900.0,17.9,28.8,2.4,2.8,0.0,-9.9
'Zavalla',29,2,1996,16200.0,18.4,25.0,2.1,2.5,0.0,-9.9
'Zavalla',1,3,1996,20480.0,13.4,25.9,2.0,1.7,0.0,-9.9
'Zavalla',2,3,1996,25780.0,14.1,26.0,1.8,1.7,0.0,-9.9
'Zavalla',3,3,1996,20560.0,14.8,27.3,2.0,1.4,0.0,-9.9
'Zavalla',4,3,1996,20700.0,16.0,27.0,2.1,1.7,0.0,-9.9
'Zavalla',5,3,1996,22970.0,15.2,27.4,2.1,1.7,0.0,-9.9
'Zavalla',6,3,1996,22180.0,16.0,28.3,2.3,1.1,0.0,-9.9
'Zavalla',7,3,1996,24520.0,17.2,29.9,2.3,0.8,0.0,-9.9
'Zavalla',8,3,1996,25060.0,16.7,31.2,2.2,0.6,0.0,-9.9
'Zavalla',9,3,1996,23870.0,17.5,31.0,2.4,2.2,0.0,-9.9
'Zavalla',10,3,1996,22140.0,20.0,30.6,2.2,1.7,0.0,-9.9
'Zavalla',11,3,1996,22970.0,19.5,29.0,2.4,1.4,0.0,-9.9
'Zavalla',12,3,1996,6700.0,17.3,23.3,2.0,2.2,62.0,-9.9
'Zavalla',13,3,1996,24910.0,13.8,28.1,2.2,1.1,0.0,-9.9
'Zavalla',14,3,1996,21600.0,17.9,28.3,2.4,1.4,0.0,-9.9
'Zavalla',15,3,1996,19330.0,17.6,29.8,2.4,1.1,0.0,-9.9
'Zavalla',16,3,1996,22320.0,18.3,30.0,2.4,0.8,0.0,-9.9
'Zavalla',17,3,1996,23330.0,17.1,32.3,2.6,0.8,0.0,-9.9
'Zavalla',18,3,1996,23720.0,17.5,30.4,2.4,0.8,0.0,-9.9
'Zavalla',19,3,1996,21920.0,16.8,30.8,2.4,1.4,0.0,-9.9
'Zavalla',20,3,1996,20590.0,18.9,30.7,2.7,1.9,0.0,-9.9
'Zavalla',21,3,1996,19400.0,20.9,31.0,2.7,2.8,12.0,-9.9
'Zavalla',22,3,1996,3850.0,16.5,24.1,2.1,3.6,24.5,-9.9
'Zavalla',23,3,1996,20270.0,11.8,21.1,1.4,2.2,0.0,-9.9
'Zavalla',24,3,1996,23620.0,9.1,22.1,1.4,0.8,0.0,-9.9
'Zavalla',25,3,1996,21850.0,10.4,28.3,2.0,1.9,3.5,-9.9
'Zavalla',26,3,1996,19040.0,15.7,24.1,1.6,0.8,0.0,-9.9
'Zavalla',27,3,1996,22390.0,11.4,27.3,1.6,1.1,0.0,-9.9
'Zavalla',28,3,1996,21380.0,16.2,29.3,2.3,1.7,0.0,-9.9
'Zavalla',29,3,1996,19690.0,16.2,28.8,2.2,1.7,0.0,-9.9
'Zavalla',30,3,1996,11840.0,17.4,28.0,2.2,1.7,0.0,-9.9
'Zavalla',31,3,1996,11590.0,15.4,26.5,2.2,1.4,0.0,-9.9
'Zavalla',1,4,1996,10330.0,18.1,30.2,2.6,3.6,27.1,-9.9
'Zavalla',2,4,1996,5470.0,17.8,25.6,2.0,2.8,0.6,-9.9
'Zavalla',3,4,1996,8860.0,16.1,22.9,2.1,4.2,2.0,-9.9
'Zavalla',4,4,1996,8420.0,16.8,21.7,2.0,4.2,1.5,-9.9
'Zavalla',5,4,1996,4720.0,19.8,24.9,2.4,3.6,0.9,-9.9
'Zavalla',6,4,1996,20520.0,12.9,25.0,1.4,1.7,0.0,-9.9
'Zavalla',7,4,1996,20410.0,10.8,25.3,1.7,2.5,0.0,-9.9
'Zavalla',8,4,1996,20120.0,15.8,27.0,2.0,2.5,0.0,-9.9
'Zavalla',9,4,1996,18250.0,17.0,24.7,1.4,2.5,0.0,-9.9
'Zavalla',10,4,1996,19400.0,8.3,22.0,1.3,1.9,0.0,-9.9
'Zavalla',11,4,1996,11810.0,11.0,25.8,1.9,1.4,0.0,-9.9
'Zavalla',12,4,1996,15260.0,16.6,26.6,2.1,1.7,0.0,-9.9
'Zavalla',13,4,1996,9360.0,13.9,25.1,2.2,1.9,0.0,-9.9
'Zavalla',14,4,1996,5110.0,18.2,26.8,2.5,2.5,42.5,-9.9
'Zavalla',15,4,1996,5900.0,16.4,21.5,1.8,3.3,0.4,-9.9
'Zavalla',16,4,1996,17060.0,8.2,18.1,1.0,2.5,0.0,-9.9
'Zavalla',17,4,1996,19010.0,5.4,18.9,0.9,0.8,0.0,-9.9
'Zavalla',18,4,1996,18360.0,5.9,20.0,1.2,1.9,0.0,-9.9
'Zavalla',19,4,1996,15980.0,9.5,20.2,1.2,1.9,0.0,-9.9
'Zavalla',20,4,1996,14220.0,10.8,21.1,1.4,1.1,0.0,-9.9
'Zavalla',21,4,1996,10330.0,11.7,23.0,1.6,0.6,0.0,-9.9
'Zavalla',22,4,1996,15190.0,10.1,26.3,1.6,1.1,0.0,-9.9
'Zavalla',23,4,1996,8350.0,12.3,23.1,1.9,2.8,6.5,-9.9
'Zavalla',24,4,1996,1760.0,16.9,19.8,2.0,2.8,11.0,-9.9
'Zavalla',25,4,1996,16270.0,11.8,21.1,1.2,1.7,0.0,-9.9
'Zavalla',26,4,1996,11920.0,8.5,18.9,1.5,1.4,0.0,-9.9
'Zavalla',27,4,1996,15340.0,10.5,22.2,1.6,2.2,0.0,-9.9
'Zavalla',28,4,1996,8890.0,14.7,22.4,1.9,1.7,2.0,-9.9
'Zavalla',29,4,1996,9580.0,15.5,24.7,2.0,1.7,0.0,-9.9
'Zavalla',30,4,1996,12380.0,17.0,26.8,2.1,0.6,0.0,-9.9
'Zavalla',1,5,1996,12740.0,14.1,27.0,2.0,0.8,0.0,-9.9
'Zavalla',2,5,1996,12350.0,13.4,25.5,1.9,1.1,0.0,-9.9
'Zavalla',3,5,1996,13500.0,13.0,25.8,2.0,1.4,0.0,-9.9
'Zavalla',4,5,1996,15190.0,14.3,27.4,2.0,1.1,0.0,-9.9
'Zavalla',5,5,1996,14940.0,13.8,26.7,2.0,1.4,0.0,-9.9
'Zavalla',6,5,1996,13860.0,15.0,25.9,1.9,1.9,0.0,-9.9
'Zavalla',7,5,1996,11380.0,15.5,26.8,1.9,2.2,0.0,-9.9
'Zavalla',8,5,1996,12310.0,8.7,18.8,1.1,1.1,0.0,-9.9
'Zavalla',9,5,1996,13680.0,6.3,24.8,1.8,0.8,0.0,-9.9
'Zavalla',10,5,1996,14620.0,12.0,24.0,1.4,1.4,0.0,-9.9
'Zavalla',11,5,1996,13720.0,10.0,25.0,1.7,1.9,0.0,-9.9
'Zavalla',12,5,1996,6260.0,12.4,19.7,1.8,1.4,23.0,-9.9
'Zavalla',13,5,1996,9900.0,13.7,23.5,1.9,1.4,0.0,-9.9
'Zavalla',14,5,1996,10730.0,13.5,21.0,1.6,1.4,0.0,-9.9
'Zavalla',15,5,1996,13460.0,8.0,18.6,1.4,1.1,0.0,-9.9
'Zavalla',16,5,1996,4360.0,10.8,20.2,1.7,3.3,24.0,-9.9
'Zavalla',17,5,1996,13570.0,11.4,19.3,1.3,1.4,0.0,-9.9
'Zavalla',18,5,1996,13320.0,4.6,19.9,1.2,2.5,7.8,-9.9
'Zavalla',19,5,1996,12310.0,7.0,14.9,1.0,1.7,0.0,-9.9
'Zavalla',20,5,1996,13640.0,2.0,15.9,0.8,1.7,0.0,-9.9
'Zavalla',21,5,1996,12560.0,2.6,18.5,0.9,1.1,0.0,-9.9
'Zavalla',22,5,1996,11270.0,5.7,17.1,1.0,1.4,0.0,-9.9
'Zavalla',23,5,1996,13100.0,3.9,15.6,1.0,1.4,0.0,-9.9
'Zavalla',24,5,1996,9140.0,3.1,15.3,1.0,2.2,0.0,-9.9
'Zavalla',25,5,1996,10040.0,4.5,16.6,1.1,1.1,0.0,-9.9
'Zavalla',26,5,1996,11880.0,2.2,17.2,1.2,1.1,0.0,-9.9
'Zavalla',27,5,1996,10440.0,5.3,19.4,1.3,2.5,0.0,-9.9
'Zavalla',28,5,1996,7990.0,9.8,20.8,1.4,1.9,0.0,-9.9
'Zavalla',29,5,1996,6010.0,12.8,20.6,1.5,3.1,7.0,-9.9
'Zavalla',30,5,1996,9860.0,5.2,15.5,0.9,2.2,0.0,-9.9
'Zavalla',31,5,1996,12530.0,0.8,12.8,0.8,1.1,0.0,-9.9
'Zavalla',1,6,1996,12460.0,0.7,13.9,0.8,1.4,0.0,-9.9
'Zavalla',2,6,1996,12490.0,3.3,15.5,0.9,1.4,0.0,-9.9
'Zavalla',3,6,1996,12710.0,1.0,15.9,0.9,1.4,0.0,-9.9
'Zavalla',4,6,1996,12710.0,0.0,15.6,0.9,1.9,0.0,-9.9
'Zavalla',5,6,1996,10910.0,4.5,17.8,0.9,1.7,0.0,-9.9
'Zavalla',6,6,1996,9790.0,2.0,18.9,1.2,1.4,0.0,-9.9
'Zavalla',7,6,1996,12170.0,5.8,18.2,1.1,1.4,0.0,-9.9
'Zavalla',8,6,1996,10580.0,3.0,17.9,1.1,2.8,0.0,-9.9
'Zavalla',9,6,1996,9320.0,9.5,19.8,1.2,2.2,0.0,-9.9
'Zavalla',10,6,1996,10510.0,9.9,24.1,1.6,3.3,0.0,-9.9
'Zavalla',11,6,1996,9610.0,15.2,26.3,1.9,5.3,0.0,-9.9
'Zavalla',12,6,1996,8240.0,20.3,27.9,2.0,4.2,0.0,-9.9
'Zavalla',13,6,1996,6700.0,19.5,23.5,2.0,1.9,0.0,-9.9
'Zavalla',14,6,1996,3820.0,13.8,21.8,1.8,4.2,2.6,-9.9
'Zavalla',15,6,1996,3740.0,9.6,13.8,1.3,5.0,0.8,-9.9
'Zavalla',16,6,1996,3920.0,7.1,9.6,1.1,2.5,0.1,-9.9
'Zavalla',17,6,1996,6160.0,4.7,11.0,0.9,2.5,0.0,-9.9
'Zavalla',18,6,1996,12130.0,0.7,10.6,0.6,2.2,0.0,-9.9
'Zavalla',19,6,1996,11840.0,-2.9,11.7,0.6,1.1,0.0,-9.9
'Zavalla',20,6,1996,7600.0,1.0,8.3,0.8,2.2,0.0,-9.9
'Zavalla',21,6,1996,11840.0,2.1,15.7,0.8,2.2,0.0,-9.9
'Zavalla',22,6,1996,11880.0,2.2,16.0,0.8,1.4,0.0,-9.9
'Zavalla',23,6,1996,11740.0,-0.7,12.0,0.7,1.1,0.0,-9.9
'Zavalla',24,6,1996,11270.0,0.8,14.9,0.8,1.1,0.0,-9.9
'Zavalla',25,6,1996,10220.0,0.2,12.2,0.7,2.2,0.0,-9.9
'Zavalla',26,6,1996,5000.0,1.5,8.2,0.7,3.1,0.0,-9.9
'Zavalla',27,6,1996,7630.0,0.4,8.9,0.6,2.5,0.0,-9.9
'Zavalla',28,6,1996,11020.0,-4.0,9.2,0.5,1.1,0.0,-9.9
'Zavalla',29,6,1996,11740.0,-4.8,11.4,0.6,1.9,0.0,-9.9
'Zavalla',30,6,1996,11810.0,-0.7,11.4,0.6,3.3,0.0,-9.9
'Zavalla',1,7,1996,6340.0,4.2,13.6,0.9,1.9,0.0,-9.9
'Zavalla',2,7,1996,12170.0,1.5,17.9,0.7,2.8,0.0,-9.9
'Zavalla',3,7,1996,9290.0,-0.1,15.1,0.7,1.1,0.0,-9.9
'Zavalla',4,7,1996,11950.0,-0.4,12.6,0.7,1.7,0.0,-9.9
'Zavalla',5,7,1996,9290.0,-1.3,12.1,0.6,1.7,0.0,-9.9
'Zavalla',6,7,1996,10080.0,0.6,12.4,0.8,3.1,0.0,-9.9
'Zavalla',7,7,1996,7520.0,6.2,13.4,1.1,2.2,0.0,-9.9
'Zavalla',8,7,1996,3310.0,11.0,13.3,1.3,5.0,0.0,-9.9
'Zavalla',9,7,1996,6550.0,8.5,12.2,1.1,4.7,0.2,-9.9
'Zavalla',10,7,1996,12100.0,5.2,14.6,0.8,2.5,0.0,-9.9
'Zavalla',11,7,1996,11560.0,-1.2,18.5,0.8,1.4,0.0,-9.9
'Zavalla',12,7,1996,12600.0,4.0,15.4,0.9,2.5,0.0,-9.9
'Zavalla',13,7,1996,12310.0,6.5,21.8,0.9,3.9,0.0,-9.9
'Zavalla',14,7,1996,10660.0,3.2,11.8,0.7,1.4,0.0,-9.9
'Zavalla',15,7,1996,9650.0,-2.8,12.0,0.6,1.4,0.0,-9.9
'Zavalla',16,7,1996,9970.0,2.6,14.9,0.8,1.7,0.0,-9.9
'Zavalla',17,7,1996,10980.0,4.9,15.8,0.9,1.4,0.0,-9.9
'Zavalla',18,7,1996,12170.0,0.9,18.4,0.9,1.1,0.0,-9.9
'Zavalla',19,7,1996,13280.0,4.2,22.5,1.0,2.5,0.0,-9.9
'Zavalla',20,7,1996,13280.0,4.7,16.3,0.8,3.3,0.0,-9.9
'Zavalla',21,7,1996,13250.0,-1.4,12.8,0.6,1.4,0.0,-9.9
'Zavalla',22,7,1996,11740.0,-1.8,13.6,0.7,1.9,0.0,-9.9
'Zavalla',23,7,1996,13280.0,-2.1,16.5,0.8,0.8,0.0,-9.9
'Zavalla',24,7,1996,10870.0,2.5,16.5,0.9,1.7,0.0,-9.9
'Zavalla',25,7,1996,12380.0,2.6,16.6,0.9,1.4,0.0,-9.9
'Zavalla',26,7,1996,11200.0,1.1,16.6,1.0,1.4,0.0,-9.9
'Zavalla',27,7,1996,9650.0,0.3,19.9,0.8,1.1,0.0,-9.9
'Zavalla',28,7,1996,14040.0,0.8,21.5,0.9,1.7,0.0,-9.9
'Zavalla',29,7,1996,14080.0,7.7,22.1,0.8,1.9,0.0,-9.9
'Zavalla',30,7,1996,14150.0,6.1,21.5,0.8,2.8,0.0,-9.9
'Zavalla',31,7,1996,13680.0,5.0,22.7,1.2,2.2,0.0,-9.9
'Zavalla',1,8,1996,12710.0,7.1,23.9,1.1,2.2,0.0,-9.9
'Zavalla',2,8,1996,11660.0,7.1,19.8,1.2,2.5,0.0,-9.9
'Zavalla',3,8,1996,10080.0,9.6,21.0,1.3,2.2,0.0,-9.9
'Zavalla',4,8,1996,6840.0,9.9,20.4,1.4,2.8,0.0,-9.9
'Zavalla',5,8,1996,3960.0,9.7,14.3,1.2,4.2,6.4,-9.9
'Zavalla',6,8,1996,7160.0,5.7,9.7,0.9,2.5,0.0,-9.9
'Zavalla',7,8,1996,14000.0,2.2,14.2,1.0,2.5,0.0,-9.9
'Zavalla',8,8,1996,4360.0,6.8,13.1,1.4,2.8,0.2,-9.9
'Zavalla',9,8,1996,15980.0,7.2,17.4,0.8,2.2,0.0,-9.9
'Zavalla',10,8,1996,16270.0,0.3,19.3,0.8,1.9,0.0,-9.9
'Zavalla',11,8,1996,16160.0,2.4,20.7,0.9,1.1,0.0,-9.9
'Zavalla',12,8,1996,16880.0,3.4,21.4,0.9,3.1,0.0,-9.9
'Zavalla',13,8,1996,15480.0,11.3,24.7,1.0,2.5,0.0,-9.9
'Zavalla',14,8,1996,15080.0,2.5,25.1,0.8,1.9,0.0,-9.9
'Zavalla',15,8,1996,16240.0,1.9,20.1,0.7,2.2,0.0,-9.9
'Zavalla',16,8,1996,16420.0,8.8,25.6,0.8,2.5,0.0,-9.9
'Zavalla',17,8,1996,16810.0,7.1,25.7,1.2,2.5,0.0,-9.9
'Zavalla',18,8,1996,16600.0,12.0,28.6,1.5,2.5,0.0,-9.9
'Zavalla',19,8,1996,16960.0,11.3,30.7,1.6,3.1,0.0,-9.9
'Zavalla',20,8,1996,17500.0,13.1,24.7,1.1,1.7,0.0,-9.9
'Zavalla',21,8,1996,16670.0,4.6,26.6,1.7,2.8,0.0,-9.9
'Zavalla',22,8,1996,15410.0,14.5,29.7,2.1,3.1,0.0,-9.9
'Zavalla',23,8,1996,16630.0,19.7,32.8,1.9,6.1,0.0,-9.9
'Zavalla',24,8,1996,14760.0,19.1,34.8,1.9,7.2,0.0,-9.9
'Zavalla',25,8,1996,12280.0,9.6,19.1,0.8,3.6,0.0,-9.9
'Zavalla',26,8,1996,17140.0,1.2,15.6,0.8,1.4,0.0,-9.9
'Zavalla',27,8,1996,17030.0,3.9,18.7,0.8,1.9,0.0,-9.9
'Zavalla',28,8,1996,19080.0,5.6,21.5,0.7,2.5,0.0,-9.9
'Zavalla',29,8,1996,19870.0,7.7,22.5,0.7,2.2,0.0,-9.9
'Zavalla',30,8,1996,15340.0,4.1,20.6,0.9,1.7,0.0,-9.9
'Zavalla',31,8,1996,19150.0,5.1,23.8,0.9,1.4,0.0,-9.9
'Zavalla',1,9,1996,17640.0,6.8,22.5,0.9,2.8,3.4,-9.9
'Zavalla',2,9,1996,18940.0,8.7,17.3,0.8,2.2,0.0,-9.9
'Zavalla',3,9,1996,17710.0,7.2,16.7,0.7,4.4,0.0,-9.9
'Zavalla',4,9,1996,16630.0,4.6,17.9,0.7,4.2,0.0,-9.9
'Zavalla',5,9,1996,18650.0,1.6,16.3,0.6,3.1,0.0,-9.9
'Zavalla',6,9,1996,20230.0,-1.0,18.9,0.8,3.6,0.0,-9.9
'Zavalla',7,9,1996,8390.0,9.7,18.2,0.9,3.6,0.0,-9.9
'Zavalla',8,9,1996,15080.0,0.8,15.2,0.5,3.1,0.0,-9.9
'Zavalla',9,9,1996,21100.0,-0.7,18.6,0.6,2.5,0.0,-9.9
'Zavalla',10,9,1996,20990.0,5.1,23.6,0.6,2.8,0.0,-9.9
'Zavalla',11,9,1996,20450.0,6.4,22.7,1.0,2.5,0.0,-9.9
'Zavalla',12,9,1996,20990.0,8.2,27.0,1.3,2.5,0.0,-9.9
'Zavalla',13,9,1996,20380.0,11.8,28.1,1.6,2.2,0.0,-9.9
'Zavalla',14,9,1996,11990.0,13.7,27.9,2.0,2.8,12.0,-9.9
'Zavalla',15,9,1996,3490.0,9.0,18.7,1.3,4.4,2.5,-9.9
'Zavalla',16,9,1996,23650.0,3.0,16.1,0.8,1.7,0.0,-9.9
'Zavalla',17,9,1996,22720.0,1.9,20.1,1.0,4.2,0.0,-9.9
'Zavalla',18,9,1996,4720.0,10.4,16.6,1.4,2.5,0.0,-9.9
'Zavalla',19,9,1996,12530.0,9.8,22.6,1.4,3.1,1.1,-9.9
'Zavalla',20,9,1996,15300.0,16.2,25.3,2.1,3.6,0.0,-9.9
'Zavalla',21,9,1996,8680.0,16.7,20.2,1.9,1.1,0.6,-9.9
'Zavalla',22,9,1996,18400.0,12.1,22.9,0.9,6.1,0.0,-9.9
'Zavalla',23,9,1996,9360.0,10.7,17.8,1.1,2.8,0.0,-9.9
'Zavalla',24,9,1996,10690.0,11.1,14.6,1.0,4.4,0.0,-9.9
'Zavalla',25,9,1996,7960.0,8.7,14.6,1.1,2.8,0.0,-9.9
'Zavalla',26,9,1996,13100.0,8.9,18.3,1.2,3.6,1.7,-9.9
'Zavalla',27,9,1996,8280.0,12.1,17.7,1.4,1.9,0.0,-9.9
'Zavalla',28,9,1996,15910.0,9.7,19.0,1.4,1.1,0.0,-9.9
'Zavalla',29,9,1996,25060.0,5.6,23.8,1.3,1.9,0.0,-9.9
'Zavalla',30,9,1996,24340.0,8.4,26.3,1.5,1.7,0.00,-9.9
'Zavalla',1,10,1996,16340.0,17.0,20.9,1.8,1.9,0.5,-9.9
'Zavalla',2,10,1996,22790.0,12.7,24.1,1.6,1.7,0.0,-9.9
'Zavalla',3,10,1996,24620.0,8.0,24.1,1.8,3.6,0.0,-9.9
'Zavalla',4,10,1996,3350.0,15.3,20.9,2.2,3.9,14.3,-9.9
'Zavalla',5,10,1996,26390.0,12.0,21.5,1.1,2.5,0.0,-9.9
'Zavalla',6,10,1996,26280.0,7.3,27.1,1.0,1.9,0.0,-9.9
'Zavalla',7,10,1996,25920.0,12.4,28.9,1.2,2.5,0.0,-9.9
'Zavalla',8,10,1996,20160.0,7.4,28.1,1.4,2.5,0.0,-9.9
'Zavalla',9,10,1996,20050.0,14.0,28.2,2.0,3.1,37.0,-9.9
'Zavalla',10,10,1996,15840.0,16.0,23.9,2.0,2.5,0.0,-9.9
'Zavalla',11,10,1996,19800.0,13.4,20.4,1.4,5.8,0.0,-9.9
'Zavalla',12,10,1996,9250.0,12.2,18.7,1.5,3.1,0.0,-9.9
'Zavalla',13,10,1996,20630.0,11.8,21.4,1.6,1.9,0.0,-9.9
'Zavalla',14,10,1996,25160.0,10.3,26.2,1.6,1.4,0.0,-9.9
'Zavalla',15,10,1996,25090.0,12.2,26.3,1.7,3.9,0.0,-9.9
'Zavalla',16,10,1996,26140.0,16.4,28.7,2.0,2.8,0.0,-9.9
'Zavalla',17,10,1996,25880.0,17.1,26.1,1.9,3.9,0.0,-9.9
'Zavalla',18,10,1996,20200.0,12.5,24.4,2.0,2.5,14.7,-9.9
'Zavalla',19,10,1996,19940.0,14.5,23.9,1.6,4.4,0.0,-9.9
'Zavalla',20,10,1996,26390.0,7.0,18.2,0.8,4.2,0.0,-9.9
'Zavalla',21,10,1996,5540.0,7.8,11.7,1.0,3.3,10.0,-9.9
'Zavalla',22,10,1996,19800.0,7.8,17.9,1.1,1.7,0.0,-9.9
'Zavalla',23,10,1996,21780.0,10.0,18.6,1.4,3.1,0.0,-9.9
'Zavalla',24,10,1996,10800.0,14.2,20.8,1.7,1.4,0.0,-9.9
'Zavalla',25,10,1996,25340.0,9.4,24.7,1.7,1.7,0.0,-9.9
'Zavalla',26,10,1996,26710.0,15.6,28.0,1.8,1.7,0.0,-9.9
'Zavalla',27,10,1996,26860.0,16.7,28.2,1.9,2.8,0.0,-9.9
'Zavalla',28,10,1996,24980.0,17.6,30.8,1.8,2.5,0.0,-9.9
'Zavalla',29,10,1996,10400.0,17.2,33.2,2.2,4.2,2.2,-9.9
'Zavalla',30,10,1996,29230.0,17.2,28.8,1.6,3.6,0.0,-9.9
'Zavalla',31,10,1996,11560.0,12.2,24.6,1.5,5.0,4.0,-9.9
'Zavalla',1,11,1996,25090.0,13.3,25.5,1.9,1.4,2.5,-9.9
'Zavalla',2,11,1996,29810.0,16.2,26.3,1.3,2.2,0.0,-9.9
'Zavalla',3,11,1996,26210.0,9.7,28.8,1.6,2.2,0.0,-9.9
'Zavalla',4,11,1996,27970.0,15.0,29.3,1.8,2.8,1.4,-9.9
'Zavalla',5,11,1996,26500.0,20.7,30.0,1.8,4.2,0.0,-9.9
'Zavalla',6,11,1996,6840.0,17.5,35.0,2.2,4.7,42.6,-9.9
'Zavalla',7,11,1996,27400.0,14.0,22.8,1.5,3.6,0.8,-9.9
'Zavalla',8,11,1996,7160.0,14.6,18.8,1.7,3.3,0.0,-9.9
'Zavalla',9,11,1996,9430.0,16.0,20.2,1.7,3.1,0.2,-9.9
'Zavalla',10,11,1996,31900.0,10.1,23.1,1.6,1.7,0.0,-9.9
'Zavalla',11,11,1996,31000.0,13.3,26.1,1.7,2.2,0.0,-9.9
'Zavalla',12,11,1996,27610.0,15.4,27.9,1.9,1.9,0.0,-9.9
'Zavalla',13,11,1996,28400.0,17.5,31.1,2.3,1.1,0.0,-9.9
'Zavalla',14,11,1996,23830.0,19.4,32.1,2.2,3.1,0.0,-9.9
'Zavalla',15,11,1996,23180.0,20.1,29.9,2.1,3.1,0.0,-9.9
'Zavalla',16,11,1996,32510.0,12.0,29.8,1.4,1.9,0.0,-9.9
'Zavalla',17,11,1996,28220.0,11.5,28.9,1.6,1.4,0.0,-9.9
'Zavalla',18,11,1996,22390.0,16.1,29.8,1.7,1.7,0.8,-9.9
'Zavalla',19,11,1996,25020.0,15.7,31.9,1.8,1.4,0.0,-9.9
'Zavalla',20,11,1996,29840.0,16.2,32.0,1.6,2.5,0.0,-9.9
'Zavalla',21,11,1996,31790.0,18.1,29.9,1.7,2.5,0.0,-9.9
'Zavalla',22,11,1996,14870.0,16.7,26.9,1.5,3.3,0.0,-9.9
'Zavalla',23,11,1996,32540.0,7.8,25.3,1.0,1.9,0.0,-9.9
'Zavalla',24,11,1996,32510.0,11.4,26.2,1.2,1.7,0.0,-9.9
'Zavalla',25,11,1996,32150.0,15.2,28.2,1.4,11.4,0.0,-9.9
'Zavalla',26,11,1996,32400.0,13.9,29.0,1.5,2.2,0.0,-9.9
'Zavalla',27,11,1996,31140.0,12.2,32.8,1.5,2.5,0.0,-9.9
'Zavalla',28,11,1996,26960.0,18.9,35.8,2.1,4.4,26.2,-9.9
'Zavalla',29,11,1996,12130.0,18.7,29.7,2.2,2.2,9.4,-9.9
'Zavalla',30,11,1996,34060.0,15.2,25.9,1.5,1.7,0.0,-9.9
'Zavalla',1,12,1996,30920.0,13.0,29.8,1.9,1.9,0.0,-9.9
'Zavalla',2,12,1996,17140.0,18.3,33.2,2.6,2.5,16.5,-9.9
'Zavalla',3,12,1996,10220.0,17.9,26.9,2.4,2.2,2.5,-9.9
'Zavalla',4,12,1996,20380.0,18.1,28.6,2.4,2.5,0.0,-9.9
'Zavalla',5,12,1996,11120.0,20.0,25.5,2.3,3.9,17.3,-9.9
'Zavalla',6,12,1996,22970.0,17.1,23.5,1.7,3.3,0.0,-9.9
'Zavalla',7,12,1996,33190.0,11.8,26.2,1.3,1.9,0.0,-9.9
'Zavalla',8,12,1996,26460.0,12.8,26.4,1.8,2.8,0.1,-9.9
'Zavalla',9,12,1996,13390.0,17.6,27.9,2.1,2.8,0.0,-9.9
'Zavalla',10,12,1996,11810.0,17.5,24.0,1.8,2.2,0.1,-9.9
'Zavalla',11,12,1996,18400.0,14.7,24.7,1.7,2.5,0.0,-9.9
'Zavalla',12,12,1996,15620.0,15.7,23.8,1.9,2.5,0.0,-9.9
'Zavalla',13,12,1996,28620.0,15.3,26.7,1.8,1.1,0.0,-9.9
'Zavalla',14,12,1996,31070.0,15.8,30.2,1.9,2.2,0.0,-9.9
'Zavalla',15,12,1996,29120.0,19.6,33.4,2.1,2.8,0.0,-9.9
'Zavalla',16,12,1996,18360.0,21.3,26.5,2.4,1.9,5.5,-9.9
'Zavalla',17,12,1996,29560.0,15.1,28.5,2.2,2.5,0.0,-9.9
'Zavalla',18,12,1996,26210.0,19.9,34.5,2.0,3.9,12.7,-9.9
'Zavalla',19,12,1996,24520.0,20.0,29.1,2.5,1.1,0.0,-9.9
'Zavalla',20,12,1996,29380.0,17.3,30.6,2.3,2.2,15.6,-9.9
'Zavalla',21,12,1996,27320.0,16.0,27.6,2.1,1.9,0.0,-9.9
'Zavalla',22,12,1996,33300.0,18.9,31.9,2.0,1.4,0.0,-9.9
'Zavalla',23,12,1996,31180.0,16.4,31.0,2.1,1.7,0.0,-9.9
'Zavalla',24,12,1996,28080.0,20.7,32.9,2.5,1.7,0.0,-9.9
'Zavalla',25,12,1996,9180.0,21.4,28.4,2.7,16.1,26.0,-9.9
'Zavalla',26,12,1996,34160.0,19.9,30.3,2.6,1.9,0.0,-9.9
'Zavalla',27,12,1996,30200.0,20.5,32.1,2.8,3.6,20.0,-9.9
'Zavalla',28,12,1996,24050.0,18.4,30.4,2.5,1.7,0.5,-9.9
'Zavalla',29,12,1996,33980.0,21.6,33.2,2.5,1.7,0.0,-9.9
'Zavalla',30,12,1996,29590.0,18.8,32.5,2.3,1.4,0.0,-9.9
'Zavalla',31,12,1996,17280.0,22.0,26.5,2.6,3.1,8.6,-9.9
