* Source of data    : Zavalla local weather station 
* File content      : Meteo input file for Swap 3.2 (www.swap.alterra.nl) 
* File generated at :  Mon Oct 03 22:18:27 2016 
station,DD,MM,YYYY,Rad,Tmin,Tmax,Hum,Wind,Rain,ETref 
'Zavalla',1,1,2009, 8100.0,17.8,21.6,1.9,3.70,7.2,-9.9
'Zavalla',2,1,2009,13500.0,15.6,24.6,1.7,2.10,0.0,-9.9
'Zavalla',3,1,2009,30900.0,12.7,29.9,1.7,2.10,0.0,-9.9
'Zavalla',4,1,2009,31200.0,13.7,31.7,1.7,2.40,0.0,-9.9
'Zavalla',5,1,2009,29400.0,16.4,33.9,1.8,3.20,0.0,-9.9
'Zavalla',6,1,2009,25400.0,17.6,32.8,2.0,2.40,0.0,-9.9
'Zavalla',7,1,2009, 8000.0,12.9,29.2,1.9,1.70,0.0,-9.9
'Zavalla',8,1,2009,28600.0,15.8,33.0,2.3,1.30,0.0,-9.9
'Zavalla',9,1,2009,29500.0,16.8,34.2,1.8,1.90,0.0,-9.9
'Zavalla',10,1,2009,29200.0,17.1,34.2,2.0,3.20,0.0,-9.9
'Zavalla',11,1,2009,29600.0,14.9,33.1,1.9,2.90,0.0,-9.9
'Zavalla',12,1,2009,14800.0,16.6,30.1,2.3,2.00,3.6,-9.9
'Zavalla',13,1,2009,25700.0,17.5,28.6,2.1,1.90,0.0,-9.9
'Zavalla',14,1,2009,30500.0,15.1,32.6,2.2,1.70,0.0,-9.9
'Zavalla',15,1,2009,25800.0,19.7,34.2,2.3,1.80,0.2,-9.9
'Zavalla',16,1,2009,30800.0,14.8,34.8,2.1,2.20,0.0,-9.9
'Zavalla',17,1,2009,26700.0,16.6,37.1,2.3,4.20,0.0,-9.9
'Zavalla',18,1,2009,18200.0,14.5,24.2,1.3,3.30,0.0,-9.9
'Zavalla',19,1,2009,30100.0,9.7,28.3,1.4,1.70,0.0,-9.9
'Zavalla',20,1,2009,30100.0,12.1,31.2,1.6,1.90,0.0,-9.9
'Zavalla',21,1,2009,29700.0,13.4,33.0,1.7,2.20,0.0,-9.9
'Zavalla',22,1,2009,28200.0,15.4,34.3,1.9,2.50,0.0,-9.9
'Zavalla',23,1,2009,25100.0,15.0,36.7,2.4,2.80,0.0,-9.9
'Zavalla',24,1,2009,25500.0,22.7,37.2,2.4,2.90,8.0,-9.9
'Zavalla',25,1,2009,19300.0,19.1,27.2,2.3,3.40,0.0,-9.9
'Zavalla',26,1,2009,29100.0,18.2,31.4,2.1,3.30,0.0,-9.9
'Zavalla',27,1,2009, 8100.0,19.6,27.8,2.4,2.90,18.3,-9.9
'Zavalla',28,1,2009,23300.0,19.4,26.8,2.3,2.70,8.6,-9.9
'Zavalla',29,1,2009,27200.0,18.0,29.9,2.4,2.40,0.0,-9.9
'Zavalla',30,1,2009,30100.0,17.3,30.5,2.3,2.40,0.0,-9.9
'Zavalla',31,1,2009,25200.0,17.6,29.3,2.1,3.50,0.0,-9.9
'Zavalla',1,2,2009,20200.0,12.6,25.8,1.6,1.60,0.0,-9.9
'Zavalla',2,2,2009,21800.0,14.3,33.6,2.1,2.90,117.6,-9.9
'Zavalla',3,2,2009,21200.0,14.7,27.7,2.2,2.70,0.0,-9.9
'Zavalla',4,2,2009,28000.0,16.8,30.7,2.3,3.00,2.3,-9.9
'Zavalla',5,2,2009,17200.0,18.8,25.1,2.2,2.90,17.3,-9.9
'Zavalla',6,2,2009,27800.0,16.6,25.7,1.6,3.10,0.0,-9.9
'Zavalla',7,2,2009,18200.0,13.0,25.3,1.8,1.90,0.0,-9.9
'Zavalla',8,2,2009,27800.0,14.9,30.4,2.2,1.50,0.0,-9.9
'Zavalla',9,2,2009,27900.0,18.1,32.0,2.4,1.40,0.0,-9.9
'Zavalla',10,2,2009, 7300.0,18.8,25.5,2.3,3.80,81.7,-9.9
'Zavalla',11,2,2009,27700.0,17.1,26.8,1.7,3.40,0.0,-9.9
'Zavalla',12,2,2009,27800.0,13.2,28.4,1.8,2.10,0.0,-9.9
'Zavalla',13,2,2009,26300.0,16.9,30.4,2.3,1.90,0.0,-9.9
'Zavalla',14,2,2009,27500.0,17.8,33.6,2.6,1.70,0.0,-9.9
'Zavalla',15,2,2009,27600.0,16.2,31.6,2.4,2.20,0.0,-9.9
'Zavalla',16,2,2009,20800.0,17.9,32.3,2.5,1.70,21.5,-9.9
'Zavalla',17,2,2009,26700.0,15.7,31.1,2.5,1.50,0.0,-9.9
'Zavalla',18,2,2009,27200.0,20.7,32.6,2.6,2.30,0.0,-9.9
'Zavalla',19,2,2009,24900.0,19.8,35.0,2.9,2.20,0.0,-9.9
'Zavalla',20,2,2009,18200.0,20.2,30.2,2.9,3.60,32.0,-9.9
'Zavalla',21,2,2009, 6900.0,17.7,23.9,2.0,3.50,40.5,-9.9
'Zavalla',22,2,2009, 6900.0,16.4,21.7,2.0,3.60,0.2,-9.9
'Zavalla',23,2,2009,26500.0,13.0,25.4,1.8,1.90,0.0,-9.9
'Zavalla',24,2,2009,25700.0,13.6,27.9,2.0,1.70,0.0,-9.9
'Zavalla',25,2,2009,25800.0,15.0,27.9,2.1,2.00,0.0,-9.9
'Zavalla',26,2,2009,25600.0,14.3,28.4,2.0,2.00,0.0,-9.9
'Zavalla',27,2,2009,24500.0,15.1,27.5,2.3,2.00,0.0,-9.9
'Zavalla',28,2,2009,24100.0,18.4,30.7,2.6,2.40,0.0,-9.9
'Zavalla',1,3,2009,23800.0,20.6,33.7,2.7,2.20,0.0,-9.9
'Zavalla',2,3,2009,23400.0,19.8,32.4,2.7,2.30,0.0,-9.9
'Zavalla',3,3,2009, 7500.0,20.7,25.1,2.5,2.90,93.5,-9.9
'Zavalla',4,3,2009,21800.0,19.0,25.6,2.3,4.50,0.5,-9.9
'Zavalla',5,3,2009,24400.0,15.0,25.9,2.3,1.70,0.0,-9.9
'Zavalla',6,3,2009, 6400.0,14.8,28.6,2.4,1.70,2.0,-9.9
'Zavalla',7,3,2009,22100.0,20.1,29.1,2.4,2.10,0.0,-9.9
'Zavalla',8,3,2009,23300.0,14.8,27.7,2.1,2.80,0.0,-9.9
'Zavalla',9,3,2009,22600.0,15.3,26.8,2.4,2.50,0.0,-9.9
'Zavalla',10,3,2009,23000.0,17.7,26.6,2.4,2.80,0.0,-9.9
'Zavalla',11,3,2009,18500.0,18.8,26.5,2.2,2.00,0.0,-9.9
'Zavalla',12,3,2009,21000.0,16.7,26.9,2.3,2.10,0.0,-9.9
'Zavalla',13,3,2009,22700.0,17.7,31.4,2.5,1.70,0.0,-9.9
'Zavalla',14,3,2009,21800.0,20.2,34.4,2.4,3.70,2.3,-9.9
'Zavalla',15,3,2009,22200.0,11.7,25.0,1.4,2.70,0.0,-9.9
'Zavalla',16,3,2009,14900.0,11.5,23.5,1.6,2.90,0.0,-9.9
'Zavalla',17,3,2009, 5900.0,10.7,27.9,1.5,1.60,0.0,-9.9
'Zavalla',18,3,2009, 5900.0,13.8,28.0,1.8,2.30,0.0,-9.9
'Zavalla',19,3,2009,21400.0,13.7,28.5,1.8,2.20,0.0,-9.9
'Zavalla',20,3,2009,21200.0,12.5,30.2,1.7,1.70,0.0,-9.9
'Zavalla',21,3,2009,20400.0,15.1,32.8,2.2,2.20,0.0,-9.9
'Zavalla',22,3,2009,18300.0,11.7,31.9,2.2,1.90,0.7,-9.9
'Zavalla',23,3,2009,19200.0,11.2,31.5,2.2,1.60,0.0,-9.9
'Zavalla',24,3,2009,18500.0,17.3,31.5,2.2,1.80,0.0,-9.9
'Zavalla',25,3,2009,20100.0,14.8,28.1,1.9,2.00,0.0,-9.9
'Zavalla',26,3,2009,20100.0,12.9,29.9,1.9,1.40,0.0,-9.9
'Zavalla',27,3,2009,20600.0,14.4,30.7,2.0,1.40,0.0,-9.9
'Zavalla',28,3,2009,19800.0,13.9,34.9,2.2,2.70,0.0,-9.9
'Zavalla',29,3,2009,19500.0,20.5,35.9,2.4,2.20,0.0,-9.9
'Zavalla',30,3,2009,18300.0,18.6,35.6,2.3,3.00,5.3,-9.9
'Zavalla',31,3,2009,12800.0,16.0,24.0,1.7,2.60,0.0,-9.9
'Zavalla',1,4,2009,17700.0,10.0,23.3,1.5,2.70,0.0,-9.9
'Zavalla',2,4,2009,13700.0,15.0,17.4,1.6,2.70,10.7,-9.9
'Zavalla',3,4,2009,17500.0,15.0,29.2,2.2,3.20,29.5,-9.9
'Zavalla',4,4,2009, 8400.0,15.3,24.6,1.8,3.10,0.0,-9.9
'Zavalla',5,4,2009,19300.0,8.9,25.8,1.6,2.40,0.0,-9.9
'Zavalla',6,4,2009,19300.0,14.8,30.5,2.2,1.60,0.0,-9.9
'Zavalla',7,4,2009,18900.0,14.0,31.3,2.2,2.60,0.0,-9.9
'Zavalla',8,4,2009,17600.0,13.1,25.0,1.8,1.70,0.0,-9.9
'Zavalla',9,4,2009,18500.0,16.5,27.3,1.7,1.70,0.0,-9.9
'Zavalla',10,4,2009,15300.0,13.9,29.4,1.9,2.00,0.0,-9.9
'Zavalla',11,4,2009,18600.0,17.7,31.9,2.2,2.30,0.0,-9.9
'Zavalla',12,4,2009,17700.0,17.5,30.3,1.7,2.50,0.0,-9.9
'Zavalla',13,4,2009,17400.0,15.1,33.9,1.8,2.50,0.0,-9.9
'Zavalla',14,4,2009,13300.0,14.5,23.0,1.7,2.50,0.0,-9.9
'Zavalla',15,4,2009,17100.0,12.0,24.7,1.5,2.90,0.0,-9.9
'Zavalla',16,4,2009,17200.0,13.9,28.9,1.6,2.70,0.0,-9.9
'Zavalla',17,4,2009,16900.0,13.7,30.7,1.8,2.40,1.1,-9.9
'Zavalla',18,4,2009,14000.0,16.2,22.7,1.7,3.10,0.0,-9.9
'Zavalla',19,4,2009,14000.0,9.9,20.9,1.0,2.40,0.0,-9.9
'Zavalla',20,4,2009,17400.0,9.9,19.4,1.1,2.20,0.0,-9.9
'Zavalla',21,4,2009,10800.0,8.8,22.3,1.3,1.90,0.0,-9.9
'Zavalla',22,4,2009,15600.0,11.9,24.5,1.6,2.10,0.0,-9.9
'Zavalla',23,4,2009, 5500.0,11.5,26.8,1.8,2.60,0.0,-9.9
'Zavalla',24,4,2009,14800.0,8.1,24.3,1.4,2.00,0.0,-9.9
'Zavalla',25,4,2009,16100.0,11.8,26.9,1.7,1.20,0.0,-9.9
'Zavalla',26,4,2009,16200.0,13.2,29.9,1.7,1.60,0.0,-9.9
'Zavalla',27,4,2009,15800.0,15.6,29.9,1.7,2.40,0.0,-9.9
'Zavalla',28,4,2009,14300.0,12.8,29.9,1.7,2.20,0.0,-9.9
'Zavalla',29,4,2009,15400.0,12.9,30.9,1.8,1.80,0.0,-9.9
'Zavalla',30,4,2009,15300.0,13.8,26.7,1.7,2.70,0.0,-9.9
'Zavalla',1,5,2009,15300.0,12.0,26.2,1.6,2.20,0.0,-9.9
'Zavalla',2,5,2009,15300.0,10.8,26.3,1.5,1.70,0.0,-9.9
'Zavalla',3,5,2009,14300.0,8.8,25.7,1.4,2.60,0.0,-9.9
'Zavalla',4,5,2009, 9800.0,9.1,20.7,1.4,3.20,0.0,-9.9
'Zavalla',5,5,2009, 9300.0,6.7,22.6,0.9,2.50,0.0,-9.9
'Zavalla',6,5,2009,12400.0,4.0,22.7,1.0,1.40,0.0,-9.9
'Zavalla',7,5,2009,14600.0,3.1,25.2,1.1,2.10,0.0,-9.9
'Zavalla',8,5,2009,14400.0,7.4,27.5,1.4,2.20,0.0,-9.9
'Zavalla',9,5,2009,11700.0,9.9,26.3,1.4,3.00,0.0,-9.9
'Zavalla',10,5,2009, 3700.0,14.3,27.9,2.1,2.80,0.0,-9.9
'Zavalla',11,5,2009, 3700.0,16.0,28.3,2.0,3.30,0.0,-9.9
'Zavalla',12,5,2009, 3700.0,11.5,20.1,1.4,2.80,5.5,-9.9
'Zavalla',13,5,2009, 3600.0,10.9,16.3,1.4,4.20,4.6,-9.9
'Zavalla',14,5,2009,13900.0,5.8,14.0,0.9,2.60,0.0,-9.9
'Zavalla',15,5,2009,13700.0,1.7,16.2,0.9,2.10,0.0,-9.9
'Zavalla',16,5,2009,11200.0,5.7,20.0,1.2,4.20,0.0,-9.9
'Zavalla',17,5,2009, 3500.0,9.9,21.7,1.4,1.70,0.0,-9.9
'Zavalla',18,5,2009,10200.0,10.3,21.6,1.3,2.70,0.0,-9.9
'Zavalla',19,5,2009,13600.0,2.8,22.2,1.3,2.40,0.0,-9.9
'Zavalla',20,5,2009, 7900.0,9.9,26.3,1.9,2.80,0.0,-9.9
'Zavalla',21,5,2009,13200.0,19.6,31.4,2.0,2.60,0.0,-9.9
'Zavalla',22,5,2009,12000.0,19.3,30.3,2.1,3.30,0.0,-9.9
'Zavalla',23,5,2009,13300.0,18.7,30.4,2.1,2.20,0.0,-9.9
'Zavalla',24,5,2009,13000.0,15.3,27.8,1.9,1.90,0.0,-9.9
'Zavalla',25,5,2009, 9000.0,13.6,25.1,1.9,3.30,0.0,-9.9
'Zavalla',26,5,2009,10800.0,11.4,18.9,0.9,2.60,0.0,-9.9
'Zavalla',27,5,2009, 9000.0,7.0,16.7,0.9,1.70,0.0,-9.9
'Zavalla',28,5,2009,11100.0,1.5,17.6,0.8,1.70,0.0,-9.9
'Zavalla',29,5,2009,12800.0,4.9,14.6,1.0,1.40,0.2,-9.9
'Zavalla',30,5,2009, 3300.0,6.9,10.4,1.0,2.20,1.5,-9.9
'Zavalla',31,5,2009,11600.0,6.3,14.0,1.0,2.30,0.0,-9.9
'Zavalla',1,6,2009,12700.0,1.7,16.0,0.9,3.30,0.0,-9.9
'Zavalla',2,6,2009,12700.0,-0.2,14.4,0.7,2.10,0.0,-9.9
'Zavalla',3,6,2009,11000.0,3.3,17.0,0.9,3.50,0.0,-9.9
'Zavalla',4,6,2009,11800.0,6.1,20.3,1.0,2.70,0.0,-9.9
'Zavalla',5,6,2009,12400.0,6.2,18.7,0.9,2.30,0.0,-9.9
'Zavalla',6,6,2009,12400.0,1.0,18.1,0.9,1.90,0.0,-9.9
'Zavalla',7,6,2009,10900.0,1.5,15.3,0.9,2.20,0.0,-9.9
'Zavalla',8,6,2009, 3100.0,2.2,17.5,0.9,1.40,0.0,-9.9
'Zavalla',9,6,2009, 3100.0,-0.1,17.4,0.9,1.50,0.0,-9.9
'Zavalla',10,6,2009, 9800.0,3.2,20.0,1.0,2.30,0.0,-9.9
'Zavalla',11,6,2009,11400.0,1.4,16.5,0.7,1.80,0.0,-9.9
'Zavalla',12,6,2009,11500.0,-2.4,17.2,0.8,2.20,0.0,-9.9
'Zavalla',13,6,2009,11600.0,2.6,18.7,0.9,3.40,0.0,-9.9
'Zavalla',14,6,2009,11300.0,7.7,21.0,1.0,2.40,0.0,-9.9
'Zavalla',15,6,2009, 3100.0,6.9,17.6,1.1,3.20,0.0,-9.9
'Zavalla',16,6,2009,11500.0,-0.2,17.3,0.7,1.70,0.0,-9.9
'Zavalla',17,6,2009,11300.0,3.0,18.7,1.1,3.10,0.0,-9.9
'Zavalla',18,6,2009,11300.0,8.5,20.2,1.2,3.70,0.0,-9.9
'Zavalla',19,6,2009, 7200.0,11.8,23.1,1.6,3.80,0.0,-9.9
'Zavalla',20,6,2009, 6200.0,15.0,21.0,1.3,4.20,0.0,-9.9
'Zavalla',21,6,2009, 5000.0,7.9,15.8,1.0,2.50,0.0,-9.9
'Zavalla',22,6,2009, 9000.0,4.1,16.7,0.7,2.20,0.0,-9.9
'Zavalla',23,6,2009,12100.0,0.9,16.6,0.5,2.70,0.0,-9.9
'Zavalla',24,6,2009,11200.0,-3.1,14.1,0.5,1.60,0.0,-9.9
'Zavalla',25,6,2009,10900.0,-2.6,18.8,0.7,1.60,0.0,-9.9
'Zavalla',26,6,2009, 8400.0,1.9,18.8,0.8,1.60,0.0,-9.9
'Zavalla',27,6,2009,11700.0,0.3,17.2,0.7,2.90,0.0,-9.9
'Zavalla',28,6,2009, 3100.0,2.9,13.7,1.3,3.10,0.0,-9.9
'Zavalla',29,6,2009, 8500.0,10.6,17.6,0.9,5.00,0.0,-9.9
'Zavalla',30,6,2009,12200.0,3.0,19.6,0.7,2.30,0.0,-9.9
'Zavalla',1,7,2009,11900.0,4.1,19.7,0.7,2.40,0.0,-9.9
'Zavalla',2,7,2009, 3100.0,-2.0,18.5,0.6,1.70,0.0,-9.9
'Zavalla',3,7,2009,10400.0,3.6,20.9,0.8,2.40,0.0,-9.9
'Zavalla',4,7,2009, 9100.0,6.4,22.6,1.0,2.90,0.0,-9.9
'Zavalla',5,7,2009, 7300.0,10.4,25.6,1.8,2.10,0.0,-9.9
'Zavalla',6,7,2009, 3100.0,12.0,25.1,1.7,1.80,4.0,-9.9
'Zavalla',7,7,2009,10700.0,7.0,19.8,1.0,3.40,0.0,-9.9
'Zavalla',8,7,2009,11900.0,0.1,12.7,0.5,2.50,0.0,-9.9
'Zavalla',9,7,2009,12600.0,-3.3,16.2,0.6,2.20,0.0,-9.9
'Zavalla',10,7,2009, 3200.0,0.1,16.2,0.8,3.20,0.0,-9.9
'Zavalla',11,7,2009,10900.0,-0.3,15.2,0.6,2.50,0.0,-9.9
'Zavalla',12,7,2009,11700.0,2.7,18.6,0.8,3.00,0.0,-9.9
'Zavalla',13,7,2009,12600.0,1.5,16.3,0.5,3.60,0.0,-9.9
'Zavalla',14,7,2009,12300.0,-3.3,14.6,0.5,1.50,0.0,-9.9
'Zavalla',15,7,2009, 3300.0,3.6,12.7,0.9,1.10,0.0,-9.9
'Zavalla',16,7,2009, 9900.0,5.7,15.6,0.9,1.20,0.0,-9.9
'Zavalla',17,7,2009,10700.0,-1.2,17.7,0.8,1.60,0.0,-9.9
'Zavalla',18,7,2009,12400.0,1.9,19.5,1.0,2.10,0.0,-9.9
'Zavalla',19,7,2009,5330.0,12.5,15.5,1.2,2.40,0.0,-9.9
'Zavalla',20,7,2009, 8800.0,10.7,15.0,1.2,2.40,29.0,-9.9
'Zavalla',21,7,2009, 3400.0,10.2,13.6,1.1,4.60,3.1,-9.9
'Zavalla',22,7,2009, 3400.0,1.1,10.2,0.5,4.80,0.0,-9.9
'Zavalla',23,7,2009,11900.0,-1.6,6.9,0.4,3.50,0.0,-9.9
'Zavalla',24,7,2009,12800.0,-2.3,11.9,0.5,2.50,0.0,-9.9
'Zavalla',25,7,2009,12600.0,0.6,17.2,0.6,2.70,0.0,-9.9
'Zavalla',26,7,2009,13800.0,-0.1,16.3,0.6,1.70,0.0,-9.9
'Zavalla',27,7,2009,13600.0,1.8,20.0,0.7,1.50,0.0,-9.9
'Zavalla',28,7,2009,11500.0,4.1,16.3,0.7,2.00,0.0,-9.9
'Zavalla',29,7,2009,14000.0,-3.1,18.1,0.6,1.90,0.0,-9.9
'Zavalla',30,7,2009,13600.0,-0.4,17.3,0.7,2.30,0.0,-9.9
'Zavalla',31,7,2009, 6800.0,0.4,13.2,0.6,2.60,0.0,-9.9
'Zavalla',1,8,2009, 8300.0,1.2,14.4,0.7,2.20,0.0,-9.9
'Zavalla',2,8,2009, 9000.0,-0.7,17.2,0.9,1.90,0.0,-9.9
'Zavalla',3,8,2009,14000.0,1.3,18.3,0.9,3.60,0.0,-9.9
'Zavalla',4,8,2009,12100.0,8.5,21.7,1.2,2.70,0.0,-9.9
'Zavalla',5,8,2009,11200.0,8.1,21.3,0.9,3.70,0.0,-9.9
'Zavalla',6,8,2009,14400.0,2.3,17.6,0.8,2.40,0.0,-9.9
'Zavalla',7,8,2009, 8300.0,2.8,16.7,0.9,2.10,0.0,-9.9
'Zavalla',8,8,2009,10600.0,2.6,15.8,0.8,2.00,0.0,-9.9
'Zavalla',9,8,2009,15200.0,0.3,16.7,0.6,1.40,0.0,-9.9
'Zavalla',10,8,2009,13600.0,3.0,23.0,0.8,2.70,0.0,-9.9
'Zavalla',11,8,2009,14400.0,5.5,22.9,0.9,3.70,0.0,-9.9
'Zavalla',12,8,2009,14100.0,5.0,23.3,1.1,4.20,0.0,-9.9
'Zavalla',13,8,2009,11100.0,10.9,21.5,1.2,2.70,0.0,-9.9
'Zavalla',14,8,2009, 6600.0,9.3,28.9,1.8,4.20,0.0,-9.9
'Zavalla',15,8,2009, 7700.0,19.2,32.3,1.8,4.30,0.0,-9.9
'Zavalla',16,8,2009, 9100.0,5.3,19.2,0.8,3.60,0.0,-9.9
'Zavalla',17,8,2009,15200.0,-0.9,19.3,0.6,1.70,0.0,-9.9
'Zavalla',18,8,2009,12200.0,2.9,18.8,0.8,2.60,0.0,-9.9
'Zavalla',19,8,2009, 9200.0,7.1,15.7,0.9,3.20,0.0,-9.9
'Zavalla',20,8,2009,15900.0,0.7,16.3,0.8,1.90,0.0,-9.9
'Zavalla',21,8,2009,15000.0,1.7,17.6,0.8,3.30,0.0,-9.9
'Zavalla',22,8,2009,13900.0,8.1,20.4,1.0,2.40,0.0,-9.9
'Zavalla',23,8,2009,14400.0,3.3,23.6,1.0,2.20,0.0,-9.9
'Zavalla',24,8,2009,14700.0,6.5,25.6,1.3,2.60,0.0,-9.9
'Zavalla',25,8,2009,16000.0,12.2,28.7,1.6,3.20,0.0,-9.9
'Zavalla',26,8,2009,13300.0,16.3,31.7,1.9,3.10,0.0,-9.9
'Zavalla',27,8,2009,16600.0,17.3,33.8,1.8,2.60,0.0,-9.9
'Zavalla',28,8,2009,17200.0,17.8,32.6,1.9,4.20,0.0,-9.9
'Zavalla',29,8,2009,16500.0,19.2,34.7,1.8,4.70,0.0,-9.9
'Zavalla',30,8,2009,15600.0,21.6,35.5,1.9,3.40,0.8,-9.9
'Zavalla',31,8,2009,15900.0,12.4,24.5,1.4,3.40,0.9,-9.9
'Zavalla',1,9,2009, 4800.0,12.8,16.0,1.4,3.80,0.0,-9.9
'Zavalla',2,9,2009, 4900.0,10.9,15.7,1.4,3.30,1.6,-9.9
'Zavalla',3,9,2009, 4900.0,12.5,15.6,1.4,3.40,10.8,-9.9
'Zavalla',4,9,2009, 9800.0,10.5,18.1,1.1,2.50,0.0,-9.9
'Zavalla',5,9,2009,19500.0,3.3,21.6,1.2,3.10,0.0,-9.9
'Zavalla',6,9,2009, 6600.0,11.6,28.2,1.6,3.40,30.8,-9.9
'Zavalla',7,9,2009,13800.0,7.4,20.6,1.1,5.40,0.0,-9.9
'Zavalla',8,9,2009,17200.0,4.8,12.1,0.7,3.40,0.0,-9.9
'Zavalla',9,9,2009,18900.0,-1.2,14.9,0.7,1.80,0.0,-9.9
'Zavalla',10,9,2009,18900.0,3.1,17.9,0.8,1.80,0.0,-9.9
'Zavalla',11,9,2009,18900.0,3.7,17.5,0.9,1.90,0.0,-9.9
'Zavalla',12,9,2009,17300.0,3.7,21.7,1.2,1.70,0.0,-9.9
'Zavalla',13,9,2009,18400.0,6.9,22.3,1.3,3.00,0.0,-9.9
'Zavalla',14,9,2009,19500.0,11.5,25.6,1.6,3.30,0.0,-9.9
'Zavalla',15,9,2009,17800.0,12.4,25.7,1.6,2.30,0.0,-9.9
'Zavalla',16,9,2009,14100.0,10.4,23.4,1.4,3.40,7.0,-9.9
'Zavalla',17,9,2009, 5500.0,10.2,15.6,1.3,4.00,27.1,-9.9
'Zavalla',18,9,2009,12300.0,9.7,15.2,1.1,4.00,0.0,-9.9
'Zavalla',19,9,2009,17700.0,5.0,18.8,1.0,2.90,0.0,-9.9
'Zavalla',20,9,2009,16700.0,2.9,22.5,1.2,2.30,0.0,-9.9
'Zavalla',21,9,2009,21500.0,10.9,23.6,1.3,3.30,2.5,-9.9
'Zavalla',22,9,2009, 7500.0,9.9,14.8,1.2,4.90,4.1,-9.9
'Zavalla',23,9,2009,21100.0,2.8,15.4,0.8,2.30,0.0,-9.9
'Zavalla',24,9,2009,21600.0,2.0,18.7,1.0,2.70,0.0,-9.9
'Zavalla',25,9,2009,20900.0,6.7,20.4,1.2,2.90,0.0,-9.9
'Zavalla',26,9,2009,21400.0,7.7,24.9,1.4,2.70,4.2,-9.9
'Zavalla',27,9,2009, 7000.0,7.6,16.5,1.0,5.50,4.9,-9.9
'Zavalla',28,9,2009,23000.0,1.0,14.6,0.8,3.10,0.0,-9.9
'Zavalla',29,9,2009,22600.0,1.3,15.4,0.8,2.40,0.0,-9.9
'Zavalla',30,9,2009,15700.0,2.8,16.5,0.9,2.50,0.0,-9.9
'Zavalla',1,10,2009,22200.0,8.10,20.5,1.0,1.90,0.0,-9.9
'Zavalla',2,10,2009,22900.0,5.5,24.7,1.2,2.60,0.0,-9.9
'Zavalla',3,10,2009,18500.0,8.7,23.5,1.3,2.90,0.0,-9.9
'Zavalla',4,10,2009,16700.0,10.8,25.7,1.6,3.00,0.0,-9.9
'Zavalla',5,10,2009,22200.0,16.0,27.6,1.6,4.20,0.0,-9.9
'Zavalla',6,10,2009,21400.0,10.2,21.2,0.8,3.90,0.0,-9.9
'Zavalla',7,10,2009,22700.0,3.1,19.1,0.9,2.20,0.0,-9.9
'Zavalla',8,10,2009,24000.0,4.6,22.5,1.0,2.80,0.0,-9.9
'Zavalla',9,10,2009,22400.0,9.2,24.8,1.3,4.00,0.0,-9.9
'Zavalla',10,10,2009, 9800.0,14.7,28.0,2.1,4.50,56.5,-9.9
'Zavalla',11,10,2009,23400.0,10.8,22.1,1.0,3.60,0.0,-9.9
'Zavalla',12,10,2009,23800.0,7.1,22.3,1.1,2.50,0.0,-9.9
'Zavalla',13,10,2009,19500.0,11.2,28.8,1.6,3.10,0.0,-9.9
'Zavalla',14,10,2009,14100.0,11.3,21.5,1.4,2.70,5.5,-9.9
'Zavalla',15,10,2009,24000.0,4.7,20.2,1.1,1.90,0.0,-9.9
'Zavalla',16,10,2009,25400.0,8.4,21.4,1.1,2.30,0.0,-9.9
'Zavalla',17,10,2009,25700.0,6.2,22.4,1.3,2.20,0.0,-9.9
'Zavalla',18,10,2009,24600.0,8.0,24.7,1.4,2.40,0.0,-9.9
'Zavalla',19,10,2009,26000.0,9.6,26.3,1.5,2.70,0.0,-9.9
'Zavalla',20,10,2009,18000.0,8.3,26.4,1.4,2.70,4.7,-9.9
'Zavalla',21,10,2009,15900.0,12.6,18.6,1.5,2.50,0.6,-9.9
'Zavalla',22,10,2009,24900.0,6.7,23.5,1.5,2.50,0.0,-9.9
'Zavalla',23,10,2009,24800.0,14.1,33.5,2.0,5.00,1.2,-9.9
'Zavalla',24,10,2009,25800.0,9.7,20.7,0.8,2.60,0.0,-9.9
'Zavalla',25,10,2009,20400.0,7.6,22.3,1.2,2.30,0.0,-9.9
'Zavalla',26,10,2009,26100.0,8.6,22.8,0.9,2.90,0.0,-9.9
'Zavalla',27,10,2009,22500.0,9.9,26.9,1.4,2.90,0.0,-9.9
'Zavalla',28,10,2009,22200.0,11.7,31.1,1.7,1.90,0.0,-9.9
'Zavalla',29,10,2009,24200.0,14.4,37.4,2.5,3.70,0.0,-9.9
'Zavalla',30,10,2009,26300.0,25.6,38.4,2.5,3.40,0.0,-9.9
'Zavalla',31,10,2009,17200.0,19.0,31.7,2.4,2.80,1.7,-9.9
'Zavalla',1,11,2009,10800.0,20.0,26.1,2.3,3.10,12.6,-9.9
'Zavalla',2,11,2009,16900.0,17.8,32.9,2.3,4.30,1.3,-9.9
'Zavalla',3,11,2009,25200.0,12.7,23.1,1.2,2.40,0.0,-9.9
'Zavalla',4,11,2009,25100.0,14.2,24.4,1.6,1.70,0.0,-9.9
'Zavalla',5,11,2009,28100.0,11.7,27.6,1.9,2.90,0.0,-9.9
'Zavalla',6,11,2009,26900.0,14.4,26.5,2.5,3.40,1.6,-9.9
'Zavalla',7,11,2009,14500.0,12.2,22.4,1.1,3.10,0.0,-9.9
'Zavalla',8,11,2009,29400.0,7.3,24.3,1.2,3.20,0.0,-9.9
'Zavalla',9,11,2009,28100.0,11.8,26.4,1.4,2.80,0.0,-9.9
'Zavalla',10,11,2009,26400.0,6.7,26.8,1.1,1.40,0.0,-9.9
'Zavalla',11,11,2009,28300.0,9.6,28.3,1.4,2.40,0.0,-9.9
'Zavalla',12,11,2009,27900.0,11.9,31.6,2.0,2.40,22.6,-9.9
'Zavalla',13,11,2009,28500.0,20.8,32.7,2.1,2.40,0.9,-9.9
'Zavalla',14,11,2009,27200.0,18.8,26.4,2.0,3.20,0.0,-9.9
'Zavalla',15,11,2009,21700.0,15.3,23.5,1.8,2.10,3.4,-9.9
'Zavalla',16,11,2009,28800.0,12.9,30.4,2.0,4.00,0.0,-9.9
'Zavalla',17,11,2009,11000.0,19.9,26.8,2.6,3.60,1.9,-9.9
'Zavalla',18,11,2009,28200.0,19.7,26.6,2.5,3.40,87.4,-9.9
'Zavalla',19,11,2009,25700.0,17.0,25.7,1.7,3.70,0.0,-9.9
'Zavalla',20,11,2009,25100.0,15.5,26.4,1.9,3.10,14.0,-9.9
'Zavalla',21,11,2009, 8500.0,17.1,21.9,2.3,1.80,0.0,-9.9
'Zavalla',22,11,2009,13000.0,18.8,24.6,2.3,2.60,2.3,-9.9
'Zavalla',23,11,2009,18300.0,20.1,28.3,2.7,2.70,0.0,-9.9
'Zavalla',24,11,2009,17400.0,21.5,30.6,2.7,2.70,0.7,-9.9
'Zavalla',25,11,2009,29000.0,22.9,29.9,2.6,3.50,0.0,-9.9
'Zavalla',26,11,2009,29000.0,20.0,27.5,1.9,2.90,0.0,-9.9
'Zavalla',27,11,2009, 8100.0,17.4,22.3,1.9,2.90,0.0,-9.9
'Zavalla',28,11,2009,28700.0,16.1,25.6,2.1,2.20,0.0,-9.9
'Zavalla',29,11,2009,23600.0,17.6,25.3,2.4,4.00,0.0,-9.9
'Zavalla',30,11,2009,29300.0,12.4,30.2,1.4,2.20,0.0,-9.9
'Zavalla',1,12,2009,16700.0,15.0,27.8,2.1,2.40,8.8,-9.9
'Zavalla',2,12,2009,18900.0,18.2,29.3,2.1,3.60,0.0,-9.9
'Zavalla',3,12,2009,18000.0,12.7,21.9,1.5,2.70,0.0,-9.9
'Zavalla',4,12,2009,30700.0,8.9,22.5,1.5,3.00,0.0,-9.9
'Zavalla',5,12,2009,13400.0,15.7,19.6,1.6,2.40,0.6,-9.9
'Zavalla',6,12,2009,21700.0,11.2,22.7,1.6,3.00,0.0,-9.9
'Zavalla',7,12,2009,18800.0,12.8,22.4,1.5,2.70,0.0,-9.9
'Zavalla',8,12,2009,28200.0,10.3,25.4,1.8,1.70,0.0,-9.9
'Zavalla',9,12,2009,28700.0,14.3,29.4,2.0,1.60,0.0,-9.9
'Zavalla',10,12,2009,25800.0,16.2,30.6,2.2,2.00,4.5,-9.9
'Zavalla',11,12,2009,14200.0,17.7,25.5,2.1,3.20,0.0,-9.9
'Zavalla',12,12,2009,29300.0,14.2,25.9,1.7,2.90,0.0,-9.9
'Zavalla',13,12,2009,22900.0,13.0,26.9,1.7,3.20,11.5,-9.9
'Zavalla',14,12,2009,30300.0,14.6,27.5,2.1,2.40,0.0,-9.9
'Zavalla',15,12,2009,17000.0,14.8,25.6,2.2,2.10,16.3,-9.9
'Zavalla',16,12,2009,28600.0,16.6,26.2,2.2,2.60,0.0,-9.9
'Zavalla',17,12,2009,29100.0,16.6,29.4,2.4,3.40,0.0,-9.9
'Zavalla',18,12,2009,28900.0,21.8,31.5,2.7,3.40,0.0,-9.9
'Zavalla',19,12,2009,15500.0,19.6,31.3,2.5,3.30,72.0,-9.9
'Zavalla',20,12,2009,28600.0,18.7,27.8,2.2,2.70,0.0,-9.9
'Zavalla',21,12,2009,30400.0,15.5,28.1,2.4,2.20,0.0,-9.9
'Zavalla',22,12,2009,23900.0,19.0,31.4,3.0,2.80,2.3,-9.9
'Zavalla',23,12,2009,21500.0,21.0,31.6,3.0,2.70,26.6,-9.9
'Zavalla',24,12,2009,11100.0,20.4,26.1,2.6,3.10,5.5,-9.9
'Zavalla',25,12,2009,19500.0,19.6,28.3,2.7,2.10,3.6,-9.9
'Zavalla',26,12,2009,18700.0,20.4,27.3,2.5,1.70,12.8,-9.9
'Zavalla',27,12,2009,26100.0,18.3,28.7,2.7,2.40,1.5,-9.9
'Zavalla',28,12,2009, 9300.0,20.9,28.0,2.7,3.10,11.3,-9.9
'Zavalla',29,12,2009,21400.0,20.4,30.1,2.9,2.90,0.0,-9.9
'Zavalla',30,12,2009,20400.0,15.8,26.6,1.9,2.70,0.0,-9.9
'Zavalla',31,12,2009, 9800.0,13.1,27.7,2.1,2.90,0.8,-9.9
