* Source of data    : Royal Netherlands Meterological Institute (www.knmi.nl) stations 370 and 918
* File content      : Input file for Swap 3.2 (www.swap.alterra.nl) 
* File generated by : Alterra - Wageningen-UR (www.alterra.wur.nl) 
* File generated at : 2015-02-19 20:52:54
station DD MM YYYY Rad Tmin Tmax Hum Wind Rain ETref Wet
'380_918' 01 01 1974 3.7800e+03 -4.0000e+00 6.0000e-01 4.9369e-01 4.1000e+00 0.0000e+00 4.0000e-01 -99.9
'380_918' 02 01 1974 1.4400e+03 -4.6000e+00 1.0000e+00 4.6015e-01 2.1000e+00 0.0000e+00 1.0000e-01 -99.9
'380_918' 03 01 1974 4.0300e+03 -1.2000e+00 9.3000e+00 6.3634e-01 3.1000e+00 0.0000e+00 5.0000e-01 -99.9
'380_918' 04 01 1974 1.8600e+03 2.9000e+00 7.2000e+00 6.9179e-01 6.2000e+00 5.0000e-01 2.0000e-01 -99.9
'380_918' 05 01 1974 2.8700e+03 4.7000e+00 9.6000e+00 6.8775e-01 6.7000e+00 6.0000e-01 4.0000e-01 -99.9
'380_918' 06 01 1974 2.4800e+03 5.2000e+00 9.3000e+00 8.3693e-01 5.7000e+00 3.0000e-01 3.0000e-01 -99.9
'380_918' 07 01 1974 6.0000e+02 4.5000e+00 7.8000e+00 7.9758e-01 6.2000e+00 8.2000e+00 1.0000e-01 -99.9
'380_918' 08 01 1974 3.1800e+03 2.1000e+00 7.3000e+00 6.8789e-01 6.2000e+00 2.1000e+00 4.0000e-01 -99.9
'380_918' 09 01 1974 3.6800e+03 2.0000e+00 6.8000e+00 7.2478e-01 5.1000e+00 5.8000e+00 5.0000e-01 -99.9
'380_918' 10 01 1974 1.4800e+03 3.5000e+00 5.9000e+00 7.6602e-01 5.7000e+00 2.7000e+00 2.0000e-01 -99.9
'380_918' 11 01 1974 1.6500e+03 3.7000e+00 1.2000e+01 8.0275e-01 7.7000e+00 2.9000e+00 2.0000e-01 -99.9
'380_918' 12 01 1974 2.3500e+03 4.3000e+00 1.2400e+01 8.2201e-01 6.2000e+00 0.0000e+00 3.0000e-01 -99.9
'380_918' 13 01 1974 2.5100e+03 6.6000e+00 1.1500e+01 8.8519e-01 7.7000e+00 1.5000e+00 4.0000e-01 -99.9
'380_918' 14 01 1974 6.6000e+02 4.9000e+00 1.0500e+01 9.1689e-01 5.7000e+00 1.9000e+00 1.0000e-01 -99.9
'380_918' 15 01 1974 5.8000e+02 8.6000e+00 1.3200e+01 1.0815e+00 7.7000e+00 7.0000e-01 1.0000e-01 -99.9
'380_918' 16 01 1974 1.2900e+03 4.0000e+00 1.2800e+01 8.5019e-01 8.2000e+00 1.0400e+01 2.0000e-01 -99.9
'380_918' 17 01 1974 2.2400e+03 4.0000e+00 8.2000e+00 7.2609e-01 9.3000e+00 3.2000e+00 3.0000e-01 -99.9
'380_918' 18 01 1974 8.0000e+02 7.2000e+00 9.4000e+00 9.6081e-01 5.7000e+00 1.4000e+00 1.0000e-01 -99.9
'380_918' 19 01 1974 5.3000e+02 6.4000e+00 8.8000e+00 8.6346e-01 4.6000e+00 0.0000e+00 1.0000e-01 -99.9
'380_918' 20 01 1974 1.9500e+03 5.0000e-01 7.3000e+00 6.1038e-01 2.1000e+00 0.0000e+00 3.0000e-01 -99.9
'380_918' 21 01 1974 1.9100e+03 -2.0000e+00 1.3000e+00 5.3174e-01 2.1000e+00 0.0000e+00 2.0000e-01 -99.9
'380_918' 22 01 1974 9.1000e+02 1.0000e-01 6.5000e+00 6.7732e-01 4.6000e+00 1.0000e+00 1.0000e-01 -99.9
'380_918' 23 01 1974 2.6700e+03 6.5000e+00 9.2000e+00 8.8804e-01 5.7000e+00 2.1000e+00 4.0000e-01 -99.9
'380_918' 24 01 1974 1.9100e+03 4.9000e+00 8.1000e+00 8.5594e-01 4.6000e+00 1.9000e+00 3.0000e-01 -99.9
'380_918' 25 01 1974 2.3300e+03 3.0000e+00 7.6000e+00 7.7299e-01 3.6000e+00 0.0000e+00 3.0000e-01 -99.9
'380_918' 26 01 1974 5.7000e+03 7.0000e-01 7.2000e+00 6.2209e-01 5.7000e+00 5.0000e-01 7.0000e-01 -99.9
'380_918' 27 01 1974 3.1800e+03 1.2000e+00 7.8000e+00 6.2983e-01 5.7000e+00 0.0000e+00 4.0000e-01 -99.9
'380_918' 28 01 1974 1.6600e+03 3.0000e+00 8.4000e+00 6.6484e-01 8.2000e+00 9.8000e+00 2.0000e-01 -99.9
'380_918' 29 01 1974 2.8100e+03 2.0000e+00 7.2000e+00 7.1640e-01 4.6000e+00 5.0000e-01 4.0000e-01 -99.9
'380_918' 30 01 1974 6.5500e+03 2.1000e+00 1.0300e+01 6.7136e-01 6.2000e+00 0.0000e+00 9.0000e-01 -99.9
'380_918' 31 01 1974 2.5300e+03 2.9000e+00 8.5000e+00 7.4461e-01 5.1000e+00 4.0000e-01 3.0000e-01 -99.9
'380_918' 01 02 1974 2.5600e+03 2.4000e+00 1.0800e+01 7.2609e-01 6.2000e+00 0.0000e+00 4.0000e-01 -99.9
'380_918' 02 02 1974 5.2000e+03 3.8000e+00 9.6000e+00 7.2015e-01 6.7000e+00 0.0000e+00 7.0000e-01 -99.9
'380_918' 03 02 1974 6.3700e+03 3.0000e-01 8.9000e+00 6.5375e-01 2.6000e+00 0.0000e+00 8.0000e-01 -99.9
'380_918' 04 02 1974 5.9100e+03 -2.4000e+00 7.0000e+00 5.3554e-01 4.1000e+00 3.0000e-01 7.0000e-01 -99.9
'380_918' 05 02 1974 1.2900e+03 2.5000e+00 4.9000e+00 7.2193e-01 5.1000e+00 4.5000e+00 2.0000e-01 -99.9
'380_918' 06 02 1974 1.2900e+03 0.0000e+00 5.5000e+00 6.4882e-01 6.2000e+00 1.4500e+01 2.0000e-01 -99.9
'380_918' 07 02 1974 4.5000e+03 3.0000e-01 5.7000e+00 6.6843e-01 5.1000e+00 3.1000e+00 5.0000e-01 -99.9
'380_918' 08 02 1974 5.4300e+03 1.5000e+00 8.5000e+00 7.4289e-01 6.7000e+00 2.0200e+01 7.0000e-01 -99.9
'380_918' 09 02 1974 2.5100e+03 7.0000e+00 1.1800e+01 9.4184e-01 9.8000e+00 5.1000e+00 4.0000e-01 -99.9
'380_918' 10 02 1974 6.2100e+03 7.0000e+00 1.2300e+01 8.4875e-01 9.3000e+00 1.0000e-01 9.0000e-01 -99.9
'380_918' 11 02 1974 2.5000e+03 9.5000e+00 1.3400e+01 7.7742e-01 1.2300e+01 2.9000e+00 4.0000e-01 -99.9
'380_918' 12 02 1974 6.4900e+03 4.5000e+00 1.1300e+01 7.7587e-01 6.2000e+00 0.0000e+00 9.0000e-01 -99.9
'380_918' 13 02 1974 7.2000e+03 1.5000e+00 1.1500e+01 7.4373e-01 3.6000e+00 0.0000e+00 9.0000e-01 -99.9
'380_918' 14 02 1974 3.8800e+03 2.2000e+00 6.4000e+00 6.4848e-01 5.1000e+00 0.0000e+00 5.0000e-01 -99.9
'380_918' 15 02 1974 3.6200e+03 1.4000e+00 8.3000e+00 6.0200e-01 5.7000e+00 0.0000e+00 5.0000e-01 -99.9
'380_918' 16 02 1974 7.8600e+03 2.9000e+00 1.1500e+01 8.0375e-01 3.6000e+00 0.0000e+00 1.1000e+00 -99.9
'380_918' 17 02 1974 5.0800e+03 2.7000e+00 9.4000e+00 8.1996e-01 2.1000e+00 0.0000e+00 7.0000e-01 -99.9
'380_918' 18 02 1974 1.7100e+03 2.8000e+00 5.6000e+00 7.6316e-01 3.6000e+00 5.0000e-01 2.0000e-01 -99.9
'380_918' 19 02 1974 8.3000e+02 2.2000e+00 3.3000e+00 6.7707e-01 6.2000e+00 0.0000e+00 1.0000e-01 -99.9
'380_918' 20 02 1974 8.6700e+03 -3.0000e+00 3.9000e+00 4.6957e-01 3.6000e+00 0.0000e+00 1.0000e+00 -99.9
'380_918' 21 02 1974 3.4900e+03 -3.8000e+00 4.6000e+00 5.4986e-01 4.1000e+00 4.0000e-01 4.0000e-01 -99.9
'380_918' 22 02 1974 1.0800e+03 3.3000e+00 6.6000e+00 8.3724e-01 4.1000e+00 3.0000e+00 1.0000e-01 -99.9
'380_918' 23 02 1974 5.5400e+03 6.0000e-01 7.0000e+00 6.6284e-01 3.6000e+00 0.0000e+00 7.0000e-01 -99.9
'380_918' 24 02 1974 7.8700e+03 -1.1000e+00 5.3000e+00 5.8011e-01 3.1000e+00 0.0000e+00 9.0000e-01 -99.9
'380_918' 25 02 1974 8.6400e+03 -3.6000e+00 4.4000e+00 5.1642e-01 3.1000e+00 0.0000e+00 9.0000e-01 -99.9
'380_918' 26 02 1974 7.1800e+03 -2.9000e+00 4.5000e+00 4.7925e-01 4.1000e+00 0.0000e+00 8.0000e-01 -99.9
'380_918' 27 02 1974 3.5900e+03 -3.7000e+00 1.2000e+00 4.2716e-01 4.6000e+00 0.0000e+00 4.0000e-01 -99.9
'380_918' 28 02 1974 9.0700e+03 -4.0000e+00 5.1000e+00 4.6725e-01 1.5000e+00 0.0000e+00 1.0000e+00 -99.9
'380_918' 01 03 1974 8.3200e+03 -1.0000e+00 5.2000e+00 5.3271e-01 4.6000e+00 6.4000e+00 9.0000e-01 -99.9
'380_918' 02 03 1974 2.9600e+03 -1.1000e+00 4.4000e+00 5.9282e-01 3.6000e+00 2.6000e+00 3.0000e-01 -99.9
'380_918' 03 03 1974 1.0380e+04 -2.6000e+00 6.9000e+00 5.4245e-01 2.6000e+00 0.0000e+00 1.2000e+00 -99.9
'380_918' 04 03 1974 4.2100e+03 -1.2000e+00 3.7000e+00 5.8508e-01 3.1000e+00 1.0000e-01 5.0000e-01 -99.9
'380_918' 05 03 1974 1.8400e+03 6.0000e-01 3.6000e+00 6.6401e-01 2.1000e+00 3.5000e+00 2.0000e-01 -99.9
'380_918' 06 03 1974 9.6200e+03 -1.2000e+00 7.3000e+00 5.9328e-01 2.1000e+00 0.0000e+00 1.1000e+00 -99.9
'380_918' 07 03 1974 2.3500e+03 1.0000e+00 5.6000e+00 6.5615e-01 3.1000e+00 0.0000e+00 3.0000e-01 -99.9
'380_918' 08 03 1974 5.5400e+03 -1.2000e+00 2.8000e+00 5.4401e-01 4.6000e+00 0.0000e+00 6.0000e-01 -99.9
'380_918' 09 03 1974 7.0700e+03 -1.0000e-01 5.6000e+00 5.4590e-01 6.7000e+00 0.0000e+00 8.0000e-01 -99.9
'380_918' 10 03 1974 1.0100e+04 0.0000e+00 1.0000e+01 5.7941e-01 5.1000e+00 6.0000e-01 1.3000e+00 -99.9
'380_918' 11 03 1974 7.1500e+03 2.0000e+00 1.0000e+01 7.6207e-01 3.1000e+00 3.3000e+00 9.0000e-01 -99.9
'380_918' 12 03 1974 5.5600e+03 1.5000e+00 8.0000e+00 7.3325e-01 2.6000e+00 2.1000e+00 7.0000e-01 -99.9
'380_918' 13 03 1974 1.0220e+04 -2.0000e-01 9.3000e+00 6.2053e-01 2.1000e+00 5.6000e+00 1.3000e+00 -99.9
'380_918' 14 03 1974 3.2000e+03 1.5000e+00 5.6000e+00 7.3222e-01 2.6000e+00 6.0000e-01 4.0000e-01 -99.9
'380_918' 15 03 1974 9.8000e+03 9.0000e-01 7.7000e+00 6.1182e-01 5.7000e+00 3.9000e+00 1.2000e+00 -99.9
'380_918' 16 03 1974 2.9900e+03 4.3000e+00 1.0300e+01 8.0940e-01 7.2000e+00 3.0000e-01 4.0000e-01 -99.9
'380_918' 17 03 1974 7.7600e+03 5.0000e+00 1.2200e+01 8.4351e-01 6.7000e+00 8.7000e+00 1.1000e+00 -99.9
'380_918' 18 03 1974 2.9500e+03 5.2000e+00 1.2500e+01 9.0119e-01 6.7000e+00 5.9000e+00 4.0000e-01 -99.9
'380_918' 19 03 1974 8.5700e+03 4.4000e+00 1.1200e+01 8.0139e-01 4.6000e+00 0.0000e+00 1.2000e+00 -99.9
'380_918' 20 03 1974 1.8400e+03 4.4000e+00 8.4000e+00 9.0390e-01 2.6000e+00 1.0300e+01 2.0000e-01 -99.9
'380_918' 21 03 1974 1.1610e+04 5.0000e+00 1.1800e+01 9.2066e-01 2.6000e+00 5.0000e-01 1.6000e+00 -99.9
'380_918' 22 03 1974 8.3300e+03 4.6000e+00 1.1900e+01 9.2828e-01 4.6000e+00 1.0000e-01 1.1000e+00 -99.9
'380_918' 23 03 1974 9.8500e+03 4.9000e+00 1.3100e+01 9.2454e-01 3.6000e+00 2.0000e-01 1.4000e+00 -99.9
'380_918' 24 03 1974 7.2300e+03 5.1000e+00 1.4400e+01 9.7289e-01 2.6000e+00 0.0000e+00 1.1000e+00 -99.9
'380_918' 25 03 1974 1.3540e+04 3.4000e+00 1.6500e+01 9.0362e-01 2.6000e+00 0.0000e+00 2.0000e+00 -99.9
'380_918' 26 03 1974 1.3970e+04 3.5000e+00 1.8000e+01 9.1029e-01 2.1000e+00 0.0000e+00 2.1000e+00 -99.9
'380_918' 27 03 1974 8.5400e+03 6.0000e+00 1.5700e+01 1.1169e+00 2.1000e+00 0.0000e+00 1.2000e+00 -99.9
'380_918' 28 03 1974 4.3800e+03 7.0000e+00 1.1300e+01 1.0892e+00 1.5000e+00 0.0000e+00 6.0000e-01 -99.9
'380_918' 29 03 1974 1.0210e+04 6.7000e+00 1.5100e+01 1.0868e+00 2.6000e+00 0.0000e+00 1.5000e+00 -99.9
'380_918' 30 03 1974 8.4100e+03 6.4000e+00 1.3800e+01 1.0039e+00 2.1000e+00 0.0000e+00 1.2000e+00 -99.9
'380_918' 31 03 1974 1.1090e+04 1.9000e+00 1.5400e+01 8.3075e-01 2.1000e+00 0.0000e+00 1.5000e+00 -99.9
'380_918' 01 04 1974 1.3730e+04 3.9000e+00 1.7500e+01 9.3225e-01 2.6000e+00 0.0000e+00 2.0000e+00 -99.9
'380_918' 02 04 1974 1.0910e+04 6.1000e+00 1.9400e+01 8.9012e-01 2.6000e+00 0.0000e+00 1.7000e+00 -99.9
'380_918' 03 04 1974 1.4520e+04 7.9000e+00 1.8800e+01 8.8642e-01 3.6000e+00 0.0000e+00 2.3000e+00 -99.9
'380_918' 04 04 1974 1.6030e+04 5.9000e+00 1.8000e+01 8.5853e-01 4.6000e+00 0.0000e+00 2.5000e+00 -99.9
'380_918' 05 04 1974 1.6080e+04 5.4000e+00 1.4700e+01 7.3592e-01 5.7000e+00 0.0000e+00 2.4000e+00 -99.9
'380_918' 06 04 1974 1.7710e+04 4.9000e+00 1.7200e+01 7.2140e-01 5.1000e+00 0.0000e+00 2.6000e+00 -99.9
'380_918' 07 04 1974 1.8570e+04 4.4000e+00 1.7800e+01 7.5936e-01 4.1000e+00 0.0000e+00 2.8000e+00 -99.9
'380_918' 08 04 1974 1.8760e+04 4.7000e+00 1.8700e+01 8.0792e-01 3.1000e+00 0.0000e+00 2.9000e+00 -99.9
'380_918' 09 04 1974 2.0200e+04 3.7000e+00 1.9800e+01 6.6338e-01 2.6000e+00 0.0000e+00 3.2000e+00 -99.9
'380_918' 10 04 1974 1.8340e+04 7.7000e+00 2.1900e+01 7.0595e-01 3.1000e+00 0.0000e+00 3.1000e+00 -99.9
'380_918' 11 04 1974 1.7190e+04 7.5000e+00 2.1000e+01 8.6373e-01 3.1000e+00 0.0000e+00 2.8000e+00 -99.9
'380_918' 12 04 1974 1.4460e+04 5.3000e+00 1.5800e+01 9.5286e-01 4.1000e+00 0.0000e+00 2.1000e+00 -99.9
'380_918' 13 04 1974 1.9470e+04 2.8000e+00 1.3800e+01 6.5935e-01 5.7000e+00 0.0000e+00 2.7000e+00 -99.9
'380_918' 14 04 1974 2.2020e+04 -1.0000e-01 1.2400e+01 4.0976e-01 6.7000e+00 0.0000e+00 2.9000e+00 -99.9
'380_918' 15 04 1974 1.4250e+04 1.1000e+00 1.3000e+01 6.7929e-01 5.7000e+00 0.0000e+00 1.9000e+00 -99.9
'380_918' 16 04 1974 1.8620e+04 1.0000e+00 1.3000e+01 5.5716e-01 5.1000e+00 0.0000e+00 2.5000e+00 -99.9
'380_918' 17 04 1974 1.7850e+04 9.0000e-01 1.2500e+01 5.8481e-01 3.6000e+00 0.0000e+00 2.4000e+00 -99.9
'380_918' 18 04 1974 1.0050e+04 4.7000e+00 1.2300e+01 8.2393e-01 3.1000e+00 0.0000e+00 1.4000e+00 -99.9
'380_918' 19 04 1974 1.9290e+04 4.3000e+00 1.3800e+01 6.6410e-01 2.6000e+00 0.0000e+00 2.8000e+00 -99.9
'380_918' 20 04 1974 1.8830e+04 1.3000e+00 1.4500e+01 6.4913e-01 3.6000e+00 0.0000e+00 2.6000e+00 -99.9
'380_918' 21 04 1974 7.4100e+03 5.6000e+00 9.9000e+00 8.0264e-01 3.1000e+00 0.0000e+00 1.0000e+00 -99.9
'380_918' 22 04 1974 2.0500e+04 1.4000e+00 1.5500e+01 7.2313e-01 3.1000e+00 0.0000e+00 2.9000e+00 -99.9
'380_918' 23 04 1974 1.3150e+04 1.9000e+00 1.0600e+01 7.7865e-01 3.1000e+00 6.0000e-01 1.7000e+00 -99.9
'380_918' 24 04 1974 1.0590e+04 2.8000e+00 1.0100e+01 8.1052e-01 2.6000e+00 5.9000e+00 1.4000e+00 -99.9
'380_918' 25 04 1974 7.6700e+03 1.7000e+00 8.6000e+00 7.8562e-01 3.6000e+00 1.4000e+00 1.0000e+00 -99.9
'380_918' 26 04 1974 1.9460e+04 2.3000e+00 1.0700e+01 6.0087e-01 4.6000e+00 0.0000e+00 2.6000e+00 -99.9
'380_918' 27 04 1974 1.1960e+04 3.1000e+00 9.9000e+00 7.2318e-01 5.7000e+00 0.0000e+00 1.6000e+00 -99.9
'380_918' 28 04 1974 1.7620e+04 4.4000e+00 1.3800e+01 8.5308e-01 2.6000e+00 0.0000e+00 2.5000e+00 -99.9
'380_918' 29 04 1974 5.7100e+03 5.9000e+00 1.1600e+01 1.0175e+00 3.6000e+00 3.4000e+00 8.0000e-01 -99.9
'380_918' 30 04 1974 1.5900e+03 7.1000e+00 8.9000e+00 9.9591e-01 3.6000e+00 1.8000e+00 2.0000e-01 -99.9
'380_918' 01 05 1974 1.7510e+04 5.4000e+00 1.4500e+01 8.2562e-01 3.6000e+00 0.0000e+00 2.5000e+00 -99.9
'380_918' 02 05 1974 1.9960e+04 3.9000e+00 1.2800e+01 7.5230e-01 3.6000e+00 0.0000e+00 2.8000e+00 -99.9
'380_918' 03 05 1974 1.1840e+04 2.9000e+00 1.6300e+01 8.3512e-01 3.6000e+00 9.0000e-01 1.7000e+00 -99.9
'380_918' 04 05 1974 8.1200e+03 7.3000e+00 1.6300e+01 1.0944e+00 2.6000e+00 0.0000e+00 1.2000e+00 -99.9
'380_918' 05 05 1974 4.8900e+03 4.2000e+00 8.8000e+00 8.3069e-01 5.1000e+00 0.0000e+00 6.0000e-01 -99.9
'380_918' 06 05 1974 5.7800e+03 2.4000e+00 6.0000e+00 7.2777e-01 4.6000e+00 9.0000e-01 7.0000e-01 -99.9
'380_918' 07 05 1974 6.1400e+03 1.4000e+00 7.6000e+00 6.8127e-01 1.5000e+00 0.0000e+00 8.0000e-01 -99.9
'380_918' 08 05 1974 7.7200e+03 4.2000e+00 1.0200e+01 8.0385e-01 1.5000e+00 0.0000e+00 1.0000e+00 -99.9
'380_918' 09 05 1974 1.9430e+04 3.5000e+00 1.6000e+01 7.5694e-01 2.6000e+00 0.0000e+00 2.8000e+00 -99.9
'380_918' 10 05 1974 6.0300e+03 6.2000e+00 1.3500e+01 1.0115e+00 4.1000e+00 3.3000e+00 9.0000e-01 -99.9
'380_918' 11 05 1974 2.4330e+04 6.2000e+00 1.7600e+01 8.6393e-01 4.6000e+00 0.0000e+00 3.7000e+00 -99.9
'380_918' 12 05 1974 2.1180e+04 6.4000e+00 1.9900e+01 8.8431e-01 3.6000e+00 0.0000e+00 3.4000e+00 -99.9
'380_918' 13 05 1974 1.4700e+04 1.0400e+01 2.1300e+01 1.2129e+00 3.1000e+00 1.6300e+01 2.4000e+00 -99.9
'380_918' 14 05 1974 1.2460e+04 8.0000e+00 1.5400e+01 1.0245e+00 5.1000e+00 0.0000e+00 1.9000e+00 -99.9
'380_918' 15 05 1974 7.6200e+03 7.2000e+00 1.4100e+01 1.1336e+00 2.6000e+00 0.0000e+00 1.1000e+00 -99.9
'380_918' 16 05 1974 2.5720e+04 6.4000e+00 1.9100e+01 9.5174e-01 4.6000e+00 0.0000e+00 4.0000e+00 -99.9
'380_918' 17 05 1974 2.6160e+04 6.7000e+00 2.0200e+01 8.4670e-01 4.6000e+00 0.0000e+00 4.2000e+00 -99.9
'380_918' 18 05 1974 2.5540e+04 7.2000e+00 2.2800e+01 9.9674e-01 4.6000e+00 0.0000e+00 4.3000e+00 -99.9
'380_918' 19 05 1974 1.8420e+04 1.2000e+01 2.4500e+01 1.2333e+00 3.1000e+00 0.0000e+00 3.2000e+00 -99.9
'380_918' 20 05 1974 1.6800e+04 9.0000e+00 1.8700e+01 1.0492e+00 2.1000e+00 0.0000e+00 2.7000e+00 -99.9
'380_918' 21 05 1974 1.7870e+04 8.9000e+00 2.0300e+01 1.0028e+00 4.1000e+00 1.1000e+00 2.9000e+00 -99.9
'380_918' 22 05 1974 1.5160e+04 9.3000e+00 1.5800e+01 1.0779e+00 5.7000e+00 5.1000e+00 2.4000e+00 -99.9
'380_918' 23 05 1974 1.0330e+04 7.5000e+00 1.2800e+01 1.0973e+00 2.1000e+00 7.1000e+00 1.5000e+00 -99.9
'380_918' 24 05 1974 1.8330e+04 7.5000e+00 1.6600e+01 1.0312e+00 4.1000e+00 3.0000e-01 2.8000e+00 -99.9
'380_918' 25 05 1974 2.5070e+04 6.7000e+00 1.7800e+01 1.0205e+00 3.1000e+00 0.0000e+00 3.9000e+00 -99.9
'380_918' 26 05 1974 2.4070e+04 8.6000e+00 1.7600e+01 1.0637e+00 2.1000e+00 0.0000e+00 3.7000e+00 -99.9
'380_918' 27 05 1974 2.3950e+04 7.2000e+00 2.3000e+01 1.0597e+00 2.6000e+00 0.0000e+00 4.0000e+00 -99.9
'380_918' 28 05 1974 2.1690e+04 8.7000e+00 2.0700e+01 1.0940e+00 4.6000e+00 1.5000e+00 3.6000e+00 -99.9
'380_918' 29 05 1974 1.9030e+04 6.0000e+00 1.7300e+01 8.6336e-01 4.1000e+00 0.0000e+00 2.9000e+00 -99.9
'380_918' 30 05 1974 2.6260e+04 2.1000e+00 1.7900e+01 6.4414e-01 5.1000e+00 6.0000e+00 4.0000e+00 -99.9
'380_918' 31 05 1974 1.0150e+04 9.5000e+00 1.7900e+01 1.3090e+00 3.6000e+00 1.7000e+00 1.6000e+00 -99.9
'380_918' 01 06 1974 1.9820e+04 9.7000e+00 1.8300e+01 1.0567e+00 3.6000e+00 0.0000e+00 3.2000e+00 -99.9
'380_918' 02 06 1974 2.6450e+04 9.3000e+00 2.4200e+01 1.1652e+00 4.1000e+00 0.0000e+00 4.7000e+00 -99.9
'380_918' 03 06 1974 6.5600e+03 1.0800e+01 1.8100e+01 1.4365e+00 2.6000e+00 1.5000e+00 1.1000e+00 -99.9
'380_918' 04 06 1974 2.3360e+04 7.1000e+00 1.9200e+01 9.8591e-01 1.5000e+00 0.0000e+00 3.8000e+00 -99.9
'380_918' 05 06 1974 2.6500e+04 6.9000e+00 2.3300e+01 9.6002e-01 2.6000e+00 6.0000e-01 4.6000e+00 -99.9
'380_918' 06 06 1974 1.4250e+04 6.8000e+00 1.6700e+01 1.0537e+00 5.7000e+00 2.6000e+00 2.2000e+00 -99.9
'380_918' 07 06 1974 1.8990e+04 7.5000e+00 1.5100e+01 9.9570e-01 4.6000e+00 1.1000e+00 2.8000e+00 -99.9
'380_918' 08 06 1974 8.0400e+03 6.9000e+00 1.2600e+01 1.1007e+00 5.1000e+00 6.3000e+00 1.2000e+00 -99.9
'380_918' 09 06 1974 1.7500e+04 6.9000e+00 1.4800e+01 1.0009e+00 3.1000e+00 1.1000e+00 2.6000e+00 -99.9
'380_918' 10 06 1974 1.5500e+04 5.6000e+00 1.3600e+01 9.7649e-01 2.6000e+00 3.0000e-01 2.2000e+00 -99.9
'380_918' 11 06 1974 1.5400e+04 5.0000e+00 1.5300e+01 9.2969e-01 5.1000e+00 2.0000e-01 2.3000e+00 -99.9
'380_918' 12 06 1974 1.6310e+04 8.8000e+00 1.6400e+01 1.0715e+00 4.6000e+00 0.0000e+00 2.5000e+00 -99.9
'380_918' 13 06 1974 1.7400e+04 7.5000e+00 2.0500e+01 1.1315e+00 4.1000e+00 0.0000e+00 2.8000e+00 -99.9
'380_918' 14 06 1974 2.1960e+04 1.2500e+01 2.4300e+01 1.6099e+00 3.1000e+00 0.0000e+00 3.9000e+00 -99.9
'380_918' 15 06 1974 1.8540e+04 1.3100e+01 2.5100e+01 1.7813e+00 2.1000e+00 1.5000e+00 3.2000e+00 -99.9
'380_918' 16 06 1974 2.4130e+04 1.2400e+01 2.4500e+01 1.5696e+00 2.1000e+00 0.0000e+00 4.3000e+00 -99.9
'380_918' 17 06 1974 1.9550e+04 1.3500e+01 2.4300e+01 1.6820e+00 3.1000e+00 8.6000e+00 3.4000e+00 -99.9
'380_918' 18 06 1974 1.5830e+04 1.1600e+01 1.8800e+01 1.2243e+00 4.1000e+00 0.0000e+00 2.6000e+00 -99.9
'380_918' 19 06 1974 1.7770e+04 8.0000e+00 1.7800e+01 1.0405e+00 2.6000e+00 0.0000e+00 2.9000e+00 -99.9
'380_918' 20 06 1974 1.9140e+04 1.0300e+01 2.1200e+01 1.2720e+00 2.1000e+00 0.0000e+00 3.3000e+00 -99.9
'380_918' 21 06 1974 2.3150e+04 1.1800e+01 2.0900e+01 1.2604e+00 2.6000e+00 0.0000e+00 3.9000e+00 -99.9
'380_918' 22 06 1974 1.7230e+04 9.9000e+00 2.1100e+01 1.4109e+00 2.1000e+00 0.0000e+00 2.8000e+00 -99.9
'380_918' 23 06 1974 2.5440e+04 9.6000e+00 2.5100e+01 1.3044e+00 2.6000e+00 0.0000e+00 4.6000e+00 -99.9
'380_918' 24 06 1974 2.5050e+04 1.2800e+01 2.4900e+01 1.4693e+00 3.1000e+00 0.0000e+00 4.5000e+00 -99.9
'380_918' 25 06 1974 2.3290e+04 1.3000e+01 2.5900e+01 1.5518e+00 2.1000e+00 2.0000e-01 4.2000e+00 -99.9
'380_918' 26 06 1974 1.3870e+04 1.4000e+01 2.3800e+01 1.6383e+00 3.1000e+00 8.5000e+00 2.5000e+00 -99.9
'380_918' 27 06 1974 1.2270e+04 1.2900e+01 1.9700e+01 1.6255e+00 2.6000e+00 6.5000e+00 2.1000e+00 -99.9
'380_918' 28 06 1974 1.1540e+04 1.1900e+01 1.8400e+01 1.4961e+00 2.1000e+00 4.0000e-01 1.9000e+00 -99.9
'380_918' 29 06 1974 9.7600e+03 1.2500e+01 1.7900e+01 1.5122e+00 2.1000e+00 0.0000e+00 1.6000e+00 -99.9
'380_918' 30 06 1974 9.8600e+03 1.2100e+01 1.9300e+01 1.5417e+00 4.6000e+00 1.2400e+01 1.6000e+00 -99.9
'380_918' 01 07 1974 1.0940e+04 1.3100e+01 1.9500e+01 1.3767e+00 6.2000e+00 5.1000e+00 1.8000e+00 -99.9
'380_918' 02 07 1974 2.5480e+04 1.1200e+01 2.1500e+01 1.1215e+00 3.1000e+00 1.0100e+01 4.4000e+00 -99.9
'380_918' 03 07 1974 1.0670e+04 1.0100e+01 1.8000e+01 1.2838e+00 5.7000e+00 7.1000e+00 1.7000e+00 -99.9
'380_918' 04 07 1974 1.0130e+04 8.4000e+00 1.6000e+01 1.1259e+00 4.6000e+00 3.5000e+00 1.6000e+00 -99.9
'380_918' 05 07 1974 9.7000e+03 1.3100e+01 1.9500e+01 1.4129e+00 5.1000e+00 1.4000e+00 1.6000e+00 -99.9
'380_918' 06 07 1974 1.1080e+04 1.1900e+01 1.8300e+01 1.2744e+00 5.1000e+00 1.0000e-01 1.8000e+00 -99.9
'380_918' 07 07 1974 2.0370e+04 9.0000e+00 1.9600e+01 1.1153e+00 3.1000e+00 0.0000e+00 3.3000e+00 -99.9
'380_918' 08 07 1974 1.4710e+04 1.1200e+01 2.2100e+01 1.3661e+00 2.6000e+00 1.0000e-01 2.5000e+00 -99.9
'380_918' 09 07 1974 1.6080e+04 1.4800e+01 2.1000e+01 1.5466e+00 4.6000e+00 0.0000e+00 2.8000e+00 -99.9
'380_918' 10 07 1974 1.7770e+04 1.3100e+01 2.1300e+01 1.4371e+00 4.1000e+00 1.5000e+00 3.0000e+00 -99.9
'380_918' 11 07 1974 9.8200e+03 1.1000e+01 1.9600e+01 1.4169e+00 4.6000e+00 0.0000e+00 1.6000e+00 -99.9
'380_918' 12 07 1974 2.4450e+04 8.9000e+00 2.0700e+01 1.1041e+00 2.6000e+00 1.2000e+00 4.1000e+00 -99.9
'380_918' 13 07 1974 1.4910e+04 1.3900e+01 2.2800e+01 1.7179e+00 4.1000e+00 1.1000e+00 2.6000e+00 -99.9
'380_918' 14 07 1974 1.6760e+04 1.1400e+01 1.9100e+01 1.3069e+00 4.1000e+00 0.0000e+00 2.7000e+00 -99.9
'380_918' 15 07 1974 1.6760e+04 1.0000e+01 2.0400e+01 1.1371e+00 5.7000e+00 0.0000e+00 2.8000e+00 -99.9
'380_918' 16 07 1974 8.3100e+03 1.3500e+01 1.8200e+01 1.4765e+00 5.7000e+00 2.6000e+00 1.4000e+00 -99.9
'380_918' 17 07 1974 1.0550e+04 1.1400e+01 1.8400e+01 1.4663e+00 4.1000e+00 2.8000e+00 1.7000e+00 -99.9
'380_918' 18 07 1974 1.7270e+04 1.0300e+01 1.7100e+01 1.2209e+00 3.1000e+00 1.8000e+00 2.8000e+00 -99.9
'380_918' 19 07 1974 1.5970e+04 7.0000e+00 1.8700e+01 1.0401e+00 2.1000e+00 1.0000e+00 2.6000e+00 -99.9
'380_918' 20 07 1974 8.2600e+03 1.1200e+01 1.9400e+01 1.5227e+00 4.1000e+00 2.0000e-01 1.4000e+00 -99.9
'380_918' 21 07 1974 2.1340e+04 1.0600e+01 2.0400e+01 1.2509e+00 2.6000e+00 0.0000e+00 3.6000e+00 -99.9
'380_918' 22 07 1974 2.6740e+04 1.1600e+01 2.4500e+01 1.3813e+00 4.6000e+00 6.2000e+00 4.7000e+00 -99.9
'380_918' 23 07 1974 5.5700e+03 1.1400e+01 1.7600e+01 1.5021e+00 3.6000e+00 2.5000e+00 9.0000e-01 -99.9
'380_918' 24 07 1974 6.5400e+03 1.1100e+01 1.5100e+01 1.3742e+00 3.6000e+00 9.8000e+00 1.0000e+00 -99.9
'380_918' 25 07 1974 2.0530e+04 8.2000e+00 1.7800e+01 1.1491e+00 3.1000e+00 1.4000e+00 3.2000e+00 -99.9
'380_918' 26 07 1974 1.0750e+04 9.2000e+00 1.8400e+01 1.1867e+00 4.1000e+00 0.0000e+00 1.8000e+00 -99.9
'380_918' 27 07 1974 2.0070e+04 1.1100e+01 2.1300e+01 1.3205e+00 4.6000e+00 0.0000e+00 3.4000e+00 -99.9
'380_918' 28 07 1974 1.6090e+04 1.4000e+01 2.1600e+01 1.4416e+00 4.6000e+00 0.0000e+00 2.8000e+00 -99.9
'380_918' 29 07 1974 2.2490e+04 1.3300e+01 2.3200e+01 1.4115e+00 3.6000e+00 0.0000e+00 4.0000e+00 -99.9
'380_918' 30 07 1974 1.9090e+04 1.0900e+01 2.2000e+01 1.4327e+00 2.6000e+00 0.0000e+00 3.3000e+00 -99.9
'380_918' 31 07 1974 1.4770e+04 1.4100e+01 2.3300e+01 1.6894e+00 3.6000e+00 0.0000e+00 2.6000e+00 -99.9
'380_918' 01 08 1974 1.6500e+04 1.3900e+01 2.4600e+01 1.6586e+00 3.6000e+00 0.0000e+00 3.0000e+00 -99.9
'380_918' 02 08 1974 1.8940e+04 1.2800e+01 2.2800e+01 1.4087e+00 2.6000e+00 0.0000e+00 3.3000e+00 -99.9
'380_918' 03 08 1974 1.2140e+04 1.0000e+01 2.1900e+01 1.3730e+00 3.1000e+00 1.7200e+01 2.1000e+00 -99.9
'380_918' 04 08 1974 1.1060e+04 1.5200e+01 2.3400e+01 1.9006e+00 4.1000e+00 8.8000e+00 2.0000e+00 -99.9
'380_918' 05 08 1974 9.9800e+03 1.3300e+01 1.9700e+01 1.6697e+00 3.6000e+00 5.0000e-01 1.7000e+00 -99.9
'380_918' 06 08 1974 2.2120e+04 8.8000e+00 2.0200e+01 1.1955e+00 2.1000e+00 0.0000e+00 3.6000e+00 -99.9
'380_918' 07 08 1974 2.3470e+04 9.0000e+00 2.4500e+01 1.1038e+00 3.6000e+00 0.0000e+00 4.1000e+00 -99.9
'380_918' 08 08 1974 1.2200e+04 1.3700e+01 2.0300e+01 1.5322e+00 5.1000e+00 1.2100e+01 2.1000e+00 -99.9
'380_918' 09 08 1974 1.2490e+04 1.3400e+01 1.9600e+01 1.4332e+00 4.1000e+00 9.7000e+00 2.1000e+00 -99.9
'380_918' 10 08 1974 1.0610e+04 1.0600e+01 2.0200e+01 1.3949e+00 5.7000e+00 1.8000e+00 1.7000e+00 -99.9
'380_918' 11 08 1974 5.0700e+03 1.0000e+01 1.5900e+01 1.2871e+00 4.1000e+00 5.0000e+00 8.0000e-01 -99.9
'380_918' 12 08 1974 8.6800e+03 9.3000e+00 1.7100e+01 1.2446e+00 5.1000e+00 5.0000e+00 1.4000e+00 -99.9
'380_918' 13 08 1974 1.4910e+04 1.4200e+01 2.3600e+01 1.6867e+00 2.1000e+00 0.0000e+00 2.7000e+00 -99.9
'380_918' 14 08 1974 1.9930e+04 1.6500e+01 2.9700e+01 1.8647e+00 3.1000e+00 0.0000e+00 3.8000e+00 -99.9
'380_918' 15 08 1974 2.2700e+04 1.9100e+01 3.0500e+01 1.9675e+00 3.6000e+00 0.0000e+00 4.4000e+00 -99.9
'380_918' 16 08 1974 1.9200e+04 1.9500e+01 3.0800e+01 1.9818e+00 3.6000e+00 7.4000e+00 3.8000e+00 -99.9
'380_918' 17 08 1974 1.3820e+04 1.2900e+01 2.1800e+01 1.4414e+00 2.6000e+00 0.0000e+00 2.4000e+00 -99.9
'380_918' 18 08 1974 1.6840e+04 1.0600e+01 2.0800e+01 1.2615e+00 2.1000e+00 1.0000e-01 2.9000e+00 -99.9
'380_918' 19 08 1974 1.7110e+04 1.0600e+01 2.1200e+01 1.2721e+00 3.6000e+00 0.0000e+00 2.9000e+00 -99.9
'380_918' 20 08 1974 2.0520e+04 9.4000e+00 2.1800e+01 1.2355e+00 3.6000e+00 0.0000e+00 3.4000e+00 -99.9
'380_918' 21 08 1974 2.1440e+04 8.5000e+00 2.0200e+01 1.1943e+00 3.6000e+00 0.0000e+00 3.5000e+00 -99.9
'380_918' 22 08 1974 1.6930e+04 9.5000e+00 2.1500e+01 1.2503e+00 2.6000e+00 0.0000e+00 2.9000e+00 -99.9
'380_918' 23 08 1974 1.6720e+04 9.8000e+00 2.2900e+01 1.3017e+00 1.5000e+00 0.0000e+00 2.9000e+00 -99.9
'380_918' 24 08 1974 1.3550e+04 1.1900e+01 2.2100e+01 1.4818e+00 2.1000e+00 0.0000e+00 2.3000e+00 -99.9
'380_918' 25 08 1974 2.0600e+04 1.2200e+01 2.5300e+01 1.3815e+00 2.1000e+00 0.0000e+00 3.7000e+00 -99.9
'380_918' 26 08 1974 1.5570e+04 1.4300e+01 2.6400e+01 1.6597e+00 3.6000e+00 1.6000e+00 2.8000e+00 -99.9
'380_918' 27 08 1974 1.3150e+04 9.7000e+00 1.7500e+01 1.2026e+00 3.6000e+00 4.0000e-01 2.1000e+00 -99.9
'380_918' 28 08 1974 1.6940e+04 6.5000e+00 1.8800e+01 1.0580e+00 2.6000e+00 0.0000e+00 2.7000e+00 -99.9
'380_918' 29 08 1974 7.0900e+03 1.1400e+01 1.8600e+01 1.3576e+00 3.6000e+00 0.0000e+00 1.2000e+00 -99.9
'380_918' 30 08 1974 1.8050e+04 1.0500e+01 2.6000e+01 1.3275e+00 3.1000e+00 0.0000e+00 3.2000e+00 -99.9
'380_918' 31 08 1974 7.0800e+03 1.1800e+01 1.7500e+01 1.4566e+00 3.1000e+00 1.7000e+00 1.2000e+00 -99.9
'380_918' 01 09 1974 9.7100e+03 1.1400e+01 1.8400e+01 1.2522e+00 6.2000e+00 2.4000e+00 1.6000e+00 -99.9
'380_918' 02 09 1974 1.2600e+04 1.0600e+01 2.2800e+01 1.3657e+00 6.7000e+00 7.4000e+00 2.1000e+00 -99.9
'380_918' 03 09 1974 1.4880e+04 1.1600e+01 1.9000e+01 1.2302e+00 7.2000e+00 4.0000e-01 2.4000e+00 -99.9
'380_918' 04 09 1974 8.1000e+03 1.0000e+01 1.7000e+01 1.2782e+00 7.2000e+00 1.1800e+01 1.3000e+00 -99.9
'380_918' 05 09 1974 1.5310e+04 1.4500e+01 2.4300e+01 1.5410e+00 8.2000e+00 1.4800e+01 2.7000e+00 -99.9
'380_918' 06 09 1974 1.2860e+04 1.0200e+01 1.7700e+01 1.2338e+00 5.1000e+00 0.0000e+00 2.1000e+00 -99.9
'380_918' 07 09 1974 1.0150e+04 9.8000e+00 1.7400e+01 1.2198e+00 8.7000e+00 1.8000e+00 1.6000e+00 -99.9
'380_918' 08 09 1974 1.4590e+04 1.0900e+01 1.8000e+01 1.1511e+00 5.1000e+00 3.1000e+00 2.4000e+00 -99.9
'380_918' 09 09 1974 3.1700e+03 1.0700e+01 1.4900e+01 1.3608e+00 3.1000e+00 1.3100e+01 5.0000e-01 -99.9
'380_918' 10 09 1974 1.5670e+04 8.9000e+00 1.8100e+01 1.2077e+00 2.6000e+00 0.0000e+00 2.5000e+00 -99.9
'380_918' 11 09 1974 1.6320e+04 7.1000e+00 2.1700e+01 1.0465e+00 3.6000e+00 0.0000e+00 2.7000e+00 -99.9
'380_918' 12 09 1974 1.5160e+04 1.3000e+01 2.7500e+01 1.5323e+00 2.6000e+00 0.0000e+00 2.8000e+00 -99.9
'380_918' 13 09 1974 1.0220e+04 1.6600e+01 2.1500e+01 1.7193e+00 4.1000e+00 0.0000e+00 1.8000e+00 -99.9
'380_918' 14 09 1974 8.6700e+03 1.4800e+01 2.0800e+01 1.7387e+00 2.1000e+00 0.0000e+00 1.5000e+00 -99.9
'380_918' 15 09 1974 1.2960e+04 1.4400e+01 2.4400e+01 1.6659e+00 2.1000e+00 7.3000e+00 2.3000e+00 -99.9
'380_918' 16 09 1974 1.0580e+04 1.3000e+01 1.9200e+01 1.6477e+00 2.1000e+00 0.0000e+00 1.8000e+00 -99.9
'380_918' 17 09 1974 1.0300e+04 1.2200e+01 2.2300e+01 1.6749e+00 1.5000e+00 9.7000e+00 1.8000e+00 -99.9
'380_918' 18 09 1974 4.0200e+03 8.5000e+00 1.6800e+01 1.1945e+00 3.6000e+00 0.0000e+00 6.0000e-01 -99.9
'380_918' 19 09 1974 1.2190e+04 4.7000e+00 1.4700e+01 9.0501e-01 2.1000e+00 0.0000e+00 1.8000e+00 -99.9
'380_918' 20 09 1974 1.0360e+04 6.6000e+00 1.5600e+01 1.0065e+00 2.6000e+00 0.0000e+00 1.5000e+00 -99.9
'380_918' 21 09 1974 9.8500e+03 6.2000e+00 1.4300e+01 9.2345e-01 4.1000e+00 2.3000e+00 1.5000e+00 -99.9
'380_918' 22 09 1974 1.3330e+04 8.8000e+00 1.4000e+01 1.0080e+00 5.7000e+00 1.0000e-01 2.0000e+00 -99.9
'380_918' 23 09 1974 4.7800e+03 8.2000e+00 1.2500e+01 9.9444e-01 9.3000e+00 3.9000e+00 7.0000e-01 -99.9
'380_918' 24 09 1974 3.5100e+03 6.4000e+00 1.3000e+01 1.0308e+00 7.2000e+00 4.5000e+00 5.0000e-01 -99.9
'380_918' 25 09 1974 4.3300e+03 6.4000e+00 1.0900e+01 9.8533e-01 6.2000e+00 6.1000e+00 6.0000e-01 -99.9
'380_918' 26 09 1974 8.9400e+03 5.6000e+00 1.2200e+01 9.7641e-01 4.6000e+00 7.3000e+00 1.2000e+00 -99.9
'380_918' 27 09 1974 2.9000e+03 6.6000e+00 1.5100e+01 1.0696e+00 9.3000e+00 3.0000e+00 4.0000e-01 -99.9
'380_918' 28 09 1974 7.8800e+03 5.5000e+00 1.5000e+01 9.0964e-01 6.7000e+00 0.0000e+00 1.2000e+00 -99.9
'380_918' 29 09 1974 9.9600e+03 5.3000e+00 1.2400e+01 9.0283e-01 5.1000e+00 2.9000e+00 1.4000e+00 -99.9
'380_918' 30 09 1974 9.5500e+03 3.9000e+00 1.2200e+01 8.6539e-01 2.6000e+00 0.0000e+00 1.3000e+00 -99.9
'380_918' 01 10 1974 1.1030e+04 4.0000e+00 1.2200e+01 8.8998e-01 2.1000e+00 0.0000e+00 1.5000e+00 -99.9
'380_918' 02 10 1974 1.1640e+04 3.7000e+00 1.1500e+01 8.3326e-01 2.1000e+00 0.0000e+00 1.6000e+00 -99.9
'380_918' 03 10 1974 5.2800e+03 2.5000e+00 7.9000e+00 7.8083e-01 2.6000e+00 0.0000e+00 7.0000e-01 -99.9
'380_918' 04 10 1974 3.5500e+03 3.5000e+00 9.1000e+00 8.2311e-01 6.7000e+00 3.0000e-01 5.0000e-01 -99.9
'380_918' 05 10 1974 3.5300e+03 7.4000e+00 1.1100e+01 1.0537e+00 4.6000e+00 2.6000e+00 5.0000e-01 -99.9
'380_918' 06 10 1974 9.6200e+03 6.6000e+00 1.1900e+01 9.0642e-01 5.1000e+00 6.3000e+00 1.4000e+00 -99.9
'380_918' 07 10 1974 6.1300e+03 5.6000e+00 9.8000e+00 8.8349e-01 4.6000e+00 6.5000e+00 8.0000e-01 -99.9
'380_918' 08 10 1974 2.5000e+03 5.5000e+00 7.7000e+00 9.0383e-01 2.1000e+00 4.0000e-01 3.0000e-01 -99.9
'380_918' 09 10 1974 5.8300e+03 4.9000e+00 1.1900e+01 9.5111e-01 3.1000e+00 2.0000e+00 8.0000e-01 -99.9
'380_918' 10 10 1974 7.4600e+03 4.5000e+00 1.1100e+01 8.9539e-01 2.6000e+00 8.0000e-01 1.0000e+00 -99.9
'380_918' 11 10 1974 5.1800e+03 5.3000e+00 9.7000e+00 8.9097e-01 2.1000e+00 7.0000e-01 7.0000e-01 -99.9
'380_918' 12 10 1974 4.1700e+03 4.7000e+00 9.9000e+00 9.1464e-01 2.6000e+00 8.0000e-01 6.0000e-01 -99.9
'380_918' 13 10 1974 3.2500e+03 2.1000e+00 8.8000e+00 8.0378e-01 2.6000e+00 1.8000e+00 4.0000e-01 -99.9
'380_918' 14 10 1974 4.5300e+03 0.0000e+00 7.9000e+00 7.1459e-01 1.5000e+00 5.0000e-01 6.0000e-01 -99.9
'380_918' 15 10 1974 6.1800e+03 2.5000e+00 9.1000e+00 7.9753e-01 1.5000e+00 1.1000e+00 8.0000e-01 -99.9
'380_918' 16 10 1974 6.3700e+03 1.1000e+00 9.7000e+00 7.5151e-01 3.6000e+00 0.0000e+00 8.0000e-01 -99.9
'380_918' 17 10 1974 8.4000e+03 -4.0000e-01 9.4000e+00 6.6333e-01 2.1000e+00 0.0000e+00 1.0000e+00 -99.9
'380_918' 18 10 1974 6.1300e+03 -1.0000e-01 9.1000e+00 6.6839e-01 5.7000e+00 1.0100e+01 8.0000e-01 -99.9
'380_918' 19 10 1974 7.4800e+03 4.9000e+00 1.0900e+01 8.4347e-01 6.2000e+00 1.8000e+00 1.0000e+00 -99.9
'380_918' 20 10 1974 1.1900e+03 4.4000e+00 5.9000e+00 8.0999e-01 2.1000e+00 2.0000e+00 2.0000e-01 -99.9
'380_918' 21 10 1974 3.2500e+03 4.6000e+00 9.4000e+00 9.0816e-01 2.6000e+00 1.2000e+00 4.0000e-01 -99.9
'380_918' 22 10 1974 2.9500e+03 5.4000e+00 8.3000e+00 9.0750e-01 4.6000e+00 2.3400e+01 4.0000e-01 -99.9
'380_918' 23 10 1974 1.3900e+03 8.1000e+00 1.0700e+01 1.0691e+00 5.1000e+00 1.0000e-01 2.0000e-01 -99.9
'380_918' 24 10 1974 2.0900e+03 7.3000e+00 1.0600e+01 1.0116e+00 3.1000e+00 3.0000e-01 3.0000e-01 -99.9
'380_918' 25 10 1974 8.7000e+02 6.0000e+00 8.4000e+00 8.9073e-01 4.6000e+00 3.5000e+00 1.0000e-01 -99.9
'380_918' 26 10 1974 4.8300e+03 6.2000e+00 9.4000e+00 9.0435e-01 4.6000e+00 2.5000e+00 7.0000e-01 -99.9
'380_918' 27 10 1974 1.8500e+03 5.0000e+00 9.9000e+00 8.9541e-01 6.2000e+00 4.0000e+00 3.0000e-01 -99.9
'380_918' 28 10 1974 1.9800e+03 3.9000e+00 5.9000e+00 7.5182e-01 6.7000e+00 1.3600e+01 2.0000e-01 -99.9
'380_918' 29 10 1974 5.1100e+03 3.2000e+00 8.5000e+00 7.9950e-01 4.1000e+00 1.0000e-01 6.0000e-01 -99.9
'380_918' 30 10 1974 4.3100e+03 2.6000e+00 7.6000e+00 7.6892e-01 3.1000e+00 1.5000e+00 5.0000e-01 -99.9
'380_918' 31 10 1974 1.9600e+03 1.1000e+00 3.4000e+00 6.5863e-01 2.1000e+00 0.0000e+00 2.0000e-01 -99.9
'380_918' 01 11 1974 3.9000e+03 1.1000e+00 7.2000e+00 6.8923e-01 3.1000e+00 6.0000e-01 5.0000e-01 -99.9
'380_918' 02 11 1974 2.1900e+03 5.0000e-01 7.7000e+00 7.1163e-01 2.6000e+00 6.0000e-01 3.0000e-01 -99.9
'380_918' 03 11 1974 2.6800e+03 1.0000e+00 9.2000e+00 7.3069e-01 4.1000e+00 1.2500e+01 4.0000e-01 -99.9
'380_918' 04 11 1974 8.4000e+02 4.4000e+00 5.9000e+00 8.0999e-01 2.6000e+00 0.0000e+00 1.0000e-01 -99.9
'380_918' 05 11 1974 3.0300e+03 -1.5000e+00 4.7000e+00 6.1395e-01 3.1000e+00 0.0000e+00 4.0000e-01 -99.9
'380_918' 06 11 1974 6.5700e+03 -4.0000e+00 7.7000e+00 5.3303e-01 1.5000e+00 0.0000e+00 7.0000e-01 -99.9
'380_918' 07 11 1974 4.4200e+03 -1.1000e+00 7.9000e+00 6.0473e-01 2.1000e+00 0.0000e+00 5.0000e-01 -99.9
'380_918' 08 11 1974 4.8100e+03 -2.2000e+00 8.6000e+00 5.3932e-01 4.1000e+00 2.0000e-01 6.0000e-01 -99.9
'380_918' 09 11 1974 2.0600e+03 4.2000e+00 1.0700e+01 9.0501e-01 7.7000e+00 4.2000e+00 3.0000e-01 -99.9
'380_918' 10 11 1974 2.7900e+03 5.3000e+00 1.1300e+01 8.9897e-01 4.6000e+00 1.0000e-01 4.0000e-01 -99.9
'380_918' 11 11 1974 2.7200e+03 5.0000e+00 9.4000e+00 7.6245e-01 9.8000e+00 2.8000e+00 4.0000e-01 -99.9
'380_918' 12 11 1974 4.7500e+03 4.0000e+00 9.1000e+00 8.0225e-01 6.7000e+00 2.0000e-01 6.0000e-01 -99.9
'380_918' 13 11 1974 4.6600e+03 4.6000e+00 1.1300e+01 7.9999e-01 7.7000e+00 0.0000e+00 6.0000e-01 -99.9
'380_918' 14 11 1974 1.8600e+03 1.1000e+01 1.4600e+01 9.0973e-01 1.0800e+01 1.0000e-01 3.0000e-01 -99.9
'380_918' 15 11 1974 7.1000e+02 1.0200e+01 1.4700e+01 1.1136e+00 7.7000e+00 2.6400e+01 1.0000e-01 -99.9
'380_918' 16 11 1974 7.7000e+02 7.5000e+00 1.2600e+01 1.0428e+00 6.7000e+00 1.8000e+00 1.0000e-01 -99.9
'380_918' 17 11 1974 5.3800e+03 6.7000e+00 1.2100e+01 9.6138e-01 4.1000e+00 0.0000e+00 8.0000e-01 -99.9
'380_918' 18 11 1974 1.2000e+03 7.4000e+00 1.1600e+01 9.2796e-01 5.7000e+00 0.0000e+00 2.0000e-01 -99.9
'380_918' 19 11 1974 4.0800e+03 3.7000e+00 7.4000e+00 7.4563e-01 5.7000e+00 0.0000e+00 5.0000e-01 -99.9
'380_918' 20 11 1974 2.2200e+03 2.8000e+00 7.6000e+00 7.7535e-01 4.6000e+00 4.0000e-01 3.0000e-01 -99.9
'380_918' 21 11 1974 3.2200e+03 5.2000e+00 9.4000e+00 8.7981e-01 5.1000e+00 9.3000e+00 4.0000e-01 -99.9
'380_918' 22 11 1974 7.8000e+02 6.5000e+00 1.1700e+01 1.0229e+00 6.2000e+00 1.5100e+01 1.0000e-01 -99.9
'380_918' 23 11 1974 2.4100e+03 8.3000e+00 1.2400e+01 1.0328e+00 4.1000e+00 1.9000e+00 4.0000e-01 -99.9
'380_918' 24 11 1974 2.9600e+03 6.2000e+00 9.4000e+00 9.0435e-01 5.7000e+00 7.0000e-01 4.0000e-01 -99.9
'380_918' 25 11 1974 9.1000e+02 4.3000e+00 7.6000e+00 7.4033e-01 7.2000e+00 3.8000e+00 1.0000e-01 -99.9
'380_918' 26 11 1974 1.5100e+03 1.3000e+00 5.5000e+00 6.8555e-01 4.6000e+00 2.2000e+00 2.0000e-01 -99.9
'380_918' 27 11 1974 1.8500e+03 5.0000e-01 9.1000e+00 7.4493e-01 6.7000e+00 7.8000e+00 2.0000e-01 -99.9
'380_918' 28 11 1974 6.4000e+02 2.3000e+00 6.4000e+00 7.0883e-01 8.2000e+00 1.4000e+01 1.0000e-01 -99.9
'380_918' 29 11 1974 1.4200e+03 3.4000e+00 6.1000e+00 7.9350e-01 5.7000e+00 3.4000e+00 2.0000e-01 -99.9
'380_918' 30 11 1974 7.9000e+02 2.2000e+00 8.6000e+00 8.3799e-01 5.1000e+00 5.7000e+00 1.0000e-01 -99.9
'380_918' 01 12 1974 1.6500e+03 4.4000e+00 9.8000e+00 9.2069e-01 5.1000e+00 1.5000e+00 2.0000e-01 -99.9
'380_918' 02 12 1974 1.2700e+03 9.4000e+00 1.1300e+01 1.1919e+00 5.7000e+00 9.0000e-01 2.0000e-01 -99.9
'380_918' 03 12 1974 4.7000e+02 8.5000e+00 1.0500e+01 1.1493e+00 4.1000e+00 3.0000e-01 1.0000e-01 -99.9
'380_918' 04 12 1974 8.0000e+02 5.9000e+00 9.2000e+00 9.1964e-01 5.7000e+00 1.6000e+00 1.0000e-01 -99.9
'380_918' 05 12 1974 1.3000e+03 4.5000e+00 6.9000e+00 7.4835e-01 6.2000e+00 1.1000e+00 2.0000e-01 -99.9
'380_918' 06 12 1974 4.3000e+02 5.7000e+00 6.9000e+00 8.9686e-01 4.1000e+00 3.3000e+00 1.0000e-01 -99.9
'380_918' 07 12 1974 4.8000e+02 6.4000e+00 1.0100e+01 1.0387e+00 5.7000e+00 4.6000e+00 1.0000e-01 -99.9
'380_918' 08 12 1974 5.2000e+02 8.4000e+00 9.5000e+00 1.1208e+00 4.6000e+00 2.0000e-01 1.0000e-01 -99.9
'380_918' 09 12 1974 6.7000e+02 5.4000e+00 8.8000e+00 9.2133e-01 4.6000e+00 1.7000e+00 1.0000e-01 -99.9
'380_918' 10 12 1974 3.5200e+03 2.1000e+00 6.5000e+00 6.3952e-01 6.2000e+00 5.9000e+00 4.0000e-01 -99.9
'380_918' 11 12 1974 1.4600e+03 0.0000e+00 5.5000e+00 6.6340e-01 7.2000e+00 1.2700e+01 2.0000e-01 -99.9
'380_918' 12 12 1974 9.5000e+02 0.0000e+00 5.6000e+00 6.8719e-01 6.2000e+00 4.5000e+00 1.0000e-01 -99.9
'380_918' 13 12 1974 2.1900e+03 -2.0000e-01 5.0000e+00 6.5558e-01 3.1000e+00 1.0000e-01 2.0000e-01 -99.9
'380_918' 14 12 1974 8.7000e+02 3.0000e-01 6.2000e+00 7.1544e-01 6.2000e+00 1.8000e+00 1.0000e-01 -99.9
'380_918' 15 12 1974 1.3700e+03 3.1000e+00 6.2000e+00 7.8671e-01 3.6000e+00 1.0000e+00 2.0000e-01 -99.9
'380_918' 16 12 1974 2.0900e+03 1.7000e+00 9.1000e+00 7.8707e-01 7.2000e+00 1.4000e+01 3.0000e-01 -99.9
'380_918' 17 12 1974 2.1200e+03 3.7000e+00 9.4000e+00 6.7521e-01 8.7000e+00 5.0000e-01 3.0000e-01 -99.9
'380_918' 18 12 1974 9.5000e+02 2.4000e+00 6.0000e+00 6.2147e-01 7.7000e+00 3.3000e+00 1.0000e-01 -99.9
'380_918' 19 12 1974 1.2400e+03 2.7000e+00 7.8000e+00 8.1141e-01 4.1000e+00 7.0000e-01 2.0000e-01 -99.9
'380_918' 20 12 1974 1.2300e+03 7.0000e+00 8.2000e+00 8.0330e-01 7.7000e+00 0.0000e+00 2.0000e-01 -99.9
'380_918' 21 12 1974 1.3600e+03 5.3000e+00 8.2000e+00 7.5433e-01 7.7000e+00 0.0000e+00 2.0000e-01 -99.9
'380_918' 22 12 1974 3.5500e+03 4.0000e+00 9.3000e+00 7.2028e-01 7.7000e+00 0.0000e+00 5.0000e-01 -99.9
'380_918' 23 12 1974 3.7900e+03 6.3000e+00 1.2600e+01 8.7747e-01 5.1000e+00 4.0000e-01 5.0000e-01 -99.9
'380_918' 24 12 1974 1.8000e+03 6.2000e+00 9.3000e+00 9.0163e-01 7.2000e+00 2.8000e+00 2.0000e-01 -99.9
'380_918' 25 12 1974 1.2400e+03 4.2000e+00 1.2400e+01 9.7573e-01 7.7000e+00 2.0000e+01 2.0000e-01 -99.9
'380_918' 26 12 1974 1.0800e+03 8.4000e+00 1.3100e+01 1.0574e+00 9.3000e+00 1.0800e+01 2.0000e-01 -99.9
'380_918' 27 12 1974 1.6000e+03 6.8000e+00 1.0400e+01 9.4223e-01 7.7000e+00 8.3000e+00 2.0000e-01 -99.9
'380_918' 28 12 1974 4.6000e+02 7.7000e+00 1.3600e+01 1.1425e+00 7.7000e+00 3.0000e-01 1.0000e-01 -99.9
'380_918' 29 12 1974 1.0400e+03 3.9000e+00 1.2500e+01 8.4043e-01 9.3000e+00 6.3000e+00 2.0000e-01 -99.9
'380_918' 30 12 1974 2.1500e+03 1.5000e+00 6.0000e+00 7.0149e-01 3.6000e+00 2.2000e+00 3.0000e-01 -99.9
'380_918' 31 12 1974 4.3000e+02 1.7000e+00 7.2000e+00 7.8957e-01 4.6000e+00 1.2000e+00 1.0000e-01 -99.9
