* Source of data    : Royal Netherlands Meterological Institute (www.knmi.nl) stations 370 and 918
* File content      : Input file for Swap 3.2 (www.swap.alterra.nl) 
* File generated by : Alterra - Wageningen-UR (www.alterra.wur.nl) 
* File generated at : 2015-02-19 20:52:54
station DD MM YYYY Rad Tmin Tmax Hum Wind Rain ETref Wet
'380_918' 01 01 1977 1.7300e+03 3.6000e+00 1.0000e+01 7.9867e-01 7.2000e+00 0.0000e+00 2.0000e-01 -99.9
'380_918' 02 01 1977 1.3500e+03 2.1000e+00 5.1000e+00 7.3881e-01 2.6000e+00 0.0000e+00 2.0000e-01 -99.9
'380_918' 03 01 1977 1.4800e+03 2.0000e-01 3.4000e+00 6.7694e-01 3.6000e+00 2.7000e+00 2.0000e-01 -99.9
'380_918' 04 01 1977 8.5000e+02 1.1000e+00 3.8000e+00 7.1067e-01 2.1000e+00 0.0000e+00 1.0000e-01 -99.9
'380_918' 05 01 1977 1.7700e+03 -3.7000e+00 1.7000e+00 5.4459e-01 1.5000e+00 2.0000e-01 2.0000e-01 -99.9
'380_918' 06 01 1977 8.1000e+02 -1.9000e+00 8.0000e-01 5.4877e-01 5.1000e+00 1.2000e+00 1.0000e-01 -99.9
'380_918' 07 01 1977 7.9000e+02 -3.0000e-01 4.0000e+00 6.8228e-01 4.6000e+00 0.0000e+00 1.0000e-01 -99.9
'380_918' 08 01 1977 4.1000e+02 1.9000e+00 3.7000e+00 7.3816e-01 4.6000e+00 3.0000e-01 0.0000e+00 -99.9
'380_918' 09 01 1977 6.2000e+02 2.2000e+00 3.7000e+00 7.1643e-01 7.2000e+00 6.0000e+00 1.0000e-01 -99.9
'380_918' 10 01 1977 1.3500e+03 2.0000e-01 3.3000e+00 6.0595e-01 6.7000e+00 1.5000e+00 2.0000e-01 -99.9
'380_918' 11 01 1977 3.1100e+03 -2.9000e+00 2.7000e+00 4.9197e-01 5.1000e+00 0.0000e+00 3.0000e-01 -99.9
'380_918' 12 01 1977 1.7500e+03 -2.8000e+00 4.0000e-01 5.1093e-01 1.0000e+00 0.0000e+00 2.0000e-01 -99.9
'380_918' 13 01 1977 2.9400e+03 -1.8000e+00 3.2000e+00 4.7345e-01 5.7000e+00 2.8000e+00 3.0000e-01 -99.9
'380_918' 14 01 1977 2.3100e+03 1.7000e+00 5.7000e+00 5.9867e-01 8.7000e+00 1.1000e+00 3.0000e-01 -99.9
'380_918' 15 01 1977 9.1000e+02 9.0000e-01 3.7000e+00 6.6696e-01 8.2000e+00 1.0600e+01 1.0000e-01 -99.9
'380_918' 16 01 1977 8.6000e+02 7.0000e-01 2.8000e+00 6.7042e-01 5.1000e+00 1.2000e+00 1.0000e-01 -99.9
'380_918' 17 01 1977 2.0300e+03 -1.4000e+00 2.3000e+00 6.1251e-01 2.1000e+00 2.0000e-01 2.0000e-01 -99.9
'380_918' 18 01 1977 5.3900e+03 -3.6000e+00 1.2000e+00 4.6756e-01 3.6000e+00 0.0000e+00 5.0000e-01 -99.9
'380_918' 19 01 1977 1.1700e+03 -3.6000e+00 1.6000e+00 5.1205e-01 2.6000e+00 1.7000e+00 1.0000e-01 -99.9
'380_918' 20 01 1977 3.8300e+03 4.0000e-01 4.7000e+00 6.7390e-01 2.6000e+00 3.0000e-01 4.0000e-01 -99.9
'380_918' 21 01 1977 2.8900e+03 8.0000e-01 9.2000e+00 7.0731e-01 4.1000e+00 1.5000e+00 4.0000e-01 -99.9
'380_918' 22 01 1977 4.1700e+03 4.6000e+00 8.2000e+00 8.4852e-01 4.6000e+00 3.0000e+00 5.0000e-01 -99.9
'380_918' 23 01 1977 1.5100e+03 4.7000e+00 9.6000e+00 9.0704e-01 6.2000e+00 1.5000e+00 2.0000e-01 -99.9
'380_918' 24 01 1977 3.1000e+03 3.7000e+00 8.6000e+00 8.3716e-01 3.6000e+00 6.0000e-01 4.0000e-01 -99.9
'380_918' 25 01 1977 9.9000e+02 7.1000e+00 1.2800e+01 1.0556e+00 8.7000e+00 2.8000e+00 1.0000e-01 -99.9
'380_918' 26 01 1977 2.7700e+03 6.2000e+00 1.1900e+01 8.4659e-01 1.1300e+01 6.4000e+00 4.0000e-01 -99.9
'380_918' 27 01 1977 1.7900e+03 5.8000e+00 7.6000e+00 8.5227e-01 7.2000e+00 1.6000e+00 2.0000e-01 -99.9
'380_918' 28 01 1977 3.3900e+03 5.5000e+00 9.1000e+00 8.6222e-01 6.2000e+00 0.0000e+00 5.0000e-01 -99.9
'380_918' 29 01 1977 5.8000e+02 -1.9000e+00 6.0000e+00 5.9651e-01 5.7000e+00 0.0000e+00 1.0000e-01 -99.9
'380_918' 30 01 1977 7.1500e+03 -4.6000e+00 2.5000e+00 4.8506e-01 1.5000e+00 0.0000e+00 7.0000e-01 -99.9
'380_918' 31 01 1977 7.5100e+03 -5.3000e+00 1.8000e+00 4.4497e-01 1.5000e+00 0.0000e+00 7.0000e-01 -99.9
'380_918' 01 02 1977 7.1000e+03 -5.1000e+00 3.4000e+00 4.0283e-01 3.1000e+00 0.0000e+00 7.0000e-01 -99.9
'380_918' 02 02 1977 3.0900e+03 -2.5000e+00 1.5000e+00 4.8320e-01 4.1000e+00 0.0000e+00 3.0000e-01 -99.9
'380_918' 03 02 1977 3.3100e+03 -2.3000e+00 6.4000e+00 5.1714e-01 7.7000e+00 4.1000e+00 4.0000e-01 -99.9
'380_918' 04 02 1977 3.9300e+03 3.0000e+00 6.7000e+00 7.6138e-01 4.6000e+00 5.7000e+00 5.0000e-01 -99.9
'380_918' 05 02 1977 3.1900e+03 4.5000e+00 1.1100e+01 9.1598e-01 5.7000e+00 1.1000e+00 4.0000e-01 -99.9
'380_918' 06 02 1977 2.0700e+03 6.2000e+00 8.2000e+00 9.0190e-01 7.7000e+00 8.9000e+00 3.0000e-01 -99.9
'380_918' 07 02 1977 1.0200e+03 7.3000e+00 9.4000e+00 9.7531e-01 1.0300e+01 2.3000e+00 1.0000e-01 -99.9
'380_918' 08 02 1977 3.4000e+03 7.0000e-01 9.0000e+00 6.7591e-01 6.7000e+00 1.0000e-01 4.0000e-01 -99.9
'380_918' 09 02 1977 7.1400e+03 -1.1000e+00 7.3000e+00 6.4698e-01 2.1000e+00 6.8000e+00 9.0000e-01 -99.9
'380_918' 10 02 1977 3.3100e+03 6.4000e+00 1.1700e+01 9.9610e-01 6.2000e+00 2.2000e+00 5.0000e-01 -99.9
'380_918' 11 02 1977 3.1100e+03 4.3000e+00 8.4000e+00 7.9605e-01 6.7000e+00 2.0000e-01 4.0000e-01 -99.9
'380_918' 12 02 1977 2.5300e+03 4.4000e+00 7.5000e+00 8.7989e-01 2.6000e+00 2.0000e-01 3.0000e-01 -99.9
'380_918' 13 02 1977 3.1400e+03 4.1000e+00 8.3000e+00 8.3426e-01 3.1000e+00 0.0000e+00 4.0000e-01 -99.9
'380_918' 14 02 1977 7.6400e+03 2.2000e+00 1.0100e+01 7.3462e-01 2.6000e+00 3.0000e-01 1.0000e+00 -99.9
'380_918' 15 02 1977 4.1100e+03 3.0000e+00 6.4000e+00 7.8843e-01 2.6000e+00 0.0000e+00 5.0000e-01 -99.9
'380_918' 16 02 1977 1.6500e+03 1.2000e+00 4.6000e+00 6.8683e-01 3.1000e+00 5.0000e-01 2.0000e-01 -99.9
'380_918' 17 02 1977 5.0900e+03 1.3000e+00 9.5000e+00 7.6343e-01 5.1000e+00 3.6000e+00 7.0000e-01 -99.9
'380_918' 18 02 1977 4.8500e+03 5.4000e+00 1.0100e+01 8.0077e-01 9.8000e+00 4.5000e+00 7.0000e-01 -99.9
'380_918' 19 02 1977 6.8900e+03 4.2000e+00 9.6000e+00 7.4208e-01 7.7000e+00 6.0000e+00 9.0000e-01 -99.9
'380_918' 20 02 1977 2.9600e+03 4.1000e+00 1.2300e+01 9.0653e-01 6.7000e+00 1.2300e+01 4.0000e-01 -99.9
'380_918' 21 02 1977 5.8700e+03 6.0000e+00 1.0400e+01 8.8095e-01 7.2000e+00 0.0000e+00 8.0000e-01 -99.9
'380_918' 22 02 1977 9.3700e+03 4.9000e+00 1.2900e+01 8.6535e-01 5.1000e+00 5.6000e+00 1.3000e+00 -99.9
'380_918' 23 02 1977 5.1800e+03 4.5000e+00 1.0600e+01 8.4312e-01 5.1000e+00 1.0000e-01 7.0000e-01 -99.9
'380_918' 24 02 1977 7.1100e+03 5.4000e+00 1.1900e+01 8.7338e-01 4.1000e+00 1.1100e+01 1.0000e+00 -99.9
'380_918' 25 02 1977 6.2800e+03 4.8000e+00 9.4000e+00 8.7575e-01 5.7000e+00 2.2000e+00 8.0000e-01 -99.9
'380_918' 26 02 1977 6.7600e+03 -2.2000e+00 5.5000e+00 5.3456e-01 4.1000e+00 0.0000e+00 7.0000e-01 -99.9
'380_918' 27 02 1977 1.0800e+04 -3.5000e+00 1.8000e+00 4.4424e-01 2.1000e+00 0.0000e+00 1.1000e+00 -99.9
'380_918' 28 02 1977 1.3570e+04 -4.6000e+00 4.5000e+00 4.0694e-01 5.0000e-01 0.0000e+00 1.4000e+00 -99.9
'380_918' 01 03 1977 6.7300e+03 -3.5000e+00 6.0000e+00 4.4534e-01 2.6000e+00 2.0000e-01 8.0000e-01 -99.9
'380_918' 02 03 1977 2.0000e+03 3.2000e+00 9.6000e+00 8.8914e-01 6.2000e+00 4.0000e-01 3.0000e-01 -99.9
'380_918' 03 03 1977 5.1900e+03 8.7000e+00 1.3500e+01 1.0426e+00 7.7000e+00 0.0000e+00 8.0000e-01 -99.9
'380_918' 04 03 1977 3.1400e+03 5.0000e+00 1.2000e+01 8.6079e-01 7.2000e+00 0.0000e+00 5.0000e-01 -99.9
'380_918' 05 03 1977 1.0190e+04 3.3000e+00 1.0500e+01 7.5043e-01 5.7000e+00 0.0000e+00 1.4000e+00 -99.9
'380_918' 06 03 1977 6.8500e+03 4.6000e+00 9.7000e+00 8.7599e-01 3.1000e+00 0.0000e+00 9.0000e-01 -99.9
'380_918' 07 03 1977 1.1740e+04 3.8000e+00 1.7900e+01 7.7276e-01 4.1000e+00 1.1000e+00 1.8000e+00 -99.9
'380_918' 08 03 1977 8.6800e+03 5.6000e+00 1.3800e+01 9.2345e-01 4.6000e+00 0.0000e+00 1.3000e+00 -99.9
'380_918' 09 03 1977 1.3050e+04 4.9000e+00 1.8200e+01 8.2091e-01 5.1000e+00 0.0000e+00 2.0000e+00 -99.9
'380_918' 10 03 1977 9.8700e+03 8.2000e+00 1.4800e+01 9.5171e-01 4.6000e+00 0.0000e+00 1.5000e+00 -99.9
'380_918' 11 03 1977 3.3200e+03 6.1000e+00 1.2100e+01 9.9450e-01 4.1000e+00 2.8000e+00 5.0000e-01 -99.9
'380_918' 12 03 1977 1.0030e+04 3.3000e+00 1.2300e+01 8.4410e-01 3.6000e+00 0.0000e+00 1.3000e+00 -99.9
'380_918' 13 03 1977 8.8700e+03 2.7000e+00 1.0800e+01 7.7381e-01 4.1000e+00 1.2000e+00 1.2000e+00 -99.9
'380_918' 14 03 1977 7.8000e+03 5.4000e+00 1.0700e+01 8.2479e-01 7.7000e+00 1.5000e+00 1.1000e+00 -99.9
'380_918' 15 03 1977 9.8800e+03 4.1000e+00 1.1400e+01 7.7465e-01 5.1000e+00 0.0000e+00 1.4000e+00 -99.9
'380_918' 16 03 1977 9.7500e+03 9.4000e+00 1.8300e+01 8.9200e-01 5.7000e+00 3.3000e+00 1.5000e+00 -99.9
'380_918' 17 03 1977 7.1400e+03 5.4000e+00 1.3500e+01 8.7475e-01 4.6000e+00 0.0000e+00 1.0000e+00 -99.9
'380_918' 18 03 1977 1.0160e+04 4.3000e+00 1.2800e+01 8.7243e-01 4.6000e+00 3.3000e+00 1.4000e+00 -99.9
'380_918' 19 03 1977 7.5600e+03 2.7000e+00 1.0000e+01 7.9565e-01 4.1000e+00 0.0000e+00 1.0000e+00 -99.9
'380_918' 20 03 1977 1.2270e+04 7.0000e-01 1.2500e+01 7.0370e-01 3.1000e+00 0.0000e+00 1.7000e+00 -99.9
'380_918' 21 03 1977 4.2100e+03 3.4000e+00 9.2000e+00 8.7791e-01 1.5000e+00 8.6000e+00 5.0000e-01 -99.9
'380_918' 22 03 1977 6.0200e+03 2.6000e+00 1.0000e+01 8.0133e-01 2.1000e+00 0.0000e+00 8.0000e-01 -99.9
'380_918' 23 03 1977 6.3100e+03 3.0000e+00 1.2400e+01 8.9398e-01 3.6000e+00 1.0000e-01 9.0000e-01 -99.9
'380_918' 24 03 1977 1.0330e+04 8.3000e+00 1.6400e+01 1.1042e+00 2.6000e+00 0.0000e+00 1.6000e+00 -99.9
'380_918' 25 03 1977 3.8800e+03 5.8000e+00 9.6000e+00 9.3740e-01 2.1000e+00 0.0000e+00 5.0000e-01 -99.9
'380_918' 26 03 1977 9.4800e+03 3.8000e+00 1.3000e+01 9.5084e-01 2.6000e+00 9.0000e-01 1.3000e+00 -99.9
'380_918' 27 03 1977 1.6400e+03 8.0000e-01 8.9000e+00 8.1783e-01 2.1000e+00 1.0300e+01 2.0000e-01 -99.9
'380_918' 28 03 1977 1.3520e+04 -5.0000e-01 4.4000e+00 5.5314e-01 6.7000e+00 6.0000e-01 1.5000e+00 -99.9
'380_918' 29 03 1977 1.8410e+04 -2.5000e+00 4.3000e+00 3.8478e-01 4.6000e+00 0.0000e+00 2.0000e+00 -99.9
'380_918' 30 03 1977 1.9620e+04 -3.9000e+00 4.0000e+00 3.6328e-01 4.6000e+00 0.0000e+00 2.1000e+00 -99.9
'380_918' 31 03 1977 1.8860e+04 -5.0000e+00 7.4000e+00 3.6479e-01 4.1000e+00 5.0000e+00 2.2000e+00 -99.9
'380_918' 01 04 1977 2.9700e+03 3.6000e+00 1.1100e+01 8.9071e-01 1.0800e+01 5.2000e+00 4.0000e-01 -99.9
'380_918' 02 04 1977 1.3250e+04 4.7000e+00 1.0700e+01 7.4980e-01 6.7000e+00 7.2000e+00 1.8000e+00 -99.9
'380_918' 03 04 1977 3.5600e+03 -6.0000e-01 6.7000e+00 6.5970e-01 5.1000e+00 6.1000e+00 4.0000e-01 -99.9
'380_918' 04 04 1977 1.3310e+04 -1.1000e+00 9.0000e+00 6.5041e-01 3.1000e+00 4.0000e-01 1.6000e+00 -99.9
'380_918' 05 04 1977 8.1500e+03 -5.0000e-01 9.5000e+00 6.5372e-01 4.1000e+00 0.0000e+00 1.0000e+00 -99.9
'380_918' 06 04 1977 5.1100e+03 3.0000e-01 9.0000e+00 6.9576e-01 5.1000e+00 2.6000e+00 7.0000e-01 -99.9
'380_918' 07 04 1977 1.0950e+04 0.0000e+00 7.5000e+00 6.6132e-01 3.6000e+00 2.5000e+00 1.3000e+00 -99.9
'380_918' 08 04 1977 1.5500e+04 -1.7000e+00 5.1000e+00 5.6152e-01 2.6000e+00 2.0000e+00 1.7000e+00 -99.9
'380_918' 09 04 1977 1.1650e+04 -1.5000e+00 5.0000e+00 5.5841e-01 3.6000e+00 0.0000e+00 1.3000e+00 -99.9
'380_918' 10 04 1977 2.1180e+04 -2.3000e+00 6.2000e+00 4.4112e-01 3.1000e+00 9.0000e-01 2.4000e+00 -99.9
'380_918' 11 04 1977 9.9600e+03 1.1000e+00 8.2000e+00 7.3234e-01 3.6000e+00 1.2000e+00 1.2000e+00 -99.9
'380_918' 12 04 1977 3.5700e+03 2.0000e-01 9.3000e+00 7.7848e-01 4.6000e+00 3.4000e+00 5.0000e-01 -99.9
'380_918' 13 04 1977 4.3500e+03 2.1000e+00 9.7000e+00 7.4199e-01 5.7000e+00 9.1000e+00 6.0000e-01 -99.9
'380_918' 14 04 1977 9.0600e+03 2.5000e+00 8.3000e+00 7.3683e-01 5.1000e+00 3.2000e+00 1.1000e+00 -99.9
'380_918' 15 04 1977 1.2490e+04 1.0000e+00 8.5000e+00 6.9336e-01 5.1000e+00 1.0000e+00 1.5000e+00 -99.9
'380_918' 16 04 1977 1.7090e+04 8.0000e-01 9.3000e+00 6.0058e-01 2.1000e+00 0.0000e+00 2.1000e+00 -99.9
'380_918' 17 04 1977 1.6350e+04 5.0000e-01 1.2100e+01 5.7734e-01 2.6000e+00 0.0000e+00 2.2000e+00 -99.9
'380_918' 18 04 1977 1.9580e+04 9.0000e-01 8.0000e+00 5.5169e-01 3.6000e+00 0.0000e+00 2.4000e+00 -99.9
'380_918' 19 04 1977 1.9010e+04 -1.0000e-01 9.1000e+00 5.4108e-01 2.6000e+00 1.0000e-01 2.4000e+00 -99.9
'380_918' 20 04 1977 2.1290e+04 -1.1000e+00 1.2700e+01 5.2966e-01 2.6000e+00 6.0000e-01 2.9000e+00 -99.9
'380_918' 21 04 1977 4.4000e+03 7.3000e+00 1.3100e+01 1.0606e+00 6.7000e+00 0.0000e+00 7.0000e-01 -99.9
'380_918' 22 04 1977 1.0400e+04 9.9000e+00 1.4000e+01 1.0797e+00 8.7000e+00 3.0000e+00 1.6000e+00 -99.9
'380_918' 23 04 1977 6.9300e+03 7.3000e+00 1.2400e+01 9.9299e-01 8.2000e+00 4.8000e+00 1.0000e+00 -99.9
'380_918' 24 04 1977 1.7230e+04 5.0000e+00 1.0900e+01 7.9472e-01 7.7000e+00 3.5000e+00 2.4000e+00 -99.9
'380_918' 25 04 1977 7.0800e+03 3.7000e+00 1.2000e+01 8.7388e-01 5.1000e+00 0.0000e+00 1.0000e+00 -99.9
'380_918' 26 04 1977 1.4220e+04 9.5000e+00 1.8800e+01 1.1823e+00 6.2000e+00 1.6000e+00 2.3000e+00 -99.9
'380_918' 27 04 1977 1.7400e+04 2.9000e+00 1.2700e+01 7.0671e-01 5.1000e+00 0.0000e+00 2.4000e+00 -99.9
'380_918' 28 04 1977 1.7350e+04 1.3000e+00 1.5500e+01 6.3188e-01 3.6000e+00 5.0000e-01 2.6000e+00 -99.9
'380_918' 29 04 1977 1.7090e+04 5.9000e+00 1.3100e+01 8.2779e-01 5.7000e+00 0.0000e+00 2.5000e+00 -99.9
'380_918' 30 04 1977 1.5370e+04 3.5000e+00 1.5400e+01 7.4811e-01 2.6000e+00 1.5000e+00 2.2000e+00 -99.9
'380_918' 01 05 1977 3.8800e+03 5.4000e+00 1.0000e+01 9.5406e-01 2.1000e+00 1.1300e+01 5.0000e-01 -99.9
'380_918' 02 05 1977 2.2610e+04 3.0000e+00 1.7000e+01 7.7379e-01 4.1000e+00 3.3000e+00 3.5000e+00 -99.9
'380_918' 03 05 1977 1.0030e+04 1.0700e+01 1.5500e+01 1.1156e+00 2.1000e+00 4.0000e-01 1.6000e+00 -99.9
'380_918' 04 05 1977 2.6500e+03 7.6000e+00 1.1700e+01 1.1041e+00 3.6000e+00 3.4000e+00 4.0000e-01 -99.9
'380_918' 05 05 1977 6.5700e+03 6.9000e+00 1.1800e+01 9.6125e-01 5.1000e+00 1.0000e-01 9.0000e-01 -99.9
'380_918' 06 05 1977 2.4440e+04 5.7000e+00 1.5300e+01 8.1608e-01 3.6000e+00 0.0000e+00 3.6000e+00 -99.9
'380_918' 07 05 1977 1.7250e+04 7.1000e+00 1.5600e+01 9.7747e-01 2.1000e+00 1.4000e+00 2.5000e+00 -99.9
'380_918' 08 05 1977 1.7550e+04 6.4000e+00 1.3000e+01 9.3713e-01 3.1000e+00 3.1000e+00 2.5000e+00 -99.9
'380_918' 09 05 1977 1.5830e+04 3.7000e+00 1.5200e+01 8.2871e-01 3.1000e+00 1.0000e+00 2.3000e+00 -99.9
'380_918' 10 05 1977 9.7500e+03 7.6000e+00 1.5500e+01 1.0883e+00 5.1000e+00 0.0000e+00 1.5000e+00 -99.9
'380_918' 11 05 1977 9.5600e+03 7.9000e+00 1.6800e+01 1.2049e+00 5.7000e+00 7.5000e+00 1.5000e+00 -99.9
'380_918' 12 05 1977 1.1870e+04 8.9000e+00 1.6300e+01 1.2005e+00 6.2000e+00 3.8000e+00 1.8000e+00 -99.9
'380_918' 13 05 1977 1.4520e+04 5.7000e+00 1.3700e+01 9.7157e-01 5.7000e+00 3.2000e+00 2.1000e+00 -99.9
'380_918' 14 05 1977 1.3550e+04 4.3000e+00 1.1100e+01 8.3671e-01 2.1000e+00 4.0000e-01 1.8000e+00 -99.9
'380_918' 15 05 1977 1.8900e+04 2.8000e+00 1.3300e+01 8.3308e-01 3.1000e+00 0.0000e+00 2.7000e+00 -99.9
'380_918' 16 05 1977 2.0850e+04 4.9000e+00 1.6800e+01 9.6629e-01 4.1000e+00 0.0000e+00 3.2000e+00 -99.9
'380_918' 17 05 1977 2.2520e+04 8.1000e+00 1.9100e+01 1.0453e+00 4.6000e+00 0.0000e+00 3.6000e+00 -99.9
'380_918' 18 05 1977 2.5240e+04 8.4000e+00 1.9700e+01 1.1025e+00 5.1000e+00 0.0000e+00 4.1000e+00 -99.9
'380_918' 19 05 1977 2.0600e+04 9.7000e+00 1.8800e+01 1.1616e+00 6.7000e+00 1.2000e+00 3.3000e+00 -99.9
'380_918' 20 05 1977 2.6800e+03 6.9000e+00 1.1500e+01 1.1255e+00 6.2000e+00 3.8000e+00 4.0000e-01 -99.9
'380_918' 21 05 1977 5.1300e+03 7.3000e+00 1.0000e+01 1.0940e+00 5.1000e+00 1.6000e+00 7.0000e-01 -99.9
'380_918' 22 05 1977 2.8280e+04 5.5000e+00 1.7300e+01 8.5556e-01 4.1000e+00 0.0000e+00 4.4000e+00 -99.9
'380_918' 23 05 1977 2.7900e+04 6.0000e+00 1.9400e+01 9.2545e-01 4.1000e+00 0.0000e+00 4.5000e+00 -99.9
'380_918' 24 05 1977 2.8230e+04 7.7000e+00 2.1300e+01 9.9573e-01 4.6000e+00 0.0000e+00 4.7000e+00 -99.9
'380_918' 25 05 1977 2.6940e+04 1.0300e+01 2.4600e+01 1.1774e+00 4.1000e+00 0.0000e+00 4.7000e+00 -99.9
'380_918' 26 05 1977 2.7450e+04 9.2000e+00 2.2600e+01 1.1114e+00 5.7000e+00 0.0000e+00 4.7000e+00 -99.9
'380_918' 27 05 1977 2.9020e+04 7.8000e+00 2.1100e+01 9.0764e-01 5.1000e+00 0.0000e+00 4.7000e+00 -99.9
'380_918' 28 05 1977 2.7150e+04 8.0000e+00 2.1500e+01 9.6846e-01 2.1000e+00 0.0000e+00 4.6000e+00 -99.9
'380_918' 29 05 1977 2.7260e+04 8.3000e+00 2.2500e+01 1.1095e+00 3.6000e+00 0.0000e+00 4.5000e+00 -99.9
'380_918' 30 05 1977 1.3490e+04 7.6000e+00 1.3300e+01 9.8007e-01 3.6000e+00 0.0000e+00 2.0000e+00 -99.9
'380_918' 31 05 1977 2.6320e+04 4.3000e+00 1.6500e+01 7.9488e-01 3.6000e+00 0.0000e+00 4.0000e+00 -99.9
'380_918' 01 06 1977 2.8520e+04 4.7000e+00 1.8200e+01 7.6429e-01 3.6000e+00 0.0000e+00 4.4000e+00 -99.9
'380_918' 02 06 1977 7.2600e+03 5.9000e+00 1.4400e+01 1.0559e+00 2.6000e+00 0.0000e+00 1.1000e+00 -99.9
'380_918' 03 06 1977 9.6200e+03 8.9000e+00 1.6500e+01 1.2631e+00 3.6000e+00 1.1000e+00 1.5000e+00 -99.9
'380_918' 04 06 1977 1.1660e+04 9.4000e+00 1.6800e+01 1.2992e+00 2.6000e+00 0.0000e+00 1.8000e+00 -99.9
'380_918' 05 06 1977 8.0600e+03 1.0800e+01 1.6700e+01 1.4489e+00 5.1000e+00 1.3000e+00 1.3000e+00 -99.9
'380_918' 06 06 1977 1.2390e+04 9.5000e+00 1.6500e+01 1.2223e+00 4.6000e+00 1.7600e+01 1.9000e+00 -99.9
'380_918' 07 06 1977 1.4940e+04 9.3000e+00 1.5700e+01 1.1883e+00 7.2000e+00 1.8000e+00 2.3000e+00 -99.9
'380_918' 08 06 1977 1.9630e+04 9.4000e+00 1.8400e+01 1.1971e+00 3.1000e+00 2.0000e-01 3.1000e+00 -99.9
'380_918' 09 06 1977 1.6090e+04 1.1500e+01 2.5000e+01 1.4825e+00 3.6000e+00 1.5200e+01 2.8000e+00 -99.9
'380_918' 10 06 1977 1.4620e+04 1.0500e+01 2.1400e+01 1.4073e+00 5.1000e+00 1.3000e+01 2.5000e+00 -99.9
'380_918' 11 06 1977 1.9960e+04 1.0400e+01 2.1300e+01 1.1624e+00 3.1000e+00 4.0000e+00 3.3000e+00 -99.9
'380_918' 12 06 1977 2.6860e+04 1.1100e+01 2.4900e+01 1.2105e+00 3.6000e+00 0.0000e+00 4.8000e+00 -99.9
'380_918' 13 06 1977 2.7160e+04 1.4700e+01 3.0100e+01 1.5386e+00 5.1000e+00 0.0000e+00 5.2000e+00 -99.9
'380_918' 14 06 1977 1.2580e+04 1.4000e+01 2.0700e+01 1.6042e+00 3.1000e+00 5.8000e+00 2.2000e+00 -99.9
'380_918' 15 06 1977 4.3500e+03 1.3700e+01 1.5800e+01 1.5906e+00 3.6000e+00 3.4000e+00 7.0000e-01 -99.9
'380_918' 16 06 1977 4.3500e+03 1.3700e+01 1.6200e+01 1.6434e+00 2.1000e+00 4.8000e+00 7.0000e-01 -99.9
'380_918' 17 06 1977 7.3900e+03 1.2100e+01 1.7200e+01 1.5278e+00 2.1000e+00 0.0000e+00 1.2000e+00 -99.9
'380_918' 18 06 1977 8.4200e+03 1.4100e+01 1.8400e+01 1.6276e+00 2.6000e+00 0.0000e+00 1.4000e+00 -99.9
'380_918' 19 06 1977 3.9500e+03 1.2100e+01 1.5200e+01 1.4921e+00 2.6000e+00 1.9000e+00 6.0000e-01 -99.9
'380_918' 20 06 1977 4.7200e+03 1.0800e+01 1.3100e+01 1.2824e+00 2.6000e+00 0.0000e+00 7.0000e-01 -99.9
'380_918' 21 06 1977 1.0950e+04 1.0600e+01 1.6000e+01 1.1863e+00 1.5000e+00 0.0000e+00 1.7000e+00 -99.9
'380_918' 22 06 1977 7.0900e+03 1.2500e+01 1.7700e+01 1.3691e+00 2.1000e+00 0.0000e+00 1.2000e+00 -99.9
'380_918' 23 06 1977 2.2180e+04 1.1900e+01 2.0600e+01 1.3635e+00 2.6000e+00 0.0000e+00 3.7000e+00 -99.9
'380_918' 24 06 1977 2.3200e+04 1.1700e+01 2.3200e+01 1.3722e+00 1.5000e+00 7.0000e-01 4.1000e+00 -99.9
'380_918' 25 06 1977 1.1030e+04 1.2800e+01 1.9000e+01 1.4498e+00 2.1000e+00 6.5000e+00 1.8000e+00 -99.9
'380_918' 26 06 1977 1.3790e+04 1.2400e+01 2.1600e+01 1.5162e+00 2.6000e+00 5.8000e+00 2.3000e+00 -99.9
'380_918' 27 06 1977 2.0450e+04 1.1400e+01 1.9300e+01 1.2120e+00 3.1000e+00 0.0000e+00 3.4000e+00 -99.9
'380_918' 28 06 1977 1.8950e+04 1.0900e+01 2.0900e+01 1.1614e+00 3.6000e+00 1.1100e+01 3.2000e+00 -99.9
'380_918' 29 06 1977 1.0260e+04 1.1200e+01 1.8000e+01 1.3756e+00 3.1000e+00 2.2000e+00 1.7000e+00 -99.9
'380_918' 30 06 1977 1.1920e+04 9.1000e+00 1.8400e+01 1.1516e+00 3.6000e+00 8.6000e+00 1.9000e+00 -99.9
'380_918' 01 07 1977 1.4050e+04 1.1900e+01 1.9800e+01 1.2344e+00 6.7000e+00 0.0000e+00 2.4000e+00 -99.9
'380_918' 02 07 1977 1.5560e+04 1.2200e+01 2.0900e+01 1.4081e+00 2.6000e+00 0.0000e+00 2.7000e+00 -99.9
'380_918' 03 07 1977 2.7270e+04 1.3900e+01 2.6400e+01 1.5872e+00 2.1000e+00 0.0000e+00 5.0000e+00 -99.9
'380_918' 04 07 1977 2.7650e+04 1.4900e+01 2.6700e+01 1.5765e+00 4.1000e+00 0.0000e+00 5.1000e+00 -99.9
'380_918' 05 07 1977 2.6050e+04 1.4700e+01 2.6200e+01 1.5030e+00 3.1000e+00 0.0000e+00 4.8000e+00 -99.9
'380_918' 06 07 1977 2.5540e+04 1.5800e+01 2.7000e+01 1.6244e+00 3.1000e+00 0.0000e+00 4.8000e+00 -99.9
'380_918' 07 07 1977 1.6760e+04 1.5300e+01 2.4000e+01 1.6923e+00 3.1000e+00 0.0000e+00 3.0000e+00 -99.9
'380_918' 08 07 1977 2.1900e+04 1.4900e+01 2.4700e+01 1.4924e+00 3.6000e+00 0.0000e+00 4.0000e+00 -99.9
'380_918' 09 07 1977 1.8190e+04 1.5200e+01 2.1900e+01 1.5639e+00 3.6000e+00 0.0000e+00 3.2000e+00 -99.9
'380_918' 10 07 1977 2.2570e+04 1.2800e+01 2.5500e+01 1.4859e+00 2.1000e+00 0.0000e+00 4.1000e+00 -99.9
'380_918' 11 07 1977 2.2520e+04 1.2800e+01 2.5700e+01 1.5118e+00 2.1000e+00 0.0000e+00 4.0000e+00 -99.9
'380_918' 12 07 1977 2.3990e+04 1.3700e+01 2.6400e+01 1.5085e+00 2.6000e+00 0.0000e+00 4.4000e+00 -99.9
'380_918' 13 07 1977 8.9000e+03 1.4300e+01 1.9300e+01 1.6041e+00 3.1000e+00 0.0000e+00 1.5000e+00 -99.9
'380_918' 14 07 1977 1.3780e+04 1.1100e+01 1.7100e+01 1.0716e+00 4.1000e+00 0.0000e+00 2.2000e+00 -99.9
'380_918' 15 07 1977 1.7180e+04 9.8000e+00 1.8100e+01 9.9511e-01 3.1000e+00 0.0000e+00 2.7000e+00 -99.9
'380_918' 16 07 1977 2.0900e+04 6.5000e+00 1.8900e+01 9.2585e-01 2.1000e+00 6.0000e-01 3.3000e+00 -99.9
'380_918' 17 07 1977 1.1060e+04 1.1400e+01 2.0100e+01 1.3888e+00 5.1000e+00 5.9000e+00 1.8000e+00 -99.9
'380_918' 18 07 1977 4.3900e+03 1.3200e+01 1.6500e+01 1.4941e+00 7.7000e+00 1.3000e+01 7.0000e-01 -99.9
'380_918' 19 07 1977 1.0380e+04 1.2200e+01 1.8200e+01 1.3370e+00 6.2000e+00 2.0000e+00 1.7000e+00 -99.9
'380_918' 20 07 1977 2.1470e+04 1.2200e+01 2.0500e+01 1.3239e+00 5.7000e+00 8.0000e-01 3.6000e+00 -99.9
'380_918' 21 07 1977 1.1310e+04 1.0700e+01 1.8500e+01 1.3480e+00 3.6000e+00 2.0000e-01 1.8000e+00 -99.9
'380_918' 22 07 1977 1.6900e+04 9.9000e+00 2.0400e+01 1.2291e+00 3.6000e+00 0.0000e+00 2.9000e+00 -99.9
'380_918' 23 07 1977 9.7300e+03 1.5500e+01 2.3300e+01 1.8537e+00 4.6000e+00 5.0000e-01 1.8000e+00 -99.9
'380_918' 24 07 1977 7.1700e+03 1.3000e+01 2.0400e+01 1.6228e+00 6.7000e+00 5.0000e-01 1.2000e+00 -99.9
'380_918' 25 07 1977 9.4100e+03 1.1400e+01 1.8100e+01 1.5046e+00 4.1000e+00 6.2000e+00 1.5000e+00 -99.9
'380_918' 26 07 1977 1.3790e+04 1.1300e+01 1.7100e+01 1.3978e+00 4.1000e+00 1.5500e+01 2.2000e+00 -99.9
'380_918' 27 07 1977 1.1410e+04 1.1700e+01 1.8100e+01 1.3573e+00 4.6000e+00 2.0000e-01 1.8000e+00 -99.9
'380_918' 28 07 1977 9.3900e+03 1.2200e+01 1.7900e+01 1.4108e+00 2.6000e+00 4.0000e+00 1.6000e+00 -99.9
'380_918' 29 07 1977 6.6400e+03 1.3500e+01 1.6800e+01 1.5918e+00 3.6000e+00 7.0000e-01 1.1000e+00 -99.9
'380_918' 30 07 1977 1.4050e+04 1.4000e+01 2.3800e+01 1.7213e+00 3.6000e+00 0.0000e+00 2.5000e+00 -99.9
'380_918' 31 07 1977 1.5840e+04 1.0600e+01 1.8800e+01 1.2392e+00 5.7000e+00 0.0000e+00 2.6000e+00 -99.9
'380_918' 01 08 1977 1.1150e+04 1.0300e+01 1.6800e+01 1.1512e+00 2.6000e+00 0.0000e+00 1.8000e+00 -99.9
'380_918' 02 08 1977 2.2400e+04 8.4000e+00 2.0200e+01 1.1436e+00 1.5000e+00 0.0000e+00 3.7000e+00 -99.9
'380_918' 03 08 1977 2.2000e+04 1.0700e+01 2.2600e+01 1.3141e+00 1.5000e+00 0.0000e+00 3.8000e+00 -99.9
'380_918' 04 08 1977 2.1270e+04 1.3800e+01 2.4900e+01 1.5142e+00 2.1000e+00 0.0000e+00 3.8000e+00 -99.9
'380_918' 05 08 1977 2.5370e+04 1.1800e+01 2.5300e+01 1.2013e+00 3.1000e+00 6.0000e-01 4.5000e+00 -99.9
'380_918' 06 08 1977 2.0520e+04 1.4300e+01 2.6100e+01 1.5403e+00 2.1000e+00 0.0000e+00 3.7000e+00 -99.9
'380_918' 07 08 1977 1.6590e+04 1.4700e+01 2.4900e+01 1.6829e+00 2.6000e+00 3.0000e+00 3.0000e+00 -99.9
'380_918' 08 08 1977 1.8790e+04 1.4100e+01 2.1900e+01 1.5174e+00 3.1000e+00 0.0000e+00 3.3000e+00 -99.9
'380_918' 09 08 1977 1.3810e+04 1.1900e+01 1.9900e+01 1.3942e+00 2.6000e+00 5.0000e-01 2.3000e+00 -99.9
'380_918' 10 08 1977 1.0270e+04 1.0700e+01 1.8000e+01 1.2686e+00 2.1000e+00 0.0000e+00 1.7000e+00 -99.9
'380_918' 11 08 1977 1.1570e+04 1.3000e+01 1.8600e+01 1.4640e+00 2.6000e+00 0.0000e+00 1.9000e+00 -99.9
'380_918' 12 08 1977 3.9000e+03 1.1800e+01 1.6100e+01 1.4663e+00 3.6000e+00 2.2400e+01 6.0000e-01 -99.9
'380_918' 13 08 1977 9.3600e+03 1.4000e+01 1.9000e+01 1.6292e+00 2.6000e+00 0.0000e+00 1.6000e+00 -99.9
'380_918' 14 08 1977 1.3100e+04 1.2200e+01 2.0900e+01 1.5164e+00 1.0000e+00 0.0000e+00 2.2000e+00 -99.9
'380_918' 15 08 1977 1.4910e+04 1.4600e+01 2.3500e+01 1.6900e+00 1.5000e+00 0.0000e+00 2.6000e+00 -99.9
'380_918' 16 08 1977 1.5890e+04 1.4500e+01 2.3700e+01 1.6270e+00 3.1000e+00 1.1300e+01 2.8000e+00 -99.9
'380_918' 17 08 1977 5.1200e+03 1.6000e+01 2.0400e+01 1.7582e+00 2.6000e+00 8.4900e+01 9.0000e-01 -99.9
'380_918' 18 08 1977 6.5800e+03 1.2700e+01 1.7900e+01 1.5410e+00 2.6000e+00 4.5000e+00 1.1000e+00 -99.9
'380_918' 19 08 1977 8.2100e+03 1.1900e+01 1.7700e+01 1.4203e+00 3.1000e+00 2.0000e+00 1.3000e+00 -99.9
'380_918' 20 08 1977 7.0900e+03 1.1300e+01 1.6800e+01 1.3554e+00 1.5000e+00 7.7000e+00 1.2000e+00 -99.9
'380_918' 21 08 1977 8.2900e+03 1.3200e+01 1.7600e+01 1.5405e+00 1.5000e+00 1.2000e+01 1.4000e+00 -99.9
'380_918' 22 08 1977 5.1600e+03 1.3200e+01 1.6100e+01 1.5103e+00 2.6000e+00 6.0000e+00 8.0000e-01 -99.9
'380_918' 23 08 1977 2.8200e+03 1.3200e+01 1.4700e+01 1.5282e+00 2.6000e+00 3.0000e-01 5.0000e-01 -99.9
'380_918' 24 08 1977 1.2580e+04 1.2700e+01 1.8900e+01 1.4054e+00 2.6000e+00 0.0000e+00 2.1000e+00 -99.9
'380_918' 25 08 1977 1.5720e+04 1.5400e+01 2.1300e+01 1.4494e+00 6.2000e+00 0.0000e+00 2.8000e+00 -99.9
'380_918' 26 08 1977 1.2870e+04 1.3000e+01 2.0800e+01 1.4892e+00 4.1000e+00 8.0000e-01 2.2000e+00 -99.9
'380_918' 27 08 1977 1.4590e+04 1.1200e+01 2.1300e+01 1.4484e+00 2.6000e+00 8.3000e+00 2.4000e+00 -99.9
'380_918' 28 08 1977 7.6500e+03 9.7000e+00 1.7900e+01 1.3657e+00 2.1000e+00 1.0000e-01 1.2000e+00 -99.9
'380_918' 29 08 1977 1.8740e+04 8.5000e+00 2.0200e+01 1.2094e+00 3.1000e+00 0.0000e+00 3.1000e+00 -99.9
'380_918' 30 08 1977 1.1110e+04 1.1500e+01 2.1700e+01 1.5155e+00 1.5000e+00 0.0000e+00 1.9000e+00 -99.9
'380_918' 31 08 1977 1.4520e+04 1.2900e+01 2.2900e+01 1.5343e+00 1.5000e+00 0.0000e+00 2.6000e+00 -99.9
'380_918' 01 09 1977 1.2620e+04 1.3100e+01 2.0900e+01 1.6112e+00 2.6000e+00 0.0000e+00 2.2000e+00 -99.9
'380_918' 02 09 1977 1.9820e+04 1.2100e+01 2.3500e+01 1.3671e+00 3.1000e+00 2.2000e+00 3.5000e+00 -99.9
'380_918' 03 09 1977 3.3000e+03 1.2100e+01 1.6400e+01 1.4630e+00 2.1000e+00 0.0000e+00 5.0000e-01 -99.9
'380_918' 04 09 1977 1.7400e+04 7.4000e+00 1.9800e+01 1.0829e+00 1.5000e+00 0.0000e+00 2.8000e+00 -99.9
'380_918' 05 09 1977 1.6440e+04 1.0400e+01 2.0500e+01 1.2426e+00 2.6000e+00 0.0000e+00 2.7000e+00 -99.9
'380_918' 06 09 1977 1.1890e+04 1.3700e+01 2.3400e+01 1.5229e+00 5.1000e+00 2.0000e-01 2.1000e+00 -99.9
'380_918' 07 09 1977 1.0610e+04 1.3800e+01 1.9400e+01 1.4853e+00 3.6000e+00 0.0000e+00 1.8000e+00 -99.9
'380_918' 08 09 1977 4.3700e+03 1.0700e+01 1.4700e+01 1.2368e+00 2.1000e+00 0.0000e+00 7.0000e-01 -99.9
'380_918' 09 09 1977 9.3900e+03 8.1000e+00 1.5600e+01 1.1413e+00 2.6000e+00 1.5000e+00 1.4000e+00 -99.9
'380_918' 10 09 1977 8.9400e+03 7.5000e+00 1.5700e+01 9.8383e-01 6.2000e+00 0.0000e+00 1.4000e+00 -99.9
'380_918' 11 09 1977 8.5600e+03 1.1800e+01 2.0900e+01 1.5444e+00 5.1000e+00 0.0000e+00 1.4000e+00 -99.9
'380_918' 12 09 1977 6.4100e+03 8.3000e+00 1.6500e+01 1.1345e+00 3.1000e+00 0.0000e+00 1.0000e+00 -99.9
'380_918' 13 09 1977 1.3540e+04 6.3000e+00 1.5400e+01 9.2683e-01 2.1000e+00 0.0000e+00 2.0000e+00 -99.9
'380_918' 14 09 1977 1.4240e+04 4.2000e+00 1.6600e+01 8.7296e-01 2.1000e+00 0.0000e+00 2.1000e+00 -99.9
'380_918' 15 09 1977 8.0600e+03 8.2000e+00 1.7800e+01 1.2059e+00 3.1000e+00 2.0000e-01 1.3000e+00 -99.9
'380_918' 16 09 1977 1.0050e+04 7.7000e+00 1.4200e+01 9.6914e-01 2.6000e+00 0.0000e+00 1.5000e+00 -99.9
'380_918' 17 09 1977 1.3370e+04 5.5000e+00 1.4700e+01 8.5660e-01 3.1000e+00 0.0000e+00 2.0000e+00 -99.9
'380_918' 18 09 1977 1.4410e+04 4.8000e+00 1.2800e+01 7.9418e-01 2.6000e+00 0.0000e+00 2.0000e+00 -99.9
'380_918' 19 09 1977 1.3650e+04 1.6000e+00 1.4600e+01 7.2836e-01 2.1000e+00 0.0000e+00 1.9000e+00 -99.9
'380_918' 20 09 1977 9.9800e+03 4.8000e+00 1.4100e+01 9.1958e-01 2.1000e+00 1.0000e-01 1.5000e+00 -99.9
'380_918' 21 09 1977 5.4900e+03 9.0000e+00 1.3100e+01 1.1866e+00 1.5000e+00 0.0000e+00 8.0000e-01 -99.9
'380_918' 22 09 1977 5.5500e+03 1.0400e+01 1.4800e+01 1.2406e+00 5.0000e-01 0.0000e+00 9.0000e-01 -99.9
'380_918' 23 09 1977 7.8200e+03 8.1000e+00 1.6000e+01 1.1252e+00 2.1000e+00 0.0000e+00 1.2000e+00 -99.9
'380_918' 24 09 1977 1.3490e+04 7.4000e+00 1.8300e+01 1.0373e+00 4.6000e+00 0.0000e+00 2.1000e+00 -99.9
'380_918' 25 09 1977 6.7000e+03 8.1000e+00 1.7200e+01 1.1568e+00 3.1000e+00 7.0000e-01 1.0000e+00 -99.9
'380_918' 26 09 1977 1.0140e+04 9.1000e+00 1.9000e+01 1.3032e+00 2.1000e+00 0.0000e+00 1.6000e+00 -99.9
'380_918' 27 09 1977 1.2940e+04 7.5000e+00 2.0400e+01 1.1728e+00 1.5000e+00 0.0000e+00 2.1000e+00 -99.9
'380_918' 28 09 1977 7.3500e+03 1.0500e+01 1.9700e+01 1.3411e+00 5.1000e+00 0.0000e+00 1.2000e+00 -99.9
'380_918' 29 09 1977 9.9100e+03 1.0900e+01 1.6600e+01 1.2193e+00 5.7000e+00 0.0000e+00 1.6000e+00 -99.9
'380_918' 30 09 1977 4.5800e+03 1.1800e+01 1.5700e+01 1.2162e+00 9.3000e+00 9.4000e+00 7.0000e-01 -99.9
'380_918' 01 10 1977 8.8200e+03 6.2000e+00 1.3100e+01 9.4326e-01 8.7000e+00 5.2000e+00 1.3000e+00 -99.9
'380_918' 02 10 1977 5.7500e+03 6.5000e+00 1.0600e+01 9.5877e-01 6.7000e+00 5.6000e+00 8.0000e-01 -99.9
'380_918' 03 10 1977 6.2100e+03 4.7000e+00 1.3000e+01 9.1417e-01 4.1000e+00 6.0000e-01 9.0000e-01 -99.9
'380_918' 04 10 1977 4.9900e+03 9.0000e+00 1.4300e+01 1.1590e+00 7.7000e+00 2.0000e-01 8.0000e-01 -99.9
'380_918' 05 10 1977 7.7300e+03 1.1400e+01 1.5900e+01 1.2820e+00 5.1000e+00 1.1000e+00 1.2000e+00 -99.9
'380_918' 06 10 1977 5.5300e+03 1.1400e+01 2.0000e+01 1.3344e+00 4.6000e+00 1.0000e+00 9.0000e-01 -99.9
'380_918' 07 10 1977 4.8700e+03 1.3700e+01 1.9700e+01 1.4909e+00 2.6000e+00 3.9000e+00 8.0000e-01 -99.9
'380_918' 08 10 1977 6.4800e+03 1.2000e+01 1.7700e+01 1.3595e+00 3.1000e+00 0.0000e+00 1.0000e+00 -99.9
'380_918' 09 10 1977 8.1900e+03 1.0600e+01 1.6900e+01 1.2296e+00 4.1000e+00 0.0000e+00 1.3000e+00 -99.9
'380_918' 10 10 1977 7.4700e+03 9.7000e+00 1.4700e+01 1.2182e+00 4.1000e+00 6.0000e-01 1.2000e+00 -99.9
'380_918' 11 10 1977 8.3100e+03 5.5000e+00 1.3400e+01 1.0359e+00 2.6000e+00 0.0000e+00 1.2000e+00 -99.9
'380_918' 12 10 1977 1.1350e+04 5.2000e+00 1.7000e+01 9.4774e-01 4.1000e+00 0.0000e+00 1.7000e+00 -99.9
'380_918' 13 10 1977 9.5000e+03 7.4000e+00 1.6800e+01 1.0982e+00 2.1000e+00 0.0000e+00 1.5000e+00 -99.9
'380_918' 14 10 1977 1.0060e+04 4.3000e+00 1.4300e+01 9.5770e-01 2.6000e+00 0.0000e+00 1.4000e+00 -99.9
'380_918' 15 10 1977 1.0160e+04 2.7000e+00 1.5900e+01 8.9428e-01 1.5000e+00 0.0000e+00 1.4000e+00 -99.9
'380_918' 16 10 1977 1.0610e+04 3.7000e+00 2.0100e+01 9.9978e-01 1.5000e+00 0.0000e+00 1.6000e+00 -99.9
'380_918' 17 10 1977 1.0390e+04 3.8000e+00 1.6800e+01 9.9483e-01 2.1000e+00 0.0000e+00 1.5000e+00 -99.9
'380_918' 18 10 1977 1.0360e+04 2.8000e+00 1.9300e+01 8.6293e-01 2.1000e+00 0.0000e+00 1.5000e+00 -99.9
'380_918' 19 10 1977 9.5600e+03 1.0200e+01 2.0800e+01 1.2064e+00 3.6000e+00 0.0000e+00 1.6000e+00 -99.9
'380_918' 20 10 1977 6.5400e+03 1.0100e+01 1.9700e+01 1.2377e+00 3.6000e+00 0.0000e+00 1.1000e+00 -99.9
'380_918' 21 10 1977 7.3600e+03 1.2500e+01 2.1400e+01 1.4419e+00 4.6000e+00 3.0000e-01 1.3000e+00 -99.9
'380_918' 22 10 1977 4.1900e+03 1.4200e+01 1.9800e+01 1.6188e+00 3.6000e+00 0.0000e+00 7.0000e-01 -99.9
'380_918' 23 10 1977 2.7300e+03 8.9000e+00 1.5900e+01 1.2308e+00 3.6000e+00 0.0000e+00 4.0000e-01 -99.9
'380_918' 24 10 1977 8.8900e+03 7.1000e+00 1.7100e+01 1.1439e+00 3.1000e+00 4.0000e-01 1.4000e+00 -99.9
'380_918' 25 10 1977 3.3000e+03 7.4000e+00 1.3900e+01 1.1873e+00 2.1000e+00 4.0000e-01 5.0000e-01 -99.9
'380_918' 26 10 1977 4.5000e+03 6.8000e+00 1.3700e+01 1.1399e+00 2.1000e+00 0.0000e+00 7.0000e-01 -99.9
'380_918' 27 10 1977 5.2900e+03 5.6000e+00 1.3300e+01 1.0721e+00 2.1000e+00 0.0000e+00 8.0000e-01 -99.9
'380_918' 28 10 1977 3.6700e+03 9.4000e+00 1.3300e+01 1.2117e+00 3.1000e+00 0.0000e+00 6.0000e-01 -99.9
'380_918' 29 10 1977 5.1400e+03 4.0000e+00 1.4000e+01 9.2745e-01 2.6000e+00 0.0000e+00 7.0000e-01 -99.9
'380_918' 30 10 1977 5.5800e+03 2.5000e+00 1.4800e+01 8.6700e-01 4.1000e+00 0.0000e+00 8.0000e-01 -99.9
'380_918' 31 10 1977 2.9300e+03 9.9000e+00 1.6200e+01 1.2038e+00 7.2000e+00 5.4000e+00 5.0000e-01 -99.9
'380_918' 01 11 1977 7.8400e+03 6.4000e+00 1.1900e+01 9.2184e-01 5.1000e+00 5.2000e+00 1.1000e+00 -99.9
'380_918' 02 11 1977 1.6300e+03 7.5000e+00 1.6700e+01 1.1409e+00 8.2000e+00 1.4400e+01 2.0000e-01 -99.9
'380_918' 03 11 1977 2.0800e+03 1.1100e+01 1.6500e+01 1.3654e+00 7.2000e+00 2.0000e-01 3.0000e-01 -99.9
'380_918' 04 11 1977 3.5300e+03 7.1000e+00 1.1300e+01 9.7841e-01 6.2000e+00 0.0000e+00 5.0000e-01 -99.9
'380_918' 05 11 1977 6.1700e+03 7.2000e+00 1.2800e+01 9.7564e-01 7.2000e+00 0.0000e+00 9.0000e-01 -99.9
'380_918' 06 11 1977 2.5700e+03 1.0800e+01 1.3300e+01 1.1359e+00 5.7000e+00 2.0000e-01 4.0000e-01 -99.9
'380_918' 07 11 1977 4.5100e+03 1.0100e+01 1.3300e+01 1.0389e+00 6.7000e+00 5.0000e-01 7.0000e-01 -99.9
'380_918' 08 11 1977 1.1600e+03 1.0500e+01 1.2700e+01 1.1989e+00 7.2000e+00 1.0700e+01 2.0000e-01 -99.9
'380_918' 09 11 1977 1.7300e+03 1.0700e+01 1.5700e+01 1.3161e+00 8.2000e+00 4.3000e+00 3.0000e-01 -99.9
'380_918' 10 11 1977 5.2100e+03 1.1300e+01 1.7500e+01 1.3479e+00 6.2000e+00 0.0000e+00 8.0000e-01 -99.9
'380_918' 11 11 1977 3.0100e+03 1.0700e+01 1.5800e+01 1.1696e+00 8.2000e+00 3.8000e+00 5.0000e-01 -99.9
'380_918' 12 11 1977 1.2900e+03 4.7000e+00 1.4900e+01 8.9759e-01 1.1300e+01 1.1000e+01 2.0000e-01 -99.9
'380_918' 13 11 1977 4.3100e+03 2.8000e+00 6.0000e+00 6.8130e-01 6.2000e+00 1.9000e+00 5.0000e-01 -99.9
'380_918' 14 11 1977 8.6000e+02 3.2000e+00 1.1800e+01 8.7994e-01 1.1300e+01 8.0000e+00 1.0000e-01 -99.9
'380_918' 15 11 1977 2.0800e+03 2.6000e+00 7.6000e+00 6.9981e-01 9.8000e+00 1.6000e+01 3.0000e-01 -99.9
'380_918' 16 11 1977 1.7300e+03 9.0000e-01 6.1000e+00 7.0907e-01 6.7000e+00 2.3000e+00 2.0000e-01 -99.9
'380_918' 17 11 1977 1.3800e+03 1.1000e+00 4.4000e+00 6.9464e-01 4.1000e+00 1.0000e+00 2.0000e-01 -99.9
'380_918' 18 11 1977 2.7500e+03 1.7000e+00 5.9000e+00 7.2902e-01 4.1000e+00 0.0000e+00 3.0000e-01 -99.9
'380_918' 19 11 1977 4.0200e+03 9.0000e-01 6.5000e+00 6.5471e-01 7.7000e+00 0.0000e+00 5.0000e-01 -99.9
'380_918' 20 11 1977 2.7200e+03 3.9000e+00 5.8000e+00 6.0296e-01 9.8000e+00 8.5000e+00 3.0000e-01 -99.9
'380_918' 21 11 1977 2.0600e+03 1.0000e+00 6.3000e+00 6.6165e-01 6.2000e+00 7.7000e+00 3.0000e-01 -99.9
'380_918' 22 11 1977 2.7300e+03 2.1000e+00 5.7000e+00 7.4457e-01 5.1000e+00 8.3000e+00 3.0000e-01 -99.9
'380_918' 23 11 1977 1.5200e+03 3.4000e+00 7.5000e+00 8.1012e-01 7.7000e+00 1.6000e+01 2.0000e-01 -99.9
'380_918' 24 11 1977 1.5700e+03 3.3000e+00 7.4000e+00 7.6913e-01 9.3000e+00 3.8000e+00 2.0000e-01 -99.9
'380_918' 25 11 1977 2.6100e+03 2.0000e+00 5.8000e+00 7.1182e-01 5.7000e+00 2.4000e+00 3.0000e-01 -99.9
'380_918' 26 11 1977 2.0800e+03 -5.0000e-01 3.2000e+00 5.7370e-01 3.6000e+00 0.0000e+00 2.0000e-01 -99.9
'380_918' 27 11 1977 4.1200e+03 -2.8000e+00 5.0000e-01 4.5128e-01 3.6000e+00 0.0000e+00 4.0000e-01 -99.9
'380_918' 28 11 1977 4.9400e+03 -4.2000e+00 -8.0000e-01 3.9807e-01 3.1000e+00 0.0000e+00 5.0000e-01 -99.9
'380_918' 29 11 1977 1.3800e+03 -2.5000e+00 2.0000e-01 4.5809e-01 1.0000e+00 0.0000e+00 1.0000e-01 -99.9
'380_918' 30 11 1977 2.8400e+03 -1.3000e+00 2.9000e+00 5.5615e-01 5.0000e-01 1.8000e+00 3.0000e-01 -99.9
'380_918' 01 12 1977 1.3000e+03 -1.8000e+00 3.3000e+00 5.8245e-01 2.1000e+00 0.0000e+00 1.0000e-01 -99.9
'380_918' 02 12 1977 1.3500e+03 -2.2000e+00 2.8000e+00 5.3957e-01 1.5000e+00 0.0000e+00 1.0000e-01 -99.9
'380_918' 03 12 1977 4.9200e+03 -3.0000e+00 2.7000e+00 5.0747e-01 3.1000e+00 0.0000e+00 5.0000e-01 -99.9
'380_918' 04 12 1977 4.8500e+03 -2.7000e+00 4.0000e+00 5.0841e-01 4.6000e+00 0.0000e+00 5.0000e-01 -99.9
'380_918' 05 12 1977 4.5300e+03 -5.0000e+00 2.1000e+00 4.2856e-01 2.6000e+00 0.0000e+00 5.0000e-01 -99.9
'380_918' 06 12 1977 5.4000e+02 -2.3000e+00 2.0000e+00 5.5444e-01 3.6000e+00 9.8000e+00 1.0000e-01 -99.9
'380_918' 07 12 1977 2.7000e+03 8.0000e-01 1.1300e+01 7.3333e-01 5.1000e+00 1.8000e+00 4.0000e-01 -99.9
'380_918' 08 12 1977 1.6700e+03 4.6000e+00 1.2600e+01 9.1218e-01 5.7000e+00 0.0000e+00 2.0000e-01 -99.9
'380_918' 09 12 1977 2.5700e+03 3.8000e+00 8.2000e+00 8.6799e-01 2.6000e+00 0.0000e+00 3.0000e-01 -99.9
'380_918' 10 12 1977 1.1800e+03 2.6000e+00 7.8000e+00 7.9064e-01 3.6000e+00 1.0000e+00 2.0000e-01 -99.9
'380_918' 11 12 1977 5.7000e+02 3.9000e+00 1.0300e+01 8.9399e-01 5.7000e+00 9.7000e+00 1.0000e-01 -99.9
'380_918' 12 12 1977 1.0400e+03 7.9000e+00 1.0300e+01 1.0483e+00 4.6000e+00 1.1000e+00 1.0000e-01 -99.9
'380_918' 13 12 1977 2.1600e+03 4.3000e+00 9.1000e+00 8.9922e-01 3.1000e+00 1.0000e-01 3.0000e-01 -99.9
'380_918' 14 12 1977 6.7000e+02 6.3000e+00 8.4000e+00 9.8262e-01 3.6000e+00 2.0000e-01 1.0000e-01 -99.9
'380_918' 15 12 1977 1.3300e+03 6.5000e+00 7.9000e+00 9.5384e-01 2.1000e+00 1.0000e-01 2.0000e-01 -99.9
'380_918' 16 12 1977 3.5600e+03 4.0000e-01 7.3000e+00 7.1671e-01 2.6000e+00 0.0000e+00 4.0000e-01 -99.9
'380_918' 17 12 1977 2.5500e+03 5.0000e-01 5.8000e+00 6.8363e-01 2.6000e+00 0.0000e+00 3.0000e-01 -99.9
'380_918' 18 12 1977 3.9900e+03 -3.0000e-01 1.1100e+01 6.3392e-01 3.1000e+00 0.0000e+00 5.0000e-01 -99.9
'380_918' 19 12 1977 3.6200e+03 5.0000e-01 9.0000e+00 6.3698e-01 2.1000e+00 0.0000e+00 4.0000e-01 -99.9
'380_918' 20 12 1977 3.7400e+03 -3.2000e+00 3.3000e+00 5.5293e-01 1.0000e+00 0.0000e+00 4.0000e-01 -99.9
'380_918' 21 12 1977 4.8100e+03 -3.8000e+00 7.1000e+00 5.1919e-01 2.6000e+00 5.0000e-01 5.0000e-01 -99.9
'380_918' 22 12 1977 8.9000e+02 4.9000e+00 9.1000e+00 9.0147e-01 4.6000e+00 0.0000e+00 1.0000e-01 -99.9
'380_918' 23 12 1977 8.3000e+02 5.0000e+00 1.3900e+01 1.0251e+00 6.7000e+00 3.0000e-01 1.0000e-01 -99.9
'380_918' 24 12 1977 1.0100e+03 7.9000e+00 1.5300e+01 1.0441e+00 1.1800e+01 6.0000e-01 2.0000e-01 -99.9
'380_918' 25 12 1977 1.4200e+03 4.0000e+00 9.0000e+00 8.5716e-01 5.1000e+00 5.0000e-01 2.0000e-01 -99.9
'380_918' 26 12 1977 9.1000e+02 5.6000e+00 7.1000e+00 8.6120e-01 5.1000e+00 4.7000e+00 1.0000e-01 -99.9
'380_918' 27 12 1977 1.6400e+03 3.5000e+00 8.9000e+00 8.0000e-01 8.2000e+00 4.6000e+00 2.0000e-01 -99.9
'380_918' 28 12 1977 6.0000e+02 4.0000e-01 4.7000e+00 6.6665e-01 7.7000e+00 2.0000e+00 1.0000e-01 -99.9
'380_918' 29 12 1977 1.7700e+03 2.3000e+00 5.4000e+00 7.3567e-01 6.7000e+00 3.9000e+00 2.0000e-01 -99.9
'380_918' 30 12 1977 1.4900e+03 7.0000e-01 6.2000e+00 6.8200e-01 7.7000e+00 8.2000e+00 2.0000e-01 -99.9
'380_918' 31 12 1977 3.0900e+03 1.7000e+00 4.6000e+00 6.8546e-01 5.1000e+00 9.0000e-01 4.0000e-01 -99.9
