* Source of data    : Royal Netherlands Meterological Institute (www.knmi.nl) stations 370 and 918
* File content      : Input file for Swap 3.2 (www.swap.alterra.nl) 
* File generated by : Alterra - Wageningen-UR (www.alterra.wur.nl) 
* File generated at : 2015-02-19 20:52:54
station DD MM YYYY Rad Tmin Tmax Hum Wind Rain ETref Wet
'380_918' 01 01 1981 2.0100e+03 1.7000e+00 7.6000e+00 5.6546e-01 8.7000e+00 4.6000e+00 3.0000e-01 -99.9
'380_918' 02 01 1981 4.9000e+02 2.3000e+00 7.8000e+00 8.0642e-01 8.2000e+00 1.7400e+01 1.0000e-01 -99.9
'380_918' 03 01 1981 9.3000e+02 6.2000e+00 1.0400e+01 8.8795e-01 1.0800e+01 3.5000e+00 1.0000e-01 -99.9
'380_918' 04 01 1981 2.3400e+03 -3.0000e-01 6.5000e+00 6.2833e-01 7.2000e+00 3.1000e+00 3.0000e-01 -99.9
'380_918' 05 01 1981 3.2300e+03 0.0000e+00 2.8000e+00 5.9837e-01 4.6000e+00 5.6000e+00 4.0000e-01 -99.9
'380_918' 06 01 1981 7.7000e+02 -1.6000e+00 2.3000e+00 5.7641e-01 4.6000e+00 0.0000e+00 1.0000e-01 -99.9
'380_918' 07 01 1981 4.4100e+03 -3.6000e+00 1.9000e+00 5.2213e-01 2.6000e+00 0.0000e+00 4.0000e-01 -99.9
'380_918' 08 01 1981 1.9100e+03 -3.9000e+00 1.8000e+00 5.1363e-01 4.6000e+00 1.5000e+00 2.0000e-01 -99.9
'380_918' 09 01 1981 7.4000e+02 1.1000e+00 4.8000e+00 7.0322e-01 7.2000e+00 7.4000e+00 1.0000e-01 -99.9
'380_918' 10 01 1981 9.3000e+02 1.0000e-01 4.5000e+00 6.5443e-01 6.2000e+00 0.0000e+00 1.0000e-01 -99.9
'380_918' 11 01 1981 3.1500e+03 -5.0000e+00 7.0000e-01 4.5303e-01 4.1000e+00 0.0000e+00 3.0000e-01 -99.9
'380_918' 12 01 1981 1.3500e+03 -5.3000e+00 1.0000e-01 4.6878e-01 6.2000e+00 4.8000e+00 1.0000e-01 -99.9
'380_918' 13 01 1981 5.4300e+03 -4.6000e+00 3.0000e-01 4.8156e-01 3.6000e+00 7.0000e-01 5.0000e-01 -99.9
'380_918' 14 01 1981 1.0500e+03 -3.2000e+00 5.7000e+00 5.7523e-01 1.0300e+01 2.1100e+01 1.0000e-01 -99.9
'380_918' 15 01 1981 3.5700e+03 -2.4000e+00 4.0000e+00 5.5316e-01 6.2000e+00 9.6000e+00 4.0000e-01 -99.9
'380_918' 16 01 1981 4.3100e+03 -1.9000e+00 3.8000e+00 5.8821e-01 6.2000e+00 8.6000e+00 5.0000e-01 -99.9
'380_918' 17 01 1981 2.2800e+03 3.1000e+00 5.5000e+00 7.2827e-01 7.2000e+00 6.0000e-01 3.0000e-01 -99.9
'380_918' 18 01 1981 1.9500e+03 -1.3000e+00 3.5000e+00 5.3362e-01 3.6000e+00 1.0000e+00 2.0000e-01 -99.9
'380_918' 19 01 1981 2.3800e+03 1.2000e+00 6.9000e+00 6.8659e-01 7.2000e+00 4.3000e+00 3.0000e-01 -99.9
'380_918' 20 01 1981 2.3100e+03 -3.2000e+00 2.6000e+00 5.1316e-01 3.1000e+00 0.0000e+00 2.0000e-01 -99.9
'380_918' 21 01 1981 2.5600e+03 -4.3000e+00 1.6000e+00 4.4757e-01 3.6000e+00 3.0000e-01 3.0000e-01 -99.9
'380_918' 22 01 1981 1.3700e+03 1.4000e+00 3.6000e+00 6.4884e-01 3.6000e+00 2.0000e-01 2.0000e-01 -99.9
'380_918' 23 01 1981 2.2800e+03 1.7000e+00 5.7000e+00 7.1682e-01 2.1000e+00 0.0000e+00 3.0000e-01 -99.9
'380_918' 24 01 1981 1.9100e+03 -1.0000e+00 4.2000e+00 5.7858e-01 4.1000e+00 2.0000e-01 2.0000e-01 -99.9
'380_918' 25 01 1981 2.5000e+03 2.4000e+00 6.6000e+00 7.5757e-01 4.6000e+00 0.0000e+00 3.0000e-01 -99.9
'380_918' 26 01 1981 5.0600e+03 1.6000e+00 6.4000e+00 7.1263e-01 2.1000e+00 1.6000e+00 6.0000e-01 -99.9
'380_918' 27 01 1981 1.3600e+03 3.7000e+00 5.8000e+00 8.3781e-01 4.1000e+00 1.0000e+00 2.0000e-01 -99.9
'380_918' 28 01 1981 1.4700e+03 1.1000e+00 6.3000e+00 7.6610e-01 1.0000e+00 0.0000e+00 2.0000e-01 -99.9
'380_918' 29 01 1981 2.3800e+03 -8.0000e-01 2.4000e+00 6.2984e-01 1.5000e+00 1.0000e-01 3.0000e-01 -99.9
'380_918' 30 01 1981 3.1200e+03 -3.0000e-01 4.5000e+00 6.6442e-01 1.5000e+00 0.0000e+00 3.0000e-01 -99.9
'380_918' 31 01 1981 7.1000e+03 -9.0000e-01 8.8000e+00 5.5503e-01 3.6000e+00 0.0000e+00 8.0000e-01 -99.9
'380_918' 01 02 1981 7.0900e+03 4.0000e-01 8.5000e+00 5.9426e-01 5.1000e+00 0.0000e+00 9.0000e-01 -99.9
'380_918' 02 02 1981 6.8800e+03 1.0000e-01 1.0700e+01 5.5794e-01 6.7000e+00 5.9000e+00 9.0000e-01 -99.9
'380_918' 03 02 1981 4.4000e+02 4.6000e+00 7.1000e+00 8.0203e-01 8.7000e+00 5.6000e+00 1.0000e-01 -99.9
'380_918' 04 02 1981 2.1400e+03 4.0000e-01 5.4000e+00 6.9519e-01 5.1000e+00 1.5000e+00 3.0000e-01 -99.9
'380_918' 05 02 1981 3.3000e+03 -3.0000e-01 3.8000e+00 6.3710e-01 5.1000e+00 1.9000e+00 4.0000e-01 -99.9
'380_918' 06 02 1981 1.5600e+03 3.3000e+00 8.6000e+00 8.5997e-01 6.2000e+00 1.1000e+00 2.0000e-01 -99.9
'380_918' 07 02 1981 1.7800e+03 7.8000e+00 1.0600e+01 1.0308e+00 7.7000e+00 0.0000e+00 3.0000e-01 -99.9
'380_918' 08 02 1981 1.0000e+03 7.7000e+00 8.8000e+00 9.8161e-01 7.7000e+00 7.0000e-01 1.0000e-01 -99.9
'380_918' 09 02 1981 1.8000e+03 4.6000e+00 8.2000e+00 7.9132e-01 4.1000e+00 2.0000e-01 2.0000e-01 -99.9
'380_918' 10 02 1981 2.8000e+03 3.0000e-01 5.6000e+00 6.6655e-01 7.2000e+00 2.6000e+00 3.0000e-01 -99.9
'380_918' 11 02 1981 4.5700e+03 -2.3000e+00 2.5000e+00 5.8093e-01 3.6000e+00 2.0000e-01 5.0000e-01 -99.9
'380_918' 12 02 1981 8.9100e+03 -4.5000e+00 3.1000e+00 4.6173e-01 2.1000e+00 0.0000e+00 9.0000e-01 -99.9
'380_918' 13 02 1981 1.0930e+04 -4.3000e+00 1.3000e+00 4.3842e-01 2.6000e+00 0.0000e+00 1.1000e+00 -99.9
'380_918' 14 02 1981 1.0610e+04 -5.5000e+00 2.6000e+00 4.1330e-01 1.5000e+00 0.0000e+00 1.0000e+00 -99.9
'380_918' 15 02 1981 1.7400e+03 -4.5000e+00 -1.3000e+00 4.3571e-01 1.0000e+00 0.0000e+00 2.0000e-01 -99.9
'380_918' 16 02 1981 1.0330e+04 -5.3000e+00 2.2000e+00 4.3400e-01 3.6000e+00 0.0000e+00 1.0000e+00 -99.9
'380_918' 17 02 1981 1.5900e+03 -2.5000e+00 1.5000e+00 5.4141e-01 2.6000e+00 2.7000e+00 2.0000e-01 -99.9
'380_918' 18 02 1981 3.8200e+03 -1.6000e+00 2.3000e+00 5.7641e-01 4.1000e+00 7.0000e-01 4.0000e-01 -99.9
'380_918' 19 02 1981 2.5400e+03 -1.9000e+00 1.0000e-01 5.0196e-01 5.1000e+00 2.0000e-01 3.0000e-01 -99.9
'380_918' 20 02 1981 4.9100e+03 -3.7000e+00 -4.0000e-01 4.9001e-01 4.1000e+00 0.0000e+00 5.0000e-01 -99.9
'380_918' 21 02 1981 6.1200e+03 -7.4000e+00 -1.9000e+00 3.9705e-01 2.1000e+00 0.0000e+00 5.0000e-01 -99.9
'380_918' 22 02 1981 1.1040e+04 -7.5000e+00 4.0000e-01 3.5830e-01 3.6000e+00 0.0000e+00 1.0000e+00 -99.9
'380_918' 23 02 1981 1.0370e+04 -8.0000e+00 6.0000e-01 3.5991e-01 3.1000e+00 0.0000e+00 1.0000e+00 -99.9
'380_918' 24 02 1981 7.3500e+03 -6.6000e+00 6.0000e-01 4.1418e-01 3.1000e+00 0.0000e+00 7.0000e-01 -99.9
'380_918' 25 02 1981 8.7400e+03 -4.9000e+00 1.5000e+00 4.7071e-01 3.1000e+00 0.0000e+00 9.0000e-01 -99.9
'380_918' 26 02 1981 1.1220e+04 -2.8000e+00 4.5000e+00 5.2528e-01 3.6000e+00 0.0000e+00 1.2000e+00 -99.9
'380_918' 27 02 1981 1.0960e+04 -4.1000e+00 6.1000e+00 3.6597e-01 5.1000e+00 0.0000e+00 1.2000e+00 -99.9
'380_918' 28 02 1981 3.0200e+03 5.0000e-01 5.6000e+00 5.4530e-01 6.2000e+00 7.8000e+00 4.0000e-01 -99.9
'380_918' 01 03 1981 8.6500e+03 3.7000e+00 9.0000e+00 7.8073e-01 5.1000e+00 5.0000e-01 1.1000e+00 -99.9
'380_918' 02 03 1981 3.8000e+03 5.4000e+00 8.4000e+00 8.6081e-01 5.1000e+00 1.5000e+00 5.0000e-01 -99.9
'380_918' 03 03 1981 3.6400e+03 1.9000e+00 7.8000e+00 7.9274e-01 3.6000e+00 5.0000e-01 5.0000e-01 -99.9
'380_918' 04 03 1981 2.3000e+03 -8.0000e-01 2.0000e+00 5.6476e-01 3.6000e+00 0.0000e+00 2.0000e-01 -99.9
'380_918' 05 03 1981 5.6000e+03 -4.0000e-01 4.8000e+00 5.7600e-01 3.6000e+00 0.0000e+00 6.0000e-01 -99.9
'380_918' 06 03 1981 2.9400e+03 6.0000e-01 9.0000e+00 7.1380e-01 5.1000e+00 7.0000e-01 4.0000e-01 -99.9
'380_918' 07 03 1981 3.7100e+03 7.9000e+00 1.3100e+01 1.0866e+00 8.7000e+00 2.1000e+00 6.0000e-01 -99.9
'380_918' 08 03 1981 3.1800e+03 1.1200e+01 1.4300e+01 1.2456e+00 9.3000e+00 4.5000e+00 5.0000e-01 -99.9
'380_918' 09 03 1981 1.7100e+03 1.1100e+01 1.2500e+01 1.3000e+00 8.7000e+00 1.9400e+01 3.0000e-01 -99.9
'380_918' 10 03 1981 2.1100e+03 1.1100e+01 1.5200e+01 1.3931e+00 7.2000e+00 1.7700e+01 3.0000e-01 -99.9
'380_918' 11 03 1981 3.4100e+03 1.1800e+01 1.6600e+01 1.1827e+00 1.1800e+01 9.0000e-01 6.0000e-01 -99.9
'380_918' 12 03 1981 5.3300e+03 8.5000e+00 1.2300e+01 1.0378e+00 6.2000e+00 1.2000e+00 8.0000e-01 -99.9
'380_918' 13 03 1981 7.1800e+03 6.8000e+00 1.1400e+01 9.5824e-01 6.7000e+00 1.2500e+01 1.0000e+00 -99.9
'380_918' 14 03 1981 2.9100e+03 3.6000e+00 9.1000e+00 7.9840e-01 8.7000e+00 1.0900e+01 4.0000e-01 -99.9
'380_918' 15 03 1981 1.3030e+04 2.7000e+00 1.0700e+01 7.5310e-01 4.1000e+00 3.0000e+00 1.7000e+00 -99.9
'380_918' 16 03 1981 6.3200e+03 2.6000e+00 8.3000e+00 7.6641e-01 3.1000e+00 7.0000e-01 8.0000e-01 -99.9
'380_918' 17 03 1981 8.3900e+03 -2.0000e-01 6.0000e+00 6.6673e-01 2.6000e+00 2.0000e-01 1.0000e+00 -99.9
'380_918' 18 03 1981 9.7900e+03 -4.0000e-01 6.2000e+00 5.8406e-01 5.7000e+00 2.0000e-01 1.2000e+00 -99.9
'380_918' 19 03 1981 5.9500e+03 5.2000e+00 8.2000e+00 6.9289e-01 9.3000e+00 0.0000e+00 8.0000e-01 -99.9
'380_918' 20 03 1981 1.5770e+04 4.9000e+00 1.4100e+01 7.3226e-01 6.2000e+00 0.0000e+00 2.2000e+00 -99.9
'380_918' 21 03 1981 1.4800e+04 7.1000e+00 1.7300e+01 8.4158e-01 8.2000e+00 0.0000e+00 2.3000e+00 -99.9
'380_918' 22 03 1981 1.0020e+04 3.6000e+00 1.5300e+01 7.8288e-01 9.8000e+00 1.1000e+00 1.5000e+00 -99.9
'380_918' 23 03 1981 3.9000e+03 2.1000e+00 1.2800e+01 8.2580e-01 6.7000e+00 6.4000e+00 5.0000e-01 -99.9
'380_918' 24 03 1981 3.8100e+03 9.8000e+00 1.2900e+01 1.0689e+00 8.7000e+00 7.3000e+00 6.0000e-01 -99.9
'380_918' 25 03 1981 1.3120e+04 1.2600e+01 2.0000e+01 1.3121e+00 6.7000e+00 3.1000e+00 2.2000e+00 -99.9
'380_918' 26 03 1981 1.1710e+04 6.9000e+00 1.6500e+01 1.0148e+00 6.2000e+00 2.1000e+00 1.8000e+00 -99.9
'380_918' 27 03 1981 1.7020e+04 4.7000e+00 1.7200e+01 7.1442e-01 4.1000e+00 0.0000e+00 2.5000e+00 -99.9
'380_918' 28 03 1981 1.2450e+04 6.1000e+00 1.7500e+01 7.6849e-01 3.1000e+00 1.0000e-01 2.0000e+00 -99.9
'380_918' 29 03 1981 1.3020e+04 9.6000e+00 1.8800e+01 1.1103e+00 2.6000e+00 0.0000e+00 2.1000e+00 -99.9
'380_918' 30 03 1981 4.3000e+03 8.6000e+00 1.4100e+01 1.1610e+00 2.1000e+00 1.1000e+00 7.0000e-01 -99.9
'380_918' 31 03 1981 3.0000e+03 8.6000e+00 1.2700e+01 1.1934e+00 2.1000e+00 1.0000e-01 4.0000e-01 -99.9
'380_918' 01 04 1981 2.5900e+03 8.5000e+00 1.0600e+01 1.0815e+00 3.1000e+00 0.0000e+00 4.0000e-01 -99.9
'380_918' 02 04 1981 1.4300e+03 7.4000e+00 9.8000e+00 1.0580e+00 2.6000e+00 0.0000e+00 2.0000e-01 -99.9
'380_918' 03 04 1981 1.1300e+03 8.4000e+00 1.0500e+01 1.1333e+00 3.6000e+00 0.0000e+00 2.0000e-01 -99.9
'380_918' 04 04 1981 3.1200e+03 4.6000e+00 8.8000e+00 8.4420e-01 4.1000e+00 1.0000e-01 4.0000e-01 -99.9
'380_918' 05 04 1981 3.7600e+03 4.2000e+00 7.4000e+00 7.9711e-01 2.6000e+00 2.0000e-01 5.0000e-01 -99.9
'380_918' 06 04 1981 8.2300e+03 4.2000e+00 1.1600e+01 8.2310e-01 3.1000e+00 0.0000e+00 1.1000e+00 -99.9
'380_918' 07 04 1981 7.2800e+03 4.8000e+00 1.4700e+01 9.6603e-01 1.5000e+00 2.1000e+00 1.1000e+00 -99.9
'380_918' 08 04 1981 1.1240e+04 8.8000e+00 1.6500e+01 1.1730e+00 2.1000e+00 0.0000e+00 1.8000e+00 -99.9
'380_918' 09 04 1981 1.7970e+04 6.1000e+00 1.8600e+01 9.4233e-01 2.1000e+00 0.0000e+00 2.8000e+00 -99.9
'380_918' 10 04 1981 1.9980e+04 7.0000e+00 2.0600e+01 8.9375e-01 4.1000e+00 0.0000e+00 3.3000e+00 -99.9
'380_918' 11 04 1981 1.2920e+04 1.0000e+01 2.1400e+01 1.1108e+00 3.1000e+00 0.0000e+00 2.2000e+00 -99.9
'380_918' 12 04 1981 1.3500e+04 1.0200e+01 1.8800e+01 1.2817e+00 3.1000e+00 6.0000e-01 2.2000e+00 -99.9
'380_918' 13 04 1981 5.9200e+03 7.3000e+00 1.4800e+01 1.0819e+00 3.6000e+00 0.0000e+00 9.0000e-01 -99.9
'380_918' 14 04 1981 1.9160e+04 4.9000e+00 1.9000e+01 7.7068e-01 4.6000e+00 0.0000e+00 2.9000e+00 -99.9
'380_918' 15 04 1981 2.1980e+04 4.3000e+00 1.9300e+01 7.1512e-01 4.6000e+00 0.0000e+00 3.4000e+00 -99.9
'380_918' 16 04 1981 1.7270e+04 4.3000e+00 1.5200e+01 7.0696e-01 5.1000e+00 0.0000e+00 2.4000e+00 -99.9
'380_918' 17 04 1981 2.3650e+04 1.1000e+00 1.0000e+01 4.8164e-01 6.2000e+00 0.0000e+00 3.0000e+00 -99.9
'380_918' 18 04 1981 2.3720e+04 -7.0000e-01 1.0100e+01 4.7410e-01 5.1000e+00 1.0000e-01 3.0000e+00 -99.9
'380_918' 19 04 1981 1.1630e+04 2.7000e+00 9.2000e+00 7.7943e-01 5.1000e+00 1.4000e+00 1.5000e+00 -99.9
'380_918' 20 04 1981 1.9700e+04 2.4000e+00 1.0600e+01 6.0217e-01 5.1000e+00 0.0000e+00 2.6000e+00 -99.9
'380_918' 21 04 1981 7.8300e+03 -5.0000e-01 7.6000e+00 5.5742e-01 3.6000e+00 0.0000e+00 1.0000e+00 -99.9
'380_918' 22 04 1981 1.2660e+04 2.6000e+00 9.3000e+00 5.8808e-01 3.6000e+00 1.0000e+00 1.6000e+00 -99.9
'380_918' 23 04 1981 1.5090e+04 -7.0000e-01 7.0000e+00 5.3671e-01 3.1000e+00 0.0000e+00 1.8000e+00 -99.9
'380_918' 24 04 1981 2.4010e+04 -2.2000e+00 1.0400e+01 3.9023e-01 4.6000e+00 0.0000e+00 3.1000e+00 -99.9
'380_918' 25 04 1981 1.3850e+04 1.1000e+00 1.5400e+01 5.2818e-01 4.1000e+00 0.0000e+00 2.0000e+00 -99.9
'380_918' 26 04 1981 4.8700e+03 1.8000e+00 1.0400e+01 7.7140e-01 4.1000e+00 2.3000e+00 6.0000e-01 -99.9
'380_918' 27 04 1981 1.0350e+04 2.1000e+00 1.4200e+01 7.5104e-01 6.2000e+00 0.0000e+00 1.4000e+00 -99.9
'380_918' 28 04 1981 7.2200e+03 1.3000e+00 7.2000e+00 6.9526e-01 4.6000e+00 2.0000e+00 9.0000e-01 -99.9
'380_918' 29 04 1981 5.6200e+03 4.8000e+00 1.0900e+01 9.6436e-01 4.6000e+00 0.0000e+00 8.0000e-01 -99.9
'380_918' 30 04 1981 2.1900e+03 8.8000e+00 1.0900e+01 1.1521e+00 5.7000e+00 1.0400e+01 3.0000e-01 -99.9
'380_918' 01 05 1981 1.2770e+04 1.5000e+00 9.6000e+00 6.6821e-01 4.6000e+00 0.0000e+00 1.7000e+00 -99.9
'380_918' 02 05 1981 1.6850e+04 1.0000e+00 9.4000e+00 5.9920e-01 3.6000e+00 0.0000e+00 2.1000e+00 -99.9
'380_918' 03 05 1981 1.6150e+04 -5.0000e-01 8.3000e+00 5.2864e-01 4.1000e+00 2.9000e+00 2.0000e+00 -99.9
'380_918' 04 05 1981 1.1450e+04 3.9000e+00 9.6000e+00 8.4854e-01 5.7000e+00 1.4000e+00 1.5000e+00 -99.9
'380_918' 05 05 1981 1.0520e+04 2.2000e+00 9.6000e+00 7.2554e-01 4.1000e+00 4.0000e+00 1.4000e+00 -99.9
'380_918' 06 05 1981 7.1100e+03 3.9000e+00 1.5100e+01 9.3389e-01 4.6000e+00 0.0000e+00 1.1000e+00 -99.9
'380_918' 07 05 1981 2.3170e+04 7.0000e+00 2.0800e+01 1.0109e+00 4.6000e+00 0.0000e+00 3.9000e+00 -99.9
'380_918' 08 05 1981 8.2200e+03 1.1100e+01 1.8200e+01 1.3120e+00 3.1000e+00 3.8000e+00 1.3000e+00 -99.9
'380_918' 09 05 1981 2.2480e+04 1.0000e+01 2.3000e+01 1.2138e+00 2.6000e+00 0.0000e+00 3.9000e+00 -99.9
'380_918' 10 05 1981 2.5650e+04 1.1100e+01 2.6500e+01 1.2246e+00 3.1000e+00 0.0000e+00 4.6000e+00 -99.9
'380_918' 11 05 1981 1.9740e+04 1.1800e+01 2.3600e+01 1.4455e+00 3.6000e+00 1.5000e+01 3.4000e+00 -99.9
'380_918' 12 05 1981 2.1190e+04 9.3000e+00 1.9700e+01 1.1483e+00 2.6000e+00 0.0000e+00 3.5000e+00 -99.9
'380_918' 13 05 1981 2.1640e+04 1.0800e+01 2.0400e+01 1.1440e+00 3.6000e+00 0.0000e+00 3.6000e+00 -99.9
'380_918' 14 05 1981 1.0490e+04 1.0800e+01 1.5400e+01 1.1764e+00 2.6000e+00 0.0000e+00 1.7000e+00 -99.9
'380_918' 15 05 1981 2.2660e+04 9.5000e+00 1.9000e+01 1.1258e+00 2.6000e+00 0.0000e+00 3.7000e+00 -99.9
'380_918' 16 05 1981 1.2520e+04 9.2000e+00 1.8400e+01 1.1266e+00 4.6000e+00 4.4000e+00 2.0000e+00 -99.9
'380_918' 17 05 1981 1.8770e+04 7.6000e+00 1.6200e+01 9.8637e-01 5.1000e+00 0.0000e+00 2.9000e+00 -99.9
'380_918' 18 05 1981 2.4320e+04 7.0000e+00 1.9900e+01 9.2437e-01 3.1000e+00 0.0000e+00 3.9000e+00 -99.9
'380_918' 19 05 1981 1.6300e+04 1.3000e+01 2.4700e+01 1.3553e+00 4.1000e+00 1.0000e-01 2.9000e+00 -99.9
'380_918' 20 05 1981 2.0890e+04 1.3600e+01 2.6800e+01 1.2101e+00 3.6000e+00 0.0000e+00 3.9000e+00 -99.9
'380_918' 21 05 1981 2.3520e+04 1.4900e+01 2.7500e+01 1.4380e+00 3.1000e+00 8.7000e+00 4.4000e+00 -99.9
'380_918' 22 05 1981 2.1900e+04 1.0700e+01 1.8500e+01 1.1715e+00 5.7000e+00 0.0000e+00 3.6000e+00 -99.9
'380_918' 23 05 1981 1.6170e+04 1.0200e+01 1.9800e+01 1.2620e+00 5.1000e+00 6.6000e+00 2.6000e+00 -99.9
'380_918' 24 05 1981 1.8680e+04 9.5000e+00 1.5200e+01 1.1544e+00 5.1000e+00 4.0000e+00 2.8000e+00 -99.9
'380_918' 25 05 1981 1.5130e+04 9.4000e+00 1.5200e+01 1.1218e+00 5.1000e+00 2.6000e+00 2.3000e+00 -99.9
'380_918' 26 05 1981 2.1000e+04 8.5000e+00 1.7300e+01 1.0662e+00 4.1000e+00 3.0000e-01 3.3000e+00 -99.9
'380_918' 27 05 1981 1.8870e+04 9.4000e+00 1.7100e+01 1.0881e+00 4.1000e+00 0.0000e+00 3.0000e+00 -99.9
'380_918' 28 05 1981 1.6460e+04 9.6000e+00 1.7400e+01 1.1350e+00 5.1000e+00 0.0000e+00 2.6000e+00 -99.9
'380_918' 29 05 1981 1.3380e+04 1.1000e+01 1.8400e+01 1.3778e+00 3.1000e+00 0.0000e+00 2.2000e+00 -99.9
'380_918' 30 05 1981 1.7490e+04 1.2100e+01 2.2200e+01 1.4608e+00 2.1000e+00 1.3500e+01 3.0000e+00 -99.9
'380_918' 31 05 1981 2.5010e+04 1.3100e+01 2.8100e+01 1.4902e+00 3.1000e+00 1.4000e+00 4.6000e+00 -99.9
'380_918' 01 06 1981 1.6720e+04 1.5500e+01 2.4400e+01 1.7882e+00 2.1000e+00 0.0000e+00 3.0000e+00 -99.9
'380_918' 02 06 1981 2.3970e+04 1.5300e+01 2.6500e+01 1.6208e+00 4.1000e+00 1.0000e+00 4.4000e+00 -99.9
'380_918' 03 06 1981 1.7210e+04 1.3400e+01 1.9700e+01 1.3447e+00 2.6000e+00 0.0000e+00 3.0000e+00 -99.9
'380_918' 04 06 1981 9.3400e+03 1.1400e+01 1.7900e+01 1.3019e+00 4.6000e+00 0.0000e+00 1.5000e+00 -99.9
'380_918' 05 06 1981 1.0160e+04 1.2800e+01 1.7700e+01 1.4190e+00 5.7000e+00 7.0000e+00 1.7000e+00 -99.9
'380_918' 06 06 1981 2.2150e+04 1.3200e+01 2.0900e+01 1.4484e+00 4.6000e+00 0.0000e+00 3.8000e+00 -99.9
'380_918' 07 06 1981 2.5370e+04 1.1300e+01 1.9700e+01 1.2013e+00 4.1000e+00 0.0000e+00 4.3000e+00 -99.9
'380_918' 08 06 1981 1.0870e+04 1.6500e+01 2.2300e+01 1.8146e+00 6.2000e+00 6.0000e-01 1.9000e+00 -99.9
'380_918' 09 06 1981 1.4160e+04 1.2900e+01 1.9100e+01 1.3346e+00 6.2000e+00 4.0000e-01 2.4000e+00 -99.9
'380_918' 10 06 1981 2.0070e+04 1.0400e+01 1.7800e+01 1.0132e+00 6.2000e+00 0.0000e+00 3.2000e+00 -99.9
'380_918' 11 06 1981 2.2210e+04 1.1000e+01 2.4300e+01 1.1737e+00 6.2000e+00 4.0000e-01 3.9000e+00 -99.9
'380_918' 12 06 1981 1.1050e+04 8.9000e+00 1.7500e+01 1.1333e+00 4.6000e+00 0.0000e+00 1.8000e+00 -99.9
'380_918' 13 06 1981 2.8650e+04 6.7000e+00 2.0700e+01 8.4030e-01 2.1000e+00 0.0000e+00 4.7000e+00 -99.9
'380_918' 14 06 1981 2.4270e+04 1.2900e+01 2.5500e+01 1.3699e+00 5.1000e+00 0.0000e+00 4.4000e+00 -99.9
'380_918' 15 06 1981 2.4460e+04 1.5100e+01 2.6500e+01 1.4233e+00 5.7000e+00 2.0000e-01 4.5000e+00 -99.9
'380_918' 16 06 1981 1.5690e+04 1.2000e+01 1.6800e+01 1.0686e+00 5.1000e+00 4.0000e-01 2.5000e+00 -99.9
'380_918' 17 06 1981 1.5480e+04 9.2000e+00 1.3900e+01 1.0884e+00 5.7000e+00 1.5000e+00 2.3000e+00 -99.9
'380_918' 18 06 1981 8.4500e+03 8.1000e+00 1.2500e+01 9.2867e-01 4.6000e+00 0.0000e+00 1.3000e+00 -99.9
'380_918' 19 06 1981 1.1090e+04 7.3000e+00 1.5600e+01 9.8603e-01 2.6000e+00 3.0000e-01 1.7000e+00 -99.9
'380_918' 20 06 1981 4.3000e+03 1.0400e+01 1.3200e+01 1.2402e+00 2.1000e+00 8.0000e-01 7.0000e-01 -99.9
'380_918' 21 06 1981 1.8960e+04 8.8000e+00 1.4600e+01 9.9722e-01 4.6000e+00 4.0000e-01 2.9000e+00 -99.9
'380_918' 22 06 1981 1.8020e+04 9.0000e+00 1.8700e+01 1.0492e+00 4.1000e+00 0.0000e+00 2.9000e+00 -99.9
'380_918' 23 06 1981 2.5390e+04 8.7000e+00 2.1100e+01 9.9371e-01 3.1000e+00 0.0000e+00 4.3000e+00 -99.9
'380_918' 24 06 1981 2.3450e+04 1.0500e+01 2.2400e+01 1.1761e+00 2.1000e+00 0.0000e+00 4.0000e+00 -99.9
'380_918' 25 06 1981 1.7380e+04 1.1200e+01 2.1300e+01 1.4309e+00 2.1000e+00 1.5600e+01 2.9000e+00 -99.9
'380_918' 26 06 1981 9.7300e+03 1.2800e+01 1.9100e+01 1.5953e+00 2.1000e+00 8.4000e+00 1.6000e+00 -99.9
'380_918' 27 06 1981 1.9140e+04 1.1700e+01 1.8500e+01 1.3708e+00 3.6000e+00 2.5000e+00 3.1000e+00 -99.9
'380_918' 28 06 1981 6.6500e+03 1.1800e+01 1.7000e+01 1.5023e+00 3.1000e+00 2.2000e+01 1.1000e+00 -99.9
'380_918' 29 06 1981 2.8400e+03 9.8000e+00 1.5400e+01 1.3177e+00 5.7000e+00 1.3600e+01 4.0000e-01 -99.9
'380_918' 30 06 1981 1.5480e+04 8.0000e+00 1.6900e+01 1.1027e+00 7.2000e+00 1.0000e-01 2.4000e+00 -99.9
'380_918' 01 07 1981 1.3270e+04 1.2800e+01 1.8100e+01 1.3304e+00 6.7000e+00 0.0000e+00 2.2000e+00 -99.9
'380_918' 02 07 1981 1.3740e+04 1.3800e+01 2.0500e+01 1.5267e+00 3.1000e+00 4.7000e+00 2.4000e+00 -99.9
'380_918' 03 07 1981 1.0470e+04 1.2100e+01 1.7900e+01 1.3886e+00 4.6000e+00 2.0000e+00 1.7000e+00 -99.9
'380_918' 04 07 1981 1.6860e+04 1.1200e+01 1.8700e+01 1.2345e+00 5.7000e+00 0.0000e+00 2.8000e+00 -99.9
'380_918' 05 07 1981 1.8850e+04 1.4400e+01 2.3300e+01 1.5436e+00 3.6000e+00 0.0000e+00 3.3000e+00 -99.9
'380_918' 06 07 1981 1.3480e+04 1.3800e+01 2.1200e+01 1.4749e+00 3.1000e+00 0.0000e+00 2.4000e+00 -99.9
'380_918' 07 07 1981 2.5340e+04 1.3800e+01 2.5300e+01 1.5262e+00 2.6000e+00 0.0000e+00 4.6000e+00 -99.9
'380_918' 08 07 1981 2.6930e+04 1.5800e+01 2.8100e+01 1.5858e+00 3.6000e+00 0.0000e+00 5.1000e+00 -99.9
'380_918' 09 07 1981 1.9380e+04 1.7400e+01 2.9400e+01 1.9013e+00 2.1000e+00 4.0000e+00 3.7000e+00 -99.9
'380_918' 10 07 1981 1.3130e+04 1.6900e+01 2.3700e+01 1.9993e+00 2.6000e+00 0.0000e+00 2.4000e+00 -99.9
'380_918' 11 07 1981 1.6980e+04 1.6900e+01 2.3700e+01 1.7901e+00 3.6000e+00 0.0000e+00 3.1000e+00 -99.9
'380_918' 12 07 1981 1.1640e+04 1.3700e+01 1.8900e+01 1.4606e+00 4.6000e+00 9.0000e-01 2.0000e+00 -99.9
'380_918' 13 07 1981 1.1860e+04 1.3400e+01 1.9700e+01 1.4920e+00 3.6000e+00 0.0000e+00 2.0000e+00 -99.9
'380_918' 14 07 1981 1.3700e+04 1.2800e+01 2.0200e+01 1.4019e+00 4.1000e+00 1.3000e+00 2.3000e+00 -99.9
'380_918' 15 07 1981 1.3500e+04 1.2800e+01 2.0200e+01 1.4383e+00 3.1000e+00 4.0000e-01 2.3000e+00 -99.9
'380_918' 16 07 1981 1.3050e+04 1.4700e+01 1.9600e+01 1.5445e+00 6.2000e+00 5.0000e-01 2.2000e+00 -99.9
'380_918' 17 07 1981 1.5990e+04 1.2100e+01 1.8600e+01 1.2601e+00 3.6000e+00 0.0000e+00 2.6000e+00 -99.9
'380_918' 18 07 1981 1.7600e+04 1.0600e+01 1.7800e+01 1.2102e+00 3.1000e+00 1.0000e+00 2.8000e+00 -99.9
'380_918' 19 07 1981 1.4830e+04 1.0500e+01 1.9800e+01 1.2129e+00 3.6000e+00 0.0000e+00 2.4000e+00 -99.9
'380_918' 20 07 1981 7.1900e+03 1.3500e+01 1.9100e+01 1.5845e+00 3.6000e+00 3.0000e-01 1.2000e+00 -99.9
'380_918' 21 07 1981 5.4200e+03 1.4800e+01 1.8600e+01 1.7354e+00 5.7000e+00 5.6000e+00 9.0000e-01 -99.9
'380_918' 22 07 1981 1.7230e+04 1.4700e+01 2.0900e+01 1.6166e+00 5.1000e+00 3.0000e-01 3.0000e+00 -99.9
'380_918' 23 07 1981 1.6230e+04 1.0800e+01 1.9300e+01 1.2641e+00 5.1000e+00 0.0000e+00 2.7000e+00 -99.9
'380_918' 24 07 1981 1.0970e+04 1.0800e+01 1.5200e+01 1.2737e+00 6.2000e+00 1.6500e+01 1.7000e+00 -99.9
'380_918' 25 07 1981 9.9200e+03 1.1600e+01 1.5900e+01 1.3695e+00 6.2000e+00 8.9000e+00 1.6000e+00 -99.9
'380_918' 26 07 1981 1.3480e+04 9.8000e+00 1.8500e+01 1.2824e+00 5.1000e+00 1.6000e+00 2.2000e+00 -99.9
'380_918' 27 07 1981 2.0300e+04 1.2300e+01 2.0700e+01 1.3896e+00 4.6000e+00 0.0000e+00 3.5000e+00 -99.9
'380_918' 28 07 1981 1.4870e+04 1.0300e+01 2.0800e+01 1.3612e+00 2.1000e+00 0.0000e+00 2.5000e+00 -99.9
'380_918' 29 07 1981 2.0060e+04 1.4000e+01 2.5000e+01 1.5942e+00 3.1000e+00 0.0000e+00 3.6000e+00 -99.9
'380_918' 30 07 1981 2.0360e+04 1.2800e+01 2.0000e+01 1.3046e+00 2.6000e+00 0.0000e+00 3.5000e+00 -99.9
'380_918' 31 07 1981 1.6760e+04 1.0000e+01 2.3900e+01 1.3899e+00 2.6000e+00 3.5000e+00 2.9000e+00 -99.9
'380_918' 01 08 1981 1.3090e+04 1.6800e+01 2.2500e+01 1.9117e+00 4.1000e+00 3.0000e-01 2.4000e+00 -99.9
'380_918' 02 08 1981 5.6700e+03 1.3700e+01 1.6900e+01 1.6251e+00 3.6000e+00 6.6000e+00 9.0000e-01 -99.9
'380_918' 03 08 1981 1.5840e+04 1.4900e+01 2.3900e+01 1.8985e+00 1.5000e+00 0.0000e+00 2.8000e+00 -99.9
'380_918' 04 08 1981 2.2390e+04 1.4600e+01 2.7300e+01 1.7788e+00 2.1000e+00 0.0000e+00 4.2000e+00 -99.9
'380_918' 05 08 1981 2.2590e+04 1.7800e+01 2.9600e+01 1.9411e+00 2.6000e+00 0.0000e+00 4.4000e+00 -99.9
'380_918' 06 08 1981 2.0420e+04 1.8700e+01 2.9900e+01 2.0271e+00 2.6000e+00 0.0000e+00 4.0000e+00 -99.9
'380_918' 07 08 1981 7.7400e+03 1.8300e+01 2.2200e+01 2.0028e+00 3.6000e+00 0.0000e+00 1.4000e+00 -99.9
'380_918' 08 08 1981 1.1270e+04 1.6900e+01 2.0900e+01 1.7107e+00 2.6000e+00 0.0000e+00 2.0000e+00 -99.9
'380_918' 09 08 1981 5.5800e+03 1.4600e+01 1.9100e+01 1.6514e+00 2.6000e+00 4.6000e+00 1.0000e+00 -99.9
'380_918' 10 08 1981 3.2700e+03 1.4400e+01 1.7100e+01 1.6934e+00 3.6000e+00 1.6000e+00 5.0000e-01 -99.9
'380_918' 11 08 1981 1.0060e+04 1.4700e+01 1.9900e+01 1.7124e+00 5.1000e+00 0.0000e+00 1.7000e+00 -99.9
'380_918' 12 08 1981 1.6890e+04 1.3600e+01 2.1900e+01 1.6239e+00 2.1000e+00 0.0000e+00 2.9000e+00 -99.9
'380_918' 13 08 1981 1.8240e+04 1.3200e+01 2.3800e+01 1.5433e+00 1.5000e+00 0.0000e+00 3.3000e+00 -99.9
'380_918' 14 08 1981 2.0520e+04 1.6100e+01 2.6000e+01 1.7542e+00 1.5000e+00 0.0000e+00 3.8000e+00 -99.9
'380_918' 15 08 1981 2.1000e+04 1.4800e+01 2.8100e+01 1.5641e+00 1.5000e+00 0.0000e+00 3.9000e+00 -99.9
'380_918' 16 08 1981 1.0320e+04 1.0600e+01 1.9100e+01 1.2478e+00 3.6000e+00 8.0000e-01 1.7000e+00 -99.9
'380_918' 17 08 1981 1.8700e+04 9.5000e+00 1.9100e+01 1.0819e+00 3.1000e+00 0.0000e+00 3.0000e+00 -99.9
'380_918' 18 08 1981 1.6380e+04 7.9000e+00 2.1200e+01 1.0634e+00 3.1000e+00 0.0000e+00 2.7000e+00 -99.9
'380_918' 19 08 1981 4.6300e+03 1.0700e+01 1.8200e+01 1.3703e+00 4.1000e+00 1.3500e+01 8.0000e-01 -99.9
'380_918' 20 08 1981 6.0200e+03 1.1100e+01 1.7700e+01 1.4079e+00 6.7000e+00 4.2000e+00 1.0000e+00 -99.9
'380_918' 21 08 1981 1.1240e+04 1.0600e+01 1.7500e+01 1.2481e+00 4.1000e+00 1.0000e-01 1.8000e+00 -99.9
'380_918' 22 08 1981 1.0160e+04 1.1600e+01 1.8300e+01 1.2758e+00 5.7000e+00 0.0000e+00 1.7000e+00 -99.9
'380_918' 23 08 1981 1.5940e+04 1.0000e+01 1.8500e+01 1.2155e+00 3.6000e+00 0.0000e+00 2.6000e+00 -99.9
'380_918' 24 08 1981 7.4500e+03 8.6000e+00 1.6800e+01 1.1996e+00 1.5000e+00 0.0000e+00 1.2000e+00 -99.9
'380_918' 25 08 1981 1.9770e+04 9.8000e+00 2.0900e+01 1.2525e+00 2.1000e+00 0.0000e+00 3.3000e+00 -99.9
'380_918' 26 08 1981 1.2890e+04 1.2700e+01 2.1900e+01 1.4702e+00 4.1000e+00 0.0000e+00 2.2000e+00 -99.9
'380_918' 27 08 1981 1.0860e+04 1.1500e+01 1.9300e+01 1.3523e+00 2.6000e+00 0.0000e+00 1.8000e+00 -99.9
'380_918' 28 08 1981 1.1270e+04 1.3400e+01 1.9700e+01 1.5104e+00 2.1000e+00 0.0000e+00 1.9000e+00 -99.9
'380_918' 29 08 1981 1.1230e+04 1.2200e+01 1.8700e+01 1.3711e+00 2.1000e+00 0.0000e+00 1.9000e+00 -99.9
'380_918' 30 08 1981 1.7260e+04 9.9000e+00 1.8700e+01 1.1535e+00 2.1000e+00 0.0000e+00 2.8000e+00 -99.9
'380_918' 31 08 1981 1.7640e+04 8.1000e+00 1.9100e+01 1.1033e+00 1.5000e+00 0.0000e+00 2.9000e+00 -99.9
'380_918' 01 09 1981 1.1470e+04 1.0800e+01 1.8100e+01 1.1971e+00 2.6000e+00 0.0000e+00 1.9000e+00 -99.9
'380_918' 02 09 1981 1.6220e+04 9.4000e+00 2.0700e+01 1.2092e+00 3.6000e+00 0.0000e+00 2.7000e+00 -99.9
'380_918' 03 09 1981 1.7310e+04 8.8000e+00 1.9900e+01 1.1121e+00 3.6000e+00 0.0000e+00 2.8000e+00 -99.9
'380_918' 04 09 1981 1.9460e+04 7.9000e+00 2.0600e+01 1.0517e+00 3.1000e+00 0.0000e+00 3.2000e+00 -99.9
'380_918' 05 09 1981 1.9340e+04 7.9000e+00 2.2200e+01 1.0063e+00 2.1000e+00 0.0000e+00 3.2000e+00 -99.9
'380_918' 06 09 1981 1.8430e+04 8.2000e+00 2.2900e+01 1.0648e+00 2.1000e+00 0.0000e+00 3.1000e+00 -99.9
'380_918' 07 09 1981 1.4400e+04 8.8000e+00 2.4900e+01 1.1333e+00 2.6000e+00 3.0000e-01 2.5000e+00 -99.9
'380_918' 08 09 1981 8.6500e+03 1.5900e+01 2.2300e+01 1.8387e+00 4.1000e+00 1.6000e+00 1.5000e+00 -99.9
'380_918' 09 09 1981 1.4010e+04 1.4300e+01 2.1500e+01 1.5950e+00 2.6000e+00 0.0000e+00 2.5000e+00 -99.9
'380_918' 10 09 1981 1.5140e+04 1.1600e+01 2.4000e+01 1.4997e+00 2.1000e+00 0.0000e+00 2.7000e+00 -99.9
'380_918' 11 09 1981 5.8400e+03 1.1900e+01 1.9800e+01 1.5648e+00 3.1000e+00 4.6000e+00 1.0000e+00 -99.9
'380_918' 12 09 1981 1.3310e+04 1.0100e+01 2.1300e+01 1.3297e+00 3.6000e+00 4.2000e+00 2.2000e+00 -99.9
'380_918' 13 09 1981 1.3500e+04 9.5000e+00 1.7200e+01 1.2285e+00 5.7000e+00 2.7000e+00 2.1000e+00 -99.9
'380_918' 14 09 1981 1.3810e+04 8.8000e+00 1.7700e+01 1.1626e+00 4.6000e+00 0.0000e+00 2.2000e+00 -99.9
'380_918' 15 09 1981 3.9400e+03 1.2200e+01 1.6800e+01 1.4846e+00 4.6000e+00 6.4000e+00 6.0000e-01 -99.9
'380_918' 16 09 1981 4.8600e+03 1.4500e+01 1.8200e+01 1.6241e+00 3.1000e+00 0.0000e+00 8.0000e-01 -99.9
'380_918' 17 09 1981 1.2580e+04 1.1200e+01 2.0400e+01 1.4034e+00 2.1000e+00 0.0000e+00 2.1000e+00 -99.9
'380_918' 18 09 1981 7.4700e+03 1.0100e+01 2.0800e+01 1.3985e+00 4.1000e+00 2.0000e+00 1.2000e+00 -99.9
'380_918' 19 09 1981 1.2320e+04 1.2200e+01 1.8800e+01 1.3401e+00 5.7000e+00 1.5000e+00 2.1000e+00 -99.9
'380_918' 20 09 1981 2.5400e+03 1.2900e+01 1.9800e+01 1.6113e+00 6.2000e+00 2.1500e+01 4.0000e-01 -99.9
'380_918' 21 09 1981 1.0960e+04 1.2100e+01 1.9100e+01 1.3963e+00 4.6000e+00 5.5000e+00 1.8000e+00 -99.9
'380_918' 22 09 1981 1.0440e+04 1.2100e+01 1.9000e+01 1.4789e+00 2.6000e+00 3.1000e+00 1.8000e+00 -99.9
'380_918' 23 09 1981 1.0800e+04 1.0700e+01 1.7000e+01 1.3150e+00 4.1000e+00 1.0000e+00 1.7000e+00 -99.9
'380_918' 24 09 1981 1.5070e+04 1.0400e+01 1.7400e+01 1.1269e+00 5.7000e+00 0.0000e+00 2.4000e+00 -99.9
'380_918' 25 09 1981 5.0000e+03 1.0000e+01 1.5600e+01 1.1755e+00 5.7000e+00 0.0000e+00 8.0000e-01 -99.9
'380_918' 26 09 1981 5.1600e+03 1.0300e+01 1.9400e+01 1.2564e+00 6.7000e+00 0.0000e+00 9.0000e-01 -99.9
'380_918' 27 09 1981 1.0530e+04 9.9000e+00 1.7800e+01 1.1908e+00 4.6000e+00 2.0000e-01 1.7000e+00 -99.9
'380_918' 28 09 1981 9.3100e+03 8.5000e+00 1.7100e+01 1.1462e+00 2.6000e+00 0.0000e+00 1.5000e+00 -99.9
'380_918' 29 09 1981 1.2390e+04 8.0000e+00 1.6800e+01 1.1139e+00 3.6000e+00 0.0000e+00 1.9000e+00 -99.9
'380_918' 30 09 1981 1.2770e+04 7.4000e+00 1.8300e+01 9.8193e-01 4.1000e+00 0.0000e+00 2.0000e+00 -99.9
'380_918' 01 10 1981 1.3860e+04 6.2000e+00 2.1600e+01 1.0542e+00 3.1000e+00 0.0000e+00 2.2000e+00 -99.9
'380_918' 02 10 1981 5.3700e+03 1.1900e+01 1.7000e+01 1.3783e+00 4.1000e+00 4.1000e+00 9.0000e-01 -99.9
'380_918' 03 10 1981 5.8500e+03 7.9000e+00 1.1900e+01 9.7844e-01 7.2000e+00 4.0000e-01 8.0000e-01 -99.9
'380_918' 04 10 1981 3.8800e+03 8.5000e+00 1.3800e+01 9.6465e-01 1.1300e+01 5.8000e+00 6.0000e-01 -99.9
'380_918' 05 10 1981 3.9800e+03 1.0100e+01 1.6200e+01 1.2875e+00 4.6000e+00 6.9000e+00 6.0000e-01 -99.9
'380_918' 06 10 1981 3.7900e+03 1.2400e+01 1.8400e+01 1.4916e+00 5.7000e+00 7.7000e+00 6.0000e-01 -99.9
'380_918' 07 10 1981 6.6400e+03 9.7000e+00 1.4800e+01 1.0952e+00 8.2000e+00 5.9000e+00 1.0000e+00 -99.9
'380_918' 08 10 1981 7.6000e+03 9.0000e+00 1.6200e+01 1.1460e+00 6.7000e+00 4.0000e-01 1.2000e+00 -99.9
'380_918' 09 10 1981 7.1400e+03 1.0200e+01 1.9500e+01 1.2377e+00 8.2000e+00 3.6000e+00 1.2000e+00 -99.9
'380_918' 10 10 1981 4.4100e+03 7.6000e+00 1.1800e+01 9.7627e-01 8.2000e+00 1.7300e+01 6.0000e-01 -99.9
'380_918' 11 10 1981 4.4300e+03 6.2000e+00 1.0900e+01 8.6767e-01 7.7000e+00 5.6000e+00 6.0000e-01 -99.9
'380_918' 12 10 1981 3.0000e+03 5.6000e+00 8.0000e+00 8.7643e-01 5.1000e+00 2.4000e+00 4.0000e-01 -99.9
'380_918' 13 10 1981 3.3500e+03 4.0000e+00 9.4000e+00 7.8968e-01 7.2000e+00 0.0000e+00 4.0000e-01 -99.9
'380_918' 14 10 1981 5.9500e+03 2.2000e+00 9.8000e+00 7.6520e-01 3.6000e+00 9.0000e-01 8.0000e-01 -99.9
'380_918' 15 10 1981 2.0000e+03 1.9000e+00 7.9000e+00 8.0335e-01 3.6000e+00 2.9000e+00 3.0000e-01 -99.9
'380_918' 16 10 1981 9.4400e+03 4.0000e-01 1.0400e+01 7.3036e-01 2.1000e+00 0.0000e+00 1.2000e+00 -99.9
'380_918' 17 10 1981 2.4100e+03 2.6000e+00 9.0000e+00 8.3482e-01 3.6000e+00 6.6000e+00 3.0000e-01 -99.9
'380_918' 18 10 1981 1.5800e+03 6.8000e+00 1.4400e+01 1.1721e+00 4.1000e+00 2.0000e-01 2.0000e-01 -99.9
'380_918' 19 10 1981 4.3900e+03 5.7000e+00 1.2800e+01 9.7299e-01 6.7000e+00 6.5000e+00 6.0000e-01 -99.9
'380_918' 20 10 1981 1.5600e+03 5.3000e+00 1.2600e+01 1.0291e+00 7.7000e+00 5.6000e+00 2.0000e-01 -99.9
'380_918' 21 10 1981 9.1500e+03 3.5000e+00 9.6000e+00 8.0585e-01 4.6000e+00 5.9000e+00 1.2000e+00 -99.9
'380_918' 22 10 1981 3.8200e+03 2.8000e+00 7.3000e+00 7.6006e-01 6.2000e+00 5.2000e+00 5.0000e-01 -99.9
'380_918' 23 10 1981 4.0900e+03 2.1000e+00 7.7000e+00 7.4649e-01 2.1000e+00 0.0000e+00 5.0000e-01 -99.9
'380_918' 24 10 1981 4.3900e+03 2.0000e+00 9.1000e+00 7.7140e-01 4.6000e+00 2.5000e+00 6.0000e-01 -99.9
'380_918' 25 10 1981 3.9500e+03 2.8000e+00 1.0200e+01 8.0322e-01 5.1000e+00 2.7000e+00 5.0000e-01 -99.9
'380_918' 26 10 1981 2.1800e+03 3.7000e+00 7.5000e+00 8.5598e-01 2.6000e+00 3.0000e-01 3.0000e-01 -99.9
'380_918' 27 10 1981 7.4600e+03 2.1000e+00 8.9000e+00 7.7959e-01 4.6000e+00 3.0000e-01 1.0000e+00 -99.9
'380_918' 28 10 1981 6.5400e+03 4.6000e+00 1.0200e+01 8.3763e-01 6.7000e+00 8.3000e+00 9.0000e-01 -99.9
'380_918' 29 10 1981 1.5100e+03 7.8000e+00 1.1100e+01 1.0464e+00 7.7000e+00 7.6000e+00 2.0000e-01 -99.9
'380_918' 30 10 1981 6.1600e+03 8.0000e+00 1.1400e+01 1.0159e+00 6.7000e+00 1.5000e+00 9.0000e-01 -99.9
'380_918' 31 10 1981 1.7600e+03 7.5000e+00 1.5400e+01 1.0811e+00 7.2000e+00 0.0000e+00 3.0000e-01 -99.9
'380_918' 01 11 1981 1.0000e+03 6.9000e+00 1.4000e+01 1.1779e+00 6.2000e+00 3.0000e-01 2.0000e-01 -99.9
'380_918' 02 11 1981 8.5000e+02 1.2100e+01 1.3600e+01 1.3631e+00 7.2000e+00 3.2000e+00 1.0000e-01 -99.9
'380_918' 03 11 1981 2.2300e+03 9.7000e+00 1.3700e+01 1.1851e+00 3.6000e+00 0.0000e+00 3.0000e-01 -99.9
'380_918' 04 11 1981 9.7000e+02 7.2000e+00 1.1400e+01 1.0546e+00 4.6000e+00 1.5000e+00 1.0000e-01 -99.9
'380_918' 05 11 1981 4.2800e+03 3.5000e+00 9.9000e+00 8.4094e-01 3.1000e+00 2.0000e-01 6.0000e-01 -99.9
'380_918' 06 11 1981 6.8800e+03 3.7000e+00 9.6000e+00 7.2667e-01 3.1000e+00 0.0000e+00 9.0000e-01 -99.9
'380_918' 07 11 1981 6.1000e+03 -9.0000e-01 7.3000e+00 5.5772e-01 3.1000e+00 0.0000e+00 7.0000e-01 -99.9
'380_918' 08 11 1981 8.0700e+03 -2.6000e+00 4.2000e+00 5.1976e-01 1.5000e+00 0.0000e+00 9.0000e-01 -99.9
'380_918' 09 11 1981 1.4700e+03 -3.9000e+00 1.0000e+00 5.1263e-01 1.5000e+00 0.0000e+00 1.0000e-01 -99.9
'380_918' 10 11 1981 5.9100e+03 -3.6000e+00 3.4000e+00 4.7983e-01 4.1000e+00 4.1000e+00 6.0000e-01 -99.9
'380_918' 11 11 1981 1.8800e+03 1.0000e+00 5.3000e+00 5.8233e-01 7.2000e+00 3.4000e+00 2.0000e-01 -99.9
'380_918' 12 11 1981 1.4400e+03 4.7000e+00 9.8000e+00 9.6223e-01 3.6000e+00 3.1000e+00 2.0000e-01 -99.9
'380_918' 13 11 1981 3.9900e+03 4.8000e+00 8.5000e+00 8.2410e-01 5.7000e+00 4.1000e+00 5.0000e-01 -99.9
'380_918' 14 11 1981 4.3200e+03 3.3000e+00 8.1000e+00 7.4875e-01 3.6000e+00 0.0000e+00 6.0000e-01 -99.9
'380_918' 15 11 1981 5.4900e+03 -1.6000e+00 6.4000e+00 6.2497e-01 2.1000e+00 0.0000e+00 6.0000e-01 -99.9
'380_918' 16 11 1981 3.5400e+03 -2.4000e+00 5.6000e+00 4.6533e-01 3.1000e+00 0.0000e+00 4.0000e-01 -99.9
'380_918' 17 11 1981 2.4100e+03 9.0000e-01 7.6000e+00 5.6204e-01 6.2000e+00 5.0000e-01 3.0000e-01 -99.9
'380_918' 18 11 1981 2.3600e+03 6.7000e+00 1.1600e+01 9.9404e-01 8.2000e+00 1.0500e+01 3.0000e-01 -99.9
'380_918' 19 11 1981 3.4100e+03 4.8000e+00 1.1800e+01 9.8708e-01 4.1000e+00 0.0000e+00 5.0000e-01 -99.9
'380_918' 20 11 1981 2.7600e+03 1.0400e+01 1.6000e+01 1.1174e+00 1.0300e+01 3.2000e+00 4.0000e-01 -99.9
'380_918' 21 11 1981 5.1000e+02 7.7000e+00 1.4000e+01 1.1925e+00 6.7000e+00 3.0000e+00 1.0000e-01 -99.9
'380_918' 22 11 1981 1.2800e+03 1.1300e+01 1.3400e+01 1.2601e+00 7.7000e+00 0.0000e+00 2.0000e-01 -99.9
'380_918' 23 11 1981 4.0300e+03 5.0000e+00 1.4500e+01 9.1354e-01 8.2000e+00 1.7000e+00 6.0000e-01 -99.9
'380_918' 24 11 1981 4.0700e+03 2.4000e+00 6.7000e+00 6.0116e-01 7.7000e+00 1.6000e+00 5.0000e-01 -99.9
'380_918' 25 11 1981 2.4700e+03 1.4000e+00 4.4000e+00 6.2076e-01 6.7000e+00 1.1000e+00 3.0000e-01 -99.9
'380_918' 26 11 1981 1.4200e+03 2.1000e+00 7.4000e+00 7.6554e-01 8.7000e+00 1.6000e+00 2.0000e-01 -99.9
'380_918' 27 11 1981 4.1000e+02 5.1000e+00 7.7000e+00 8.6159e-01 8.7000e+00 1.0000e+01 1.0000e-01 -99.9
'380_918' 28 11 1981 1.7500e+03 1.6000e+00 5.5000e+00 7.1744e-01 6.2000e+00 7.6000e+00 2.0000e-01 -99.9
'380_918' 29 11 1981 1.5900e+03 2.6000e+00 5.9000e+00 7.6425e-01 5.1000e+00 5.0000e+00 2.0000e-01 -99.9
'380_918' 30 11 1981 3.8000e+02 9.0000e-01 8.5000e+00 7.8061e-01 7.2000e+00 1.4700e+01 0.0000e+00 -99.9
'380_918' 01 12 1981 1.6000e+03 9.0000e-01 5.4000e+00 6.4960e-01 5.1000e+00 2.0000e-01 2.0000e-01 -99.9
'380_918' 02 12 1981 3.8200e+03 -1.0000e+00 7.4000e+00 6.4431e-01 2.6000e+00 0.0000e+00 5.0000e-01 -99.9
'380_918' 03 12 1981 2.9200e+03 -1.1000e+00 5.0000e+00 6.4389e-01 4.6000e+00 1.1000e+00 3.0000e-01 -99.9
'380_918' 04 12 1981 3.0000e+02 2.5000e+00 7.4000e+00 7.9561e-01 7.2000e+00 1.1800e+01 0.0000e+00 -99.9
'380_918' 05 12 1981 1.1700e+03 5.0000e-01 3.3000e+00 6.5510e-01 4.6000e+00 1.5000e+00 1.0000e-01 -99.9
'380_918' 06 12 1981 7.1000e+02 1.6000e+00 3.6000e+00 6.9060e-01 5.7000e+00 3.4000e+00 1.0000e-01 -99.9
'380_918' 07 12 1981 2.2800e+03 1.7000e+00 4.9000e+00 7.1497e-01 5.7000e+00 7.8000e+00 3.0000e-01 -99.9
'380_918' 08 12 1981 4.3000e+02 1.0000e-01 6.3000e+00 7.2608e-01 4.1000e+00 1.9800e+01 0.0000e+00 -99.9
'380_918' 09 12 1981 2.2800e+03 -1.3000e+00 1.1000e+00 5.4963e-01 5.7000e+00 0.0000e+00 2.0000e-01 -99.9
'380_918' 10 12 1981 3.6200e+03 -6.0000e-01 6.0000e-01 5.7373e-01 4.1000e+00 7.0000e-01 4.0000e-01 -99.9
'380_918' 11 12 1981 8.3000e+02 -7.0000e-01 1.1000e+00 5.9992e-01 3.1000e+00 5.3000e+00 1.0000e-01 -99.9
'380_918' 12 12 1981 1.4400e+03 -4.5000e+00 -4.0000e-01 4.8358e-01 2.1000e+00 0.0000e+00 1.0000e-01 -99.9
'380_918' 13 12 1981 2.1900e+03 -5.4000e+00 0.0000e+00 3.7713e-01 5.7000e+00 1.1700e+01 2.0000e-01 -99.9
'380_918' 14 12 1981 8.8000e+02 -2.7000e+00 4.5000e+00 5.2146e-01 1.0300e+01 2.1000e+00 1.0000e-01 -99.9
'380_918' 15 12 1981 1.8400e+03 -5.6000e+00 3.5000e+00 4.9497e-01 4.1000e+00 0.0000e+00 2.0000e-01 -99.9
'380_918' 16 12 1981 4.2300e+03 -8.4000e+00 -2.3000e+00 3.4643e-01 4.1000e+00 0.0000e+00 4.0000e-01 -99.9
'380_918' 17 12 1981 3.2300e+03 -1.0100e+01 -4.3000e+00 3.1846e-01 3.6000e+00 0.0000e+00 3.0000e-01 -99.9
'380_918' 18 12 1981 8.4000e+02 -8.6000e+00 -4.3000e+00 3.4545e-01 4.6000e+00 0.0000e+00 1.0000e-01 -99.9
'380_918' 19 12 1981 2.3200e+03 -8.6000e+00 -8.0000e-01 3.9438e-01 3.6000e+00 0.0000e+00 2.0000e-01 -99.9
'380_918' 20 12 1981 3.0700e+03 -5.5000e+00 -6.0000e-01 3.9277e-01 3.6000e+00 0.0000e+00 3.0000e-01 -99.9
'380_918' 21 12 1981 1.5400e+03 -3.7000e+00 2.3000e+00 5.0308e-01 4.1000e+00 2.7000e+00 2.0000e-01 -99.9
'380_918' 22 12 1981 1.8400e+03 1.9000e+00 3.7000e+00 7.2325e-01 3.1000e+00 3.0000e-01 2.0000e-01 -99.9
'380_918' 23 12 1981 8.6000e+02 5.0000e-01 2.4000e+00 6.7003e-01 1.5000e+00 0.0000e+00 1.0000e-01 -99.9
'380_918' 24 12 1981 1.0900e+03 -5.0000e-01 2.0000e+00 6.2939e-01 4.1000e+00 2.0000e-01 1.0000e-01 -99.9
'380_918' 25 12 1981 1.0700e+03 -3.0000e-01 2.1000e+00 6.2999e-01 4.6000e+00 1.0000e+00 1.0000e-01 -99.9
'380_918' 26 12 1981 2.1000e+03 -3.4000e+00 1.1000e+00 5.2005e-01 2.6000e+00 0.0000e+00 2.0000e-01 -99.9
'380_918' 27 12 1981 1.9000e+03 -3.4000e+00 4.0000e-01 4.6569e-01 3.1000e+00 0.0000e+00 2.0000e-01 -99.9
'380_918' 28 12 1981 2.6500e+03 -5.0000e-01 4.5000e+00 6.3795e-01 2.6000e+00 2.2000e+00 3.0000e-01 -99.9
'380_918' 29 12 1981 1.3400e+03 1.3000e+00 7.6000e+00 7.0281e-01 6.7000e+00 2.6000e+00 2.0000e-01 -99.9
'380_918' 30 12 1981 2.4900e+03 5.5000e+00 9.8000e+00 7.8681e-01 7.2000e+00 8.4000e+00 3.0000e-01 -99.9
'380_918' 31 12 1981 2.3300e+03 6.6000e+00 1.0000e+01 9.8927e-01 7.2000e+00 0.0000e+00 3.0000e-01 -99.9
