* Source of data    : Royal Netherlands Meterological Institute (www.knmi.nl) stations 370 and 918
* File content      : Input file for Swap 3.2 (www.swap.alterra.nl) 
* File generated by : Alterra - Wageningen-UR (www.alterra.wur.nl) 
* File generated at : 2015-02-19 20:52:54
station DD MM YYYY Rad Tmin Tmax Hum Wind Rain ETref Wet
'380_918' 01 01 1976 2.0700e+03 3.8000e+00 9.4000e+00 8.6906e-01 6.2000e+00 1.2500e+01 3.0000e-01 -99.9
'380_918' 02 01 1976 1.6600e+03 4.1000e+00 1.1000e+01 8.7784e-01 9.8000e+00 8.0000e-01 2.0000e-01 -99.9
'380_918' 03 01 1976 2.3900e+03 1.6000e+00 1.1400e+01 6.0924e-01 1.2900e+01 1.6000e+00 3.0000e-01 -99.9
'380_918' 04 01 1976 2.8000e+03 9.0000e-01 4.8000e+00 5.9360e-01 4.6000e+00 7.0000e-01 3.0000e-01 -99.9
'380_918' 05 01 1976 3.3000e+02 1.5000e+00 9.2000e+00 7.9055e-01 8.7000e+00 1.2000e+01 0.0000e+00 -99.9
'380_918' 06 01 1976 9.7000e+02 6.0000e+00 8.9000e+00 9.5596e-01 5.1000e+00 1.0000e-01 1.0000e-01 -99.9
'380_918' 07 01 1976 9.9000e+02 7.0000e+00 9.2000e+00 9.4782e-01 6.7000e+00 0.0000e+00 1.0000e-01 -99.9
'380_918' 08 01 1976 7.4000e+02 5.1000e+00 7.7000e+00 7.8501e-01 7.7000e+00 0.0000e+00 1.0000e-01 -99.9
'380_918' 09 01 1976 1.3300e+03 4.6000e+00 6.4000e+00 7.5730e-01 7.2000e+00 3.8000e+00 2.0000e-01 -99.9
'380_918' 10 01 1976 5.2000e+02 3.8000e+00 9.2000e+00 9.0230e-01 8.2000e+00 2.5000e+00 1.0000e-01 -99.9
'380_918' 11 01 1976 3.8000e+02 9.0000e+00 1.1100e+01 1.1185e+00 6.7000e+00 0.0000e+00 1.0000e-01 -99.9
'380_918' 12 01 1976 9.7000e+02 7.6000e+00 9.7000e+00 9.7300e-01 6.7000e+00 7.0000e-01 1.0000e-01 -99.9
'380_918' 13 01 1976 3.4000e+02 6.9000e+00 8.9000e+00 1.0099e+00 5.1000e+00 2.4000e+00 0.0000e+00 -99.9
'380_918' 14 01 1976 6.1000e+02 5.9000e+00 8.1000e+00 8.8911e-01 7.2000e+00 2.5000e+00 1.0000e-01 -99.9
'380_918' 15 01 1976 3.0300e+03 4.4000e+00 7.0000e+00 7.5697e-01 5.1000e+00 1.7000e+00 4.0000e-01 -99.9
'380_918' 16 01 1976 5.7000e+02 5.3000e+00 6.9000e+00 9.0269e-01 4.1000e+00 5.0000e-01 1.0000e-01 -99.9
'380_918' 17 01 1976 2.7500e+03 2.6000e+00 6.6000e+00 7.3019e-01 3.1000e+00 0.0000e+00 3.0000e-01 -99.9
'380_918' 18 01 1976 2.3500e+03 1.2000e+00 5.2000e+00 6.5385e-01 4.6000e+00 2.0000e-01 3.0000e-01 -99.9
'380_918' 19 01 1976 3.4400e+03 2.1000e+00 6.8000e+00 7.0300e-01 7.7000e+00 1.9000e+00 4.0000e-01 -99.9
'380_918' 20 01 1976 4.0000e+02 5.5000e+00 9.1000e+00 8.6222e-01 1.2300e+01 1.0800e+01 1.0000e-01 -99.9
'380_918' 21 01 1976 1.0400e+03 4.3000e+00 7.5000e+00 6.2737e-01 9.8000e+00 2.6000e+00 1.0000e-01 -99.9
'380_918' 22 01 1976 5.5000e+02 3.8000e+00 9.2000e+00 8.3582e-01 8.2000e+00 2.0000e+00 1.0000e-01 -99.9
'380_918' 23 01 1976 2.6500e+03 7.0000e-01 1.0100e+01 6.7674e-01 7.7000e+00 1.5000e+00 3.0000e-01 -99.9
'380_918' 24 01 1976 3.1000e+03 -1.0000e+00 2.4000e+00 5.9920e-01 4.6000e+00 3.2000e+00 3.0000e-01 -99.9
'380_918' 25 01 1976 2.4400e+03 -9.0000e-01 1.9000e+00 5.9217e-01 3.6000e+00 1.0000e+00 3.0000e-01 -99.9
'380_918' 26 01 1976 2.2000e+03 -5.1000e+00 -1.0000e-01 4.6037e-01 4.1000e+00 8.0000e+00 2.0000e-01 -99.9
'380_918' 27 01 1976 1.2000e+03 -7.5000e+00 0.0000e+00 4.2106e-01 6.7000e+00 0.0000e+00 1.0000e-01 -99.9
'380_918' 28 01 1976 8.1000e+03 -1.1200e+01 -2.5000e+00 3.0598e-01 2.6000e+00 0.0000e+00 6.0000e-01 -99.9
'380_918' 29 01 1976 9.7300e+03 -1.4600e+01 -4.0000e+00 1.9785e-01 4.6000e+00 0.0000e+00 7.0000e-01 -99.9
'380_918' 30 01 1976 7.0100e+03 -1.0400e+01 -4.5000e+00 2.4079e-01 8.7000e+00 0.0000e+00 5.0000e-01 -99.9
'380_918' 31 01 1976 3.6900e+03 -7.6000e+00 -4.0000e+00 2.9811e-01 6.7000e+00 0.0000e+00 3.0000e-01 -99.9
'380_918' 01 02 1976 2.5200e+03 -6.9000e+00 -2.3000e+00 3.8008e-01 3.6000e+00 0.0000e+00 2.0000e-01 -99.9
'380_918' 02 02 1976 3.2800e+03 -8.5000e+00 -2.2000e+00 3.6165e-01 3.6000e+00 0.0000e+00 3.0000e-01 -99.9
'380_918' 03 02 1976 3.9800e+03 -5.2000e+00 5.0000e-01 4.3629e-01 1.5000e+00 0.0000e+00 4.0000e-01 -99.9
'380_918' 04 02 1976 5.9700e+03 -7.6000e+00 7.0000e-01 4.1763e-01 3.1000e+00 0.0000e+00 6.0000e-01 -99.9
'380_918' 05 02 1976 6.2100e+03 -1.2000e+00 1.6000e+00 5.4242e-01 6.7000e+00 0.0000e+00 7.0000e-01 -99.9
'380_918' 06 02 1976 7.4900e+03 -1.7000e+00 3.6000e+00 5.3235e-01 4.1000e+00 0.0000e+00 8.0000e-01 -99.9
'380_918' 07 02 1976 1.5300e+03 -1.7000e+00 2.6000e+00 5.2318e-01 1.5000e+00 0.0000e+00 2.0000e-01 -99.9
'380_918' 08 02 1976 2.2200e+03 -9.0000e-01 4.0000e+00 6.3149e-01 3.1000e+00 0.0000e+00 3.0000e-01 -99.9
'380_918' 09 02 1976 1.6400e+03 2.6000e+00 4.6000e+00 7.5716e-01 4.1000e+00 7.0000e-01 2.0000e-01 -99.9
'380_918' 10 02 1976 8.5000e+02 6.0000e-01 4.7000e+00 7.0145e-01 6.2000e+00 2.7000e+00 1.0000e-01 -99.9
'380_918' 11 02 1976 3.1800e+03 -4.0000e-01 4.6000e+00 6.1461e-01 6.2000e+00 4.5000e+00 4.0000e-01 -99.9
'380_918' 12 02 1976 2.1100e+03 4.0000e-01 3.8000e+00 6.3460e-01 8.2000e+00 1.0700e+01 2.0000e-01 -99.9
'380_918' 13 02 1976 7.7000e+02 1.0000e-01 5.2000e+00 7.0419e-01 6.2000e+00 2.0000e+00 1.0000e-01 -99.9
'380_918' 14 02 1976 3.0000e+03 -1.4000e+00 4.0000e-01 4.8779e-01 7.2000e+00 0.0000e+00 3.0000e-01 -99.9
'380_918' 15 02 1976 6.2500e+03 -3.0000e+00 -9.0000e-01 4.1165e-01 4.6000e+00 0.0000e+00 6.0000e-01 -99.9
'380_918' 16 02 1976 2.5100e+03 -1.3000e+00 9.0000e-01 5.1001e-01 5.7000e+00 0.0000e+00 3.0000e-01 -99.9
'380_918' 17 02 1976 1.3200e+03 -5.0000e-01 3.0000e+00 6.0331e-01 3.6000e+00 0.0000e+00 1.0000e-01 -99.9
'380_918' 18 02 1976 7.4800e+03 -2.5000e+00 9.0000e+00 6.0610e-01 2.1000e+00 0.0000e+00 9.0000e-01 -99.9
'380_918' 19 02 1976 8.4000e+03 2.4000e+00 1.2200e+01 7.1147e-01 4.1000e+00 0.0000e+00 1.1000e+00 -99.9
'380_918' 20 02 1976 7.2700e+03 2.6000e+00 1.2200e+01 7.4732e-01 3.1000e+00 1.2000e+00 1.0000e+00 -99.9
'380_918' 21 02 1976 4.1400e+03 4.8000e+00 1.0800e+01 8.6873e-01 3.6000e+00 0.0000e+00 6.0000e-01 -99.9
'380_918' 22 02 1976 7.8900e+03 4.1000e+00 1.2100e+01 7.6737e-01 2.6000e+00 0.0000e+00 1.1000e+00 -99.9
'380_918' 23 02 1976 8.5800e+03 1.0000e+00 1.3800e+01 7.7931e-01 2.1000e+00 0.0000e+00 1.2000e+00 -99.9
'380_918' 24 02 1976 2.2400e+03 3.9000e+00 9.9000e+00 9.2347e-01 5.1000e+00 0.0000e+00 3.0000e-01 -99.9
'380_918' 25 02 1976 5.2100e+03 6.8000e+00 1.0300e+01 9.9473e-01 5.7000e+00 0.0000e+00 7.0000e-01 -99.9
'380_918' 26 02 1976 8.0100e+03 5.6000e+00 1.0700e+01 8.4222e-01 4.6000e+00 0.0000e+00 1.1000e+00 -99.9
'380_918' 27 02 1976 4.1100e+03 2.7000e+00 9.8000e+00 8.1004e-01 2.6000e+00 0.0000e+00 5.0000e-01 -99.9
'380_918' 28 02 1976 1.1260e+04 1.0000e-01 1.4300e+01 6.9702e-01 3.1000e+00 0.0000e+00 1.5000e+00 -99.9
'380_918' 29 02 1976 1.0800e+04 3.9000e+00 1.4300e+01 8.1029e-01 6.7000e+00 2.5000e+00 1.6000e+00 -99.9
'380_918' 01 03 1976 1.0950e+04 1.6000e+00 1.1300e+01 6.9860e-01 3.6000e+00 0.0000e+00 1.4000e+00 -99.9
'380_918' 02 03 1976 1.2020e+04 -2.4000e+00 9.4000e+00 6.0713e-01 2.1000e+00 0.0000e+00 1.4000e+00 -99.9
'380_918' 03 03 1976 1.3490e+04 -1.0000e+00 1.0100e+01 5.3709e-01 4.6000e+00 0.0000e+00 1.7000e+00 -99.9
'380_918' 04 03 1976 1.3190e+04 -7.0000e-01 9.9000e+00 4.3273e-01 5.1000e+00 0.0000e+00 1.6000e+00 -99.9
'380_918' 05 03 1976 1.2860e+04 -2.6000e+00 3.8000e+00 3.9648e-01 6.2000e+00 0.0000e+00 1.4000e+00 -99.9
'380_918' 06 03 1976 1.1900e+04 -3.8000e+00 2.5000e+00 3.9041e-01 5.7000e+00 0.0000e+00 1.2000e+00 -99.9
'380_918' 07 03 1976 9.4300e+03 -4.5000e+00 1.1000e+00 4.0563e-01 4.1000e+00 0.0000e+00 9.0000e-01 -99.9
'380_918' 08 03 1976 9.2900e+03 -6.6000e+00 2.0000e-01 3.5386e-01 2.1000e+00 0.0000e+00 9.0000e-01 -99.9
'380_918' 09 03 1976 8.6100e+03 -7.2000e+00 1.9000e+00 3.8239e-01 2.1000e+00 0.0000e+00 8.0000e-01 -99.9
'380_918' 10 03 1976 1.1870e+04 -5.8000e+00 4.4000e+00 3.7656e-01 2.6000e+00 0.0000e+00 1.2000e+00 -99.9
'380_918' 11 03 1976 8.4300e+03 -2.5000e+00 7.4000e+00 3.5400e-01 3.6000e+00 0.0000e+00 1.0000e+00 -99.9
'380_918' 12 03 1976 5.5500e+03 0.0000e+00 9.0000e+00 5.3442e-01 4.6000e+00 4.2000e+00 7.0000e-01 -99.9
'380_918' 13 03 1976 1.2410e+04 2.0000e+00 1.0900e+01 6.4123e-01 4.6000e+00 0.0000e+00 1.6000e+00 -99.9
'380_918' 14 03 1976 1.3520e+04 -8.0000e-01 1.2200e+01 5.7411e-01 1.5000e+00 2.0000e-01 1.7000e+00 -99.9
'380_918' 15 03 1976 6.2300e+03 1.0000e-01 9.3000e+00 6.8601e-01 2.6000e+00 4.1000e+00 8.0000e-01 -99.9
'380_918' 16 03 1976 5.8800e+03 2.4000e+00 9.4000e+00 8.0923e-01 2.1000e+00 4.0000e-01 8.0000e-01 -99.9
'380_918' 17 03 1976 7.2600e+03 2.4000e+00 1.0400e+01 8.0208e-01 2.1000e+00 5.2000e+00 1.0000e+00 -99.9
'380_918' 18 03 1976 5.4800e+03 3.6000e+00 8.6000e+00 8.7077e-01 3.1000e+00 0.0000e+00 7.0000e-01 -99.9
'380_918' 19 03 1976 5.0700e+03 -8.0000e-01 4.8000e+00 5.4534e-01 3.6000e+00 0.0000e+00 6.0000e-01 -99.9
'380_918' 20 03 1976 1.6190e+04 -3.2000e+00 7.3000e+00 4.1312e-01 4.1000e+00 0.0000e+00 1.8000e+00 -99.9
'380_918' 21 03 1976 1.6920e+04 -3.9000e+00 5.6000e+00 3.4112e-01 5.7000e+00 0.0000e+00 1.9000e+00 -99.9
'380_918' 22 03 1976 1.6560e+04 -4.4000e+00 4.2000e+00 3.2758e-01 7.2000e+00 0.0000e+00 1.7000e+00 -99.9
'380_918' 23 03 1976 1.5880e+04 -3.7000e+00 6.8000e+00 4.2362e-01 4.6000e+00 0.0000e+00 1.7000e+00 -99.9
'380_918' 24 03 1976 1.5460e+04 -4.9000e+00 7.8000e+00 4.1815e-01 3.1000e+00 2.8000e+00 1.7000e+00 -99.9
'380_918' 25 03 1976 2.2200e+03 1.9000e+00 9.5000e+00 7.9339e-01 8.7000e+00 1.2000e+00 3.0000e-01 -99.9
'380_918' 26 03 1976 4.8100e+03 2.3000e+00 1.1000e+01 7.8206e-01 7.7000e+00 8.5000e+00 7.0000e-01 -99.9
'380_918' 27 03 1976 7.5700e+03 1.3000e+00 8.5000e+00 7.1118e-01 6.2000e+00 6.0000e-01 1.0000e+00 -99.9
'380_918' 28 03 1976 1.2350e+04 5.5000e+00 1.1500e+01 9.1133e-01 6.7000e+00 0.0000e+00 1.7000e+00 -99.9
'380_918' 29 03 1976 1.6950e+04 4.3000e+00 1.4400e+01 7.9430e-01 7.7000e+00 0.0000e+00 2.4000e+00 -99.9
'380_918' 30 03 1976 5.3500e+03 5.7000e+00 1.0400e+01 7.9614e-01 5.1000e+00 0.0000e+00 7.0000e-01 -99.9
'380_918' 31 03 1976 1.5080e+04 5.4000e+00 1.2100e+01 8.1204e-01 8.2000e+00 0.0000e+00 2.1000e+00 -99.9
'380_918' 01 04 1976 1.7190e+04 5.6000e+00 1.7800e+01 9.3106e-01 4.1000e+00 0.0000e+00 2.6000e+00 -99.9
'380_918' 02 04 1976 1.0930e+04 8.3000e+00 1.4600e+01 9.9039e-01 4.6000e+00 3.8000e+00 1.6000e+00 -99.9
'380_918' 03 04 1976 1.5040e+04 3.8000e+00 1.0400e+01 6.8653e-01 4.1000e+00 0.0000e+00 2.0000e+00 -99.9
'380_918' 04 04 1976 4.2300e+03 1.0000e+00 8.1000e+00 7.1902e-01 2.1000e+00 1.4000e+00 5.0000e-01 -99.9
'380_918' 05 04 1976 1.7050e+04 1.2000e+00 1.3200e+01 6.7617e-01 5.1000e+00 0.0000e+00 2.3000e+00 -99.9
'380_918' 06 04 1976 2.9200e+03 4.3000e+00 9.6000e+00 8.4322e-01 5.1000e+00 0.0000e+00 4.0000e-01 -99.9
'380_918' 07 04 1976 8.5400e+03 1.0000e-01 8.5000e+00 6.4145e-01 2.1000e+00 7.0000e-01 1.0000e+00 -99.9
'380_918' 08 04 1976 1.0410e+04 8.0000e-01 9.4000e+00 6.1038e-01 4.1000e+00 0.0000e+00 1.3000e+00 -99.9
'380_918' 09 04 1976 1.8280e+04 -1.3000e+00 1.0100e+01 5.2134e-01 2.1000e+00 0.0000e+00 2.3000e+00 -99.9
'380_918' 10 04 1976 2.0160e+04 -4.0000e-01 1.1900e+01 4.5785e-01 2.6000e+00 0.0000e+00 2.7000e+00 -99.9
'380_918' 11 04 1976 2.0260e+04 5.0000e-01 1.5300e+01 4.5512e-01 1.5000e+00 0.0000e+00 2.9000e+00 -99.9
'380_918' 12 04 1976 1.7200e+04 2.6000e+00 1.4500e+01 6.0121e-01 3.1000e+00 0.0000e+00 2.4000e+00 -99.9
'380_918' 13 04 1976 1.8690e+04 8.0000e-01 1.5900e+01 5.5298e-01 1.5000e+00 2.0000e-01 2.7000e+00 -99.9
'380_918' 14 04 1976 6.5000e+03 5.2000e+00 1.0200e+01 8.9997e-01 2.6000e+00 0.0000e+00 9.0000e-01 -99.9
'380_918' 15 04 1976 1.6000e+04 2.0000e+00 1.7000e+01 7.7616e-01 4.1000e+00 0.0000e+00 2.3000e+00 -99.9
'380_918' 16 04 1976 6.0300e+03 5.4000e+00 1.1100e+01 9.2999e-01 4.1000e+00 0.0000e+00 8.0000e-01 -99.9
'380_918' 17 04 1976 1.7320e+04 2.9000e+00 1.7000e+01 8.5658e-01 2.6000e+00 0.0000e+00 2.5000e+00 -99.9
'380_918' 18 04 1976 1.9130e+04 4.6000e+00 1.9100e+01 8.2178e-01 3.6000e+00 0.0000e+00 3.0000e+00 -99.9
'380_918' 19 04 1976 1.8700e+04 6.3000e+00 2.0300e+01 8.8631e-01 5.1000e+00 0.0000e+00 3.0000e+00 -99.9
'380_918' 20 04 1976 2.1080e+04 7.5000e+00 1.8700e+01 8.2648e-01 5.7000e+00 0.0000e+00 3.3000e+00 -99.9
'380_918' 21 04 1976 4.1200e+03 3.2000e+00 8.7000e+00 7.8565e-01 3.6000e+00 0.0000e+00 5.0000e-01 -99.9
'380_918' 22 04 1976 2.1930e+04 1.3000e+00 1.0100e+01 5.2212e-01 6.7000e+00 0.0000e+00 2.8000e+00 -99.9
'380_918' 23 04 1976 1.8310e+04 -1.1000e+00 7.9000e+00 4.9411e-01 7.2000e+00 0.0000e+00 2.2000e+00 -99.9
'380_918' 24 04 1976 7.0000e+03 -5.0000e-01 6.7000e+00 5.8909e-01 8.7000e+00 0.0000e+00 8.0000e-01 -99.9
'380_918' 25 04 1976 1.1660e+04 4.2000e+00 1.2800e+01 5.7195e-01 7.7000e+00 0.0000e+00 1.6000e+00 -99.9
'380_918' 26 04 1976 2.2980e+04 2.7000e+00 1.4700e+01 6.3743e-01 5.7000e+00 0.0000e+00 3.2000e+00 -99.9
'380_918' 27 04 1976 1.1230e+04 1.0000e+00 9.1000e+00 5.9486e-01 5.7000e+00 0.0000e+00 1.4000e+00 -99.9
'380_918' 28 04 1976 1.8390e+04 -2.4000e+00 8.3000e+00 4.0481e-01 5.7000e+00 0.0000e+00 2.2000e+00 -99.9
'380_918' 29 04 1976 2.3300e+04 -2.9000e+00 9.6000e+00 3.9822e-01 3.6000e+00 0.0000e+00 2.9000e+00 -99.9
'380_918' 30 04 1976 1.5020e+04 -4.0000e-01 1.1800e+01 5.7326e-01 2.6000e+00 0.0000e+00 2.0000e+00 -99.9
'380_918' 01 05 1976 2.2350e+04 4.0000e-01 1.5400e+01 5.6453e-01 2.1000e+00 0.0000e+00 3.2000e+00 -99.9
'380_918' 02 05 1976 8.3000e+03 4.8000e+00 1.3500e+01 7.8534e-01 4.6000e+00 9.0000e-01 1.2000e+00 -99.9
'380_918' 03 05 1976 4.8200e+03 6.8000e+00 1.2100e+01 9.8855e-01 6.7000e+00 3.9000e+00 7.0000e-01 -99.9
'380_918' 04 05 1976 1.1550e+04 5.2000e+00 1.3900e+01 8.0703e-01 6.7000e+00 0.0000e+00 1.7000e+00 -99.9
'380_918' 05 05 1976 2.3260e+04 6.8000e+00 2.0900e+01 8.8979e-01 2.6000e+00 0.0000e+00 3.8000e+00 -99.9
'380_918' 06 05 1976 2.4000e+04 1.0000e+01 2.5700e+01 1.0029e+00 3.1000e+00 0.0000e+00 4.2000e+00 -99.9
'380_918' 07 05 1976 2.4090e+04 1.1200e+01 2.8400e+01 1.1091e+00 3.6000e+00 0.0000e+00 4.4000e+00 -99.9
'380_918' 08 05 1976 2.1740e+04 1.3500e+01 2.8800e+01 1.2243e+00 2.6000e+00 0.0000e+00 4.1000e+00 -99.9
'380_918' 09 05 1976 2.4320e+04 1.1800e+01 2.8500e+01 1.0622e+00 3.6000e+00 0.0000e+00 4.5000e+00 -99.9
'380_918' 10 05 1976 2.1870e+04 1.0200e+01 2.9000e+01 1.2158e+00 3.1000e+00 3.6000e+00 4.0000e+00 -99.9
'380_918' 11 05 1976 2.2460e+04 9.3000e+00 1.9000e+01 9.1727e-01 3.6000e+00 0.0000e+00 3.6000e+00 -99.9
'380_918' 12 05 1976 9.1500e+03 7.8000e+00 1.7400e+01 1.0638e+00 7.2000e+00 2.1000e+00 1.4000e+00 -99.9
'380_918' 13 05 1976 1.0140e+04 3.0000e+00 1.1400e+01 8.0551e-01 5.7000e+00 3.5000e+00 1.4000e+00 -99.9
'380_918' 14 05 1976 2.6530e+04 7.0000e-01 1.6400e+01 6.1199e-01 3.1000e+00 0.0000e+00 3.8000e+00 -99.9
'380_918' 15 05 1976 2.6180e+04 6.3000e+00 2.1600e+01 7.2497e-01 4.1000e+00 0.0000e+00 4.3000e+00 -99.9
'380_918' 16 05 1976 2.3510e+04 8.1000e+00 1.8500e+01 9.0328e-01 4.1000e+00 0.0000e+00 3.8000e+00 -99.9
'380_918' 17 05 1976 2.6790e+04 7.1000e+00 2.4600e+01 8.9789e-01 3.6000e+00 0.0000e+00 4.6000e+00 -99.9
'380_918' 18 05 1976 2.2690e+04 1.3100e+01 2.6000e+01 1.4576e+00 4.1000e+00 5.7000e+00 4.0000e+00 -99.9
'380_918' 19 05 1976 7.5900e+03 1.0800e+01 1.4700e+01 1.2999e+00 2.6000e+00 2.1000e+00 1.2000e+00 -99.9
'380_918' 20 05 1976 1.6260e+04 8.6000e+00 1.6900e+01 1.0610e+00 5.1000e+00 3.4000e+00 2.5000e+00 -99.9
'380_918' 21 05 1976 1.1840e+04 7.4000e+00 1.3800e+01 1.0098e+00 4.1000e+00 6.9000e+00 1.7000e+00 -99.9
'380_918' 22 05 1976 1.5940e+04 6.7000e+00 1.8200e+01 9.8871e-01 2.6000e+00 0.0000e+00 2.5000e+00 -99.9
'380_918' 23 05 1976 2.4130e+04 7.2000e+00 2.0500e+01 9.7230e-01 3.1000e+00 0.0000e+00 3.9000e+00 -99.9
'380_918' 24 05 1976 2.6180e+04 6.8000e+00 1.8500e+01 7.6975e-01 4.1000e+00 0.0000e+00 4.1000e+00 -99.9
'380_918' 25 05 1976 2.0740e+04 4.5000e+00 2.0000e+01 8.0529e-01 2.1000e+00 1.3000e+00 3.3000e+00 -99.9
'380_918' 26 05 1976 1.4080e+04 8.1000e+00 1.5000e+01 1.1245e+00 5.7000e+00 1.0200e+01 2.1000e+00 -99.9
'380_918' 27 05 1976 8.3600e+03 8.6000e+00 1.4100e+01 1.1214e+00 4.6000e+00 1.0000e-01 1.3000e+00 -99.9
'380_918' 28 05 1976 1.5540e+04 9.1000e+00 1.6000e+01 1.0886e+00 2.1000e+00 0.0000e+00 2.4000e+00 -99.9
'380_918' 29 05 1976 1.4450e+04 7.4000e+00 2.1000e+01 1.1947e+00 2.1000e+00 6.0000e-01 2.3000e+00 -99.9
'380_918' 30 05 1976 1.6100e+04 1.0000e+01 1.8900e+01 1.1322e+00 5.7000e+00 2.3000e+00 2.6000e+00 -99.9
'380_918' 31 05 1976 1.1720e+04 1.1700e+01 1.8300e+01 1.1977e+00 5.7000e+00 7.0000e-01 1.9000e+00 -99.9
'380_918' 01 06 1976 5.2300e+03 9.6000e+00 1.6000e+01 1.3420e+00 3.6000e+00 6.6000e+00 8.0000e-01 -99.9
'380_918' 02 06 1976 5.5300e+03 8.3000e+00 1.1900e+01 9.9356e-01 4.1000e+00 1.0000e-01 8.0000e-01 -99.9
'380_918' 03 06 1976 5.2600e+03 6.8000e+00 1.0500e+01 8.4494e-01 3.6000e+00 0.0000e+00 7.0000e-01 -99.9
'380_918' 04 06 1976 9.9200e+03 5.2000e+00 1.2400e+01 8.0028e-01 1.5000e+00 0.0000e+00 1.4000e+00 -99.9
'380_918' 05 06 1976 2.6260e+04 2.6000e+00 2.0100e+01 7.4067e-01 1.5000e+00 0.0000e+00 4.1000e+00 -99.9
'380_918' 06 06 1976 2.7250e+04 7.9000e+00 2.3000e+01 9.1186e-01 2.1000e+00 0.0000e+00 4.7000e+00 -99.9
'380_918' 07 06 1976 2.5980e+04 9.2000e+00 2.4800e+01 1.0353e+00 2.6000e+00 0.0000e+00 4.6000e+00 -99.9
'380_918' 08 06 1976 2.5700e+04 1.3900e+01 2.7800e+01 1.3601e+00 4.1000e+00 0.0000e+00 4.8000e+00 -99.9
'380_918' 09 06 1976 2.3030e+04 1.6200e+01 3.0700e+01 1.3781e+00 4.1000e+00 0.0000e+00 4.5000e+00 -99.9
'380_918' 10 06 1976 1.9870e+04 1.3200e+01 2.3300e+01 1.2894e+00 4.6000e+00 0.0000e+00 3.4000e+00 -99.9
'380_918' 11 06 1976 2.4710e+04 1.0800e+01 2.3500e+01 9.8480e-01 2.1000e+00 0.0000e+00 4.3000e+00 -99.9
'380_918' 12 06 1976 2.5650e+04 1.3000e+01 2.8200e+01 1.1843e+00 4.1000e+00 0.0000e+00 4.8000e+00 -99.9
'380_918' 13 06 1976 2.2220e+04 1.3200e+01 2.4400e+01 1.3592e+00 4.1000e+00 0.0000e+00 3.9000e+00 -99.9
'380_918' 14 06 1976 2.6740e+04 1.0800e+01 2.6500e+01 1.2259e+00 3.1000e+00 0.0000e+00 4.8000e+00 -99.9
'380_918' 15 06 1976 1.6960e+04 1.2300e+01 2.4800e+01 1.2965e+00 4.6000e+00 0.0000e+00 3.0000e+00 -99.9
'380_918' 16 06 1976 2.1450e+04 1.1400e+01 1.9400e+01 1.1136e+00 4.6000e+00 0.0000e+00 3.5000e+00 -99.9
'380_918' 17 06 1976 2.4930e+04 8.6000e+00 2.3500e+01 1.0001e+00 1.5000e+00 0.0000e+00 4.2000e+00 -99.9
'380_918' 18 06 1976 2.3490e+04 9.0000e+00 2.4900e+01 9.7626e-01 3.1000e+00 0.0000e+00 4.2000e+00 -99.9
'380_918' 19 06 1976 1.2230e+04 1.3100e+01 1.8900e+01 1.3382e+00 6.7000e+00 5.5000e+00 2.1000e+00 -99.9
'380_918' 20 06 1976 7.7600e+03 1.3200e+01 2.0200e+01 1.4616e+00 8.2000e+00 1.4000e+00 1.3000e+00 -99.9
'380_918' 21 06 1976 1.8510e+04 1.3200e+01 2.1600e+01 1.3955e+00 2.6000e+00 0.0000e+00 3.2000e+00 -99.9
'380_918' 22 06 1976 2.4540e+04 1.1400e+01 2.6400e+01 1.2596e+00 1.5000e+00 0.0000e+00 4.4000e+00 -99.9
'380_918' 23 06 1976 2.7310e+04 1.3300e+01 2.8700e+01 1.2109e+00 2.1000e+00 0.0000e+00 5.1000e+00 -99.9
'380_918' 24 06 1976 2.7450e+04 1.5200e+01 3.2100e+01 1.2186e+00 2.1000e+00 0.0000e+00 5.4000e+00 -99.9
'380_918' 25 06 1976 2.7250e+04 1.7100e+01 3.2800e+01 1.2892e+00 2.1000e+00 0.0000e+00 5.4000e+00 -99.9
'380_918' 26 06 1976 2.6420e+04 1.7200e+01 3.3200e+01 1.4166e+00 3.1000e+00 0.0000e+00 5.3000e+00 -99.9
'380_918' 27 06 1976 2.6280e+04 1.8300e+01 3.3300e+01 1.4909e+00 2.6000e+00 0.0000e+00 5.3000e+00 -99.9
'380_918' 28 06 1976 2.3220e+04 1.8700e+01 3.2400e+01 1.6440e+00 4.6000e+00 0.0000e+00 4.6000e+00 -99.9
'380_918' 29 06 1976 2.7250e+04 1.5800e+01 3.0200e+01 1.3675e+00 4.6000e+00 0.0000e+00 5.2000e+00 -99.9
'380_918' 30 06 1976 2.7660e+04 1.5900e+01 3.1900e+01 1.2292e+00 5.1000e+00 0.0000e+00 5.4000e+00 -99.9
'380_918' 01 07 1976 2.6670e+04 1.6600e+01 3.1100e+01 1.3326e+00 5.1000e+00 0.0000e+00 5.2000e+00 -99.9
'380_918' 02 07 1976 2.8220e+04 1.5800e+01 3.2800e+01 8.9728e-01 3.6000e+00 0.0000e+00 5.6000e+00 -99.9
'380_918' 03 07 1976 2.5640e+04 1.7000e+01 3.4600e+01 1.1467e+00 2.1000e+00 0.0000e+00 5.2000e+00 -99.9
'380_918' 04 07 1976 2.4790e+04 1.8000e+01 3.4400e+01 1.3770e+00 3.6000e+00 0.0000e+00 5.0000e+00 -99.9
'380_918' 05 07 1976 2.6540e+04 1.6400e+01 3.3300e+01 1.2579e+00 2.6000e+00 0.0000e+00 5.3000e+00 -99.9
'380_918' 06 07 1976 2.4520e+04 1.9400e+01 3.1500e+01 1.5151e+00 5.1000e+00 0.0000e+00 4.8000e+00 -99.9
'380_918' 07 07 1976 2.3490e+04 1.6600e+01 3.1800e+01 9.7061e-01 3.6000e+00 0.0000e+00 4.6000e+00 -99.9
'380_918' 08 07 1976 2.6000e+04 1.3200e+01 3.1000e+01 9.0776e-01 3.1000e+00 0.0000e+00 4.9000e+00 -99.9
'380_918' 09 07 1976 2.1390e+04 1.3100e+01 2.6600e+01 1.2630e+00 3.1000e+00 0.0000e+00 3.9000e+00 -99.9
'380_918' 10 07 1976 1.2420e+04 1.4800e+01 2.4200e+01 1.4273e+00 4.1000e+00 0.0000e+00 2.2000e+00 -99.9
'380_918' 11 07 1976 2.4990e+04 1.1700e+01 2.6500e+01 1.1223e+00 2.1000e+00 0.0000e+00 4.6000e+00 -99.9
'380_918' 12 07 1976 2.2230e+04 1.5600e+01 3.1600e+01 1.5916e+00 3.6000e+00 6.8000e+00 4.3000e+00 -99.9
'380_918' 13 07 1976 9.8400e+03 1.6100e+01 2.3100e+01 1.8667e+00 3.6000e+00 1.0000e+00 1.8000e+00 -99.9
'380_918' 14 07 1976 1.6690e+04 1.4600e+01 2.4600e+01 1.3626e+00 4.1000e+00 0.0000e+00 3.0000e+00 -99.9
'380_918' 15 07 1976 1.9650e+04 1.4600e+01 3.0100e+01 1.4837e+00 2.6000e+00 0.0000e+00 3.8000e+00 -99.9
'380_918' 16 07 1976 1.9720e+04 1.8400e+01 3.5900e+01 1.8082e+00 4.1000e+00 5.0000e-01 3.9000e+00 -99.9
'380_918' 17 07 1976 1.3930e+04 1.7900e+01 2.4000e+01 1.9941e+00 2.6000e+00 8.4000e+00 2.6000e+00 -99.9
'380_918' 18 07 1976 9.1400e+03 1.7600e+01 2.2800e+01 2.1007e+00 2.1000e+00 0.0000e+00 1.7000e+00 -99.9
'380_918' 19 07 1976 2.3770e+04 1.6500e+01 2.6900e+01 1.5959e+00 4.1000e+00 0.0000e+00 4.4000e+00 -99.9
'380_918' 20 07 1976 1.2630e+04 1.4000e+01 2.4900e+01 1.6759e+00 4.1000e+00 2.8000e+00 2.3000e+00 -99.9
'380_918' 21 07 1976 6.8400e+03 1.2300e+01 1.8400e+01 1.6394e+00 2.1000e+00 7.0000e-01 1.1000e+00 -99.9
'380_918' 22 07 1976 1.4590e+04 1.1900e+01 1.9400e+01 1.3607e+00 3.1000e+00 0.0000e+00 2.4000e+00 -99.9
'380_918' 23 07 1976 1.9720e+04 1.0100e+01 2.0900e+01 1.0716e+00 1.0000e+00 2.0000e-01 3.3000e+00 -99.9
'380_918' 24 07 1976 1.4290e+04 1.3700e+01 2.0300e+01 1.4187e+00 2.1000e+00 1.9000e+00 2.4000e+00 -99.9
'380_918' 25 07 1976 1.4510e+04 1.2000e+01 1.9600e+01 1.4596e+00 3.1000e+00 1.2000e+00 2.4000e+00 -99.9
'380_918' 26 07 1976 1.5240e+04 1.2000e+01 2.1500e+01 1.3786e+00 4.1000e+00 0.0000e+00 2.6000e+00 -99.9
'380_918' 27 07 1976 2.1130e+04 1.2500e+01 2.1200e+01 1.3067e+00 4.1000e+00 0.0000e+00 3.6000e+00 -99.9
'380_918' 28 07 1976 1.1250e+04 1.0800e+01 2.2200e+01 1.3621e+00 4.1000e+00 0.0000e+00 1.9000e+00 -99.9
'380_918' 29 07 1976 1.9940e+04 1.0500e+01 2.0900e+01 1.0908e+00 2.6000e+00 0.0000e+00 3.3000e+00 -99.9
'380_918' 30 07 1976 1.9800e+04 1.1800e+01 2.3400e+01 1.2716e+00 6.2000e+00 3.0000e-01 3.4000e+00 -99.9
'380_918' 31 07 1976 6.6500e+03 9.6000e+00 1.8000e+01 1.3782e+00 2.1000e+00 1.3000e+01 1.1000e+00 -99.9
'380_918' 01 08 1976 1.9470e+04 8.6000e+00 1.8600e+01 1.1314e+00 3.6000e+00 1.6000e+00 3.1000e+00 -99.9
'380_918' 02 08 1976 7.4000e+03 1.1400e+01 1.7900e+01 1.3182e+00 4.6000e+00 0.0000e+00 1.2000e+00 -99.9
'380_918' 03 08 1976 7.3200e+03 1.1700e+01 1.8600e+01 1.5082e+00 3.1000e+00 3.9000e+00 1.2000e+00 -99.9
'380_918' 04 08 1976 1.4640e+04 1.2300e+01 1.9300e+01 1.2922e+00 2.1000e+00 0.0000e+00 2.4000e+00 -99.9
'380_918' 05 08 1976 1.3310e+04 1.1800e+01 2.0200e+01 1.2407e+00 1.5000e+00 0.0000e+00 2.2000e+00 -99.9
'380_918' 06 08 1976 2.2510e+04 1.0400e+01 2.3200e+01 1.1712e+00 1.5000e+00 0.0000e+00 3.9000e+00 -99.9
'380_918' 07 08 1976 2.0070e+04 1.1800e+01 2.2600e+01 1.3250e+00 3.6000e+00 0.0000e+00 3.5000e+00 -99.9
'380_918' 08 08 1976 2.2660e+04 1.1300e+01 2.3800e+01 1.2896e+00 3.6000e+00 0.0000e+00 3.9000e+00 -99.9
'380_918' 09 08 1976 2.1850e+04 1.2300e+01 2.5600e+01 1.1562e+00 4.1000e+00 0.0000e+00 3.9000e+00 -99.9
'380_918' 10 08 1976 1.9170e+04 1.3200e+01 2.5600e+01 1.1834e+00 3.1000e+00 0.0000e+00 3.5000e+00 -99.9
'380_918' 11 08 1976 1.6800e+04 1.2200e+01 2.6400e+01 1.2476e+00 2.1000e+00 0.0000e+00 3.0000e+00 -99.9
'380_918' 12 08 1976 1.8260e+04 1.2700e+01 2.7100e+01 1.2924e+00 1.5000e+00 0.0000e+00 3.3000e+00 -99.9
'380_918' 13 08 1976 2.0340e+04 1.3200e+01 2.5400e+01 1.3238e+00 2.6000e+00 0.0000e+00 3.7000e+00 -99.9
'380_918' 14 08 1976 1.9730e+04 1.1600e+01 2.4700e+01 1.2345e+00 3.1000e+00 0.0000e+00 3.5000e+00 -99.9
'380_918' 15 08 1976 2.0960e+04 1.2000e+01 2.5600e+01 1.1993e+00 4.1000e+00 0.0000e+00 3.8000e+00 -99.9
'380_918' 16 08 1976 2.0730e+04 1.1300e+01 2.5400e+01 1.0619e+00 3.6000e+00 0.0000e+00 3.7000e+00 -99.9
'380_918' 17 08 1976 1.9070e+04 1.2100e+01 2.4500e+01 1.2389e+00 3.1000e+00 0.0000e+00 3.4000e+00 -99.9
'380_918' 18 08 1976 1.8540e+04 1.1200e+01 2.4100e+01 1.3462e+00 3.6000e+00 2.2000e+00 3.2000e+00 -99.9
'380_918' 19 08 1976 1.9360e+04 1.1400e+01 2.6400e+01 1.3759e+00 3.1000e+00 0.0000e+00 3.4000e+00 -99.9
'380_918' 20 08 1976 1.7170e+04 1.3300e+01 2.5100e+01 1.5493e+00 3.1000e+00 0.0000e+00 3.0000e+00 -99.9
'380_918' 21 08 1976 1.6470e+04 1.4300e+01 2.5300e+01 1.4513e+00 3.6000e+00 0.0000e+00 2.9000e+00 -99.9
'380_918' 22 08 1976 2.2060e+04 9.4000e+00 2.3900e+01 8.1039e-01 5.1000e+00 0.0000e+00 3.8000e+00 -99.9
'380_918' 23 08 1976 2.0880e+04 1.1400e+01 2.5600e+01 8.9857e-01 5.7000e+00 0.0000e+00 3.7000e+00 -99.9
'380_918' 24 08 1976 2.0830e+04 1.2900e+01 2.8900e+01 9.7526e-01 4.1000e+00 0.0000e+00 3.8000e+00 -99.9
'380_918' 25 08 1976 2.0590e+04 1.2200e+01 2.9200e+01 8.8410e-01 3.1000e+00 0.0000e+00 3.9000e+00 -99.9
'380_918' 26 08 1976 1.6250e+04 1.1700e+01 2.6400e+01 1.1794e+00 3.6000e+00 2.0000e-01 2.9000e+00 -99.9
'380_918' 27 08 1976 1.0590e+04 1.3800e+01 1.9700e+01 1.4966e+00 4.1000e+00 2.6000e+00 1.8000e+00 -99.9
'380_918' 28 08 1976 1.1690e+04 1.2500e+01 2.0600e+01 1.4887e+00 3.6000e+00 9.0000e-01 2.0000e+00 -99.9
'380_918' 29 08 1976 1.1470e+04 1.3200e+01 2.6400e+01 1.5381e+00 3.1000e+00 1.1000e+00 2.1000e+00 -99.9
'380_918' 30 08 1976 9.6700e+03 1.3000e+01 2.0900e+01 1.5487e+00 3.1000e+00 3.9000e+00 1.7000e+00 -99.9
'380_918' 31 08 1976 1.4690e+04 1.0800e+01 2.2000e+01 1.2350e+00 2.1000e+00 0.0000e+00 2.5000e+00 -99.9
'380_918' 01 09 1976 1.0810e+04 1.2400e+01 2.0600e+01 1.3198e+00 3.1000e+00 1.1000e+01 1.8000e+00 -99.9
'380_918' 02 09 1976 6.2400e+03 1.0100e+01 1.5800e+01 1.2449e+00 4.1000e+00 1.3000e+00 1.0000e+00 -99.9
'380_918' 03 09 1976 1.3530e+04 8.9000e+00 1.7900e+01 1.1143e+00 3.6000e+00 0.0000e+00 2.1000e+00 -99.9
'380_918' 04 09 1976 7.9600e+03 8.9000e+00 1.7500e+01 1.1914e+00 3.1000e+00 7.7000e+00 1.2000e+00 -99.9
'380_918' 05 09 1976 1.2240e+04 9.4000e+00 1.7200e+01 1.1201e+00 1.5000e+00 1.0000e-01 1.9000e+00 -99.9
'380_918' 06 09 1976 1.8300e+04 6.8000e+00 2.0000e+01 1.0006e+00 1.0000e+00 0.0000e+00 2.9000e+00 -99.9
'380_918' 07 09 1976 1.7140e+04 7.9000e+00 2.0900e+01 1.0427e+00 1.5000e+00 0.0000e+00 2.8000e+00 -99.9
'380_918' 08 09 1976 1.6660e+04 9.0000e+00 2.2000e+01 1.1210e+00 2.1000e+00 3.0000e-01 2.8000e+00 -99.9
'380_918' 09 09 1976 3.9700e+03 9.5000e+00 1.7200e+01 1.1545e+00 6.2000e+00 4.7000e+00 6.0000e-01 -99.9
'380_918' 10 09 1976 4.9100e+03 7.1000e+00 1.3200e+01 9.6984e-01 7.7000e+00 1.5000e+00 7.0000e-01 -99.9
'380_918' 11 09 1976 6.5300e+03 8.1000e+00 1.6100e+01 9.2402e-01 6.7000e+00 7.0000e-01 1.0000e+00 -99.9
'380_918' 12 09 1976 1.0700e+04 1.2900e+01 1.8900e+01 1.3102e+00 4.6000e+00 1.4000e+00 1.8000e+00 -99.9
'380_918' 13 09 1976 8.7500e+03 1.1100e+01 1.8900e+01 1.2682e+00 5.1000e+00 0.0000e+00 1.4000e+00 -99.9
'380_918' 14 09 1976 1.1260e+04 9.7000e+00 1.6700e+01 1.1501e+00 5.1000e+00 0.0000e+00 1.8000e+00 -99.9
'380_918' 15 09 1976 9.3500e+03 9.7000e+00 1.8100e+01 1.3110e+00 2.6000e+00 1.5000e+00 1.5000e+00 -99.9
'380_918' 16 09 1976 1.3180e+04 6.9000e+00 1.6500e+01 1.0408e+00 2.1000e+00 0.0000e+00 2.0000e+00 -99.9
'380_918' 17 09 1976 4.8100e+03 8.4000e+00 1.5300e+01 1.2147e+00 2.6000e+00 7.7000e+00 7.0000e-01 -99.9
'380_918' 18 09 1976 9.3900e+03 7.9000e+00 1.7700e+01 1.0476e+00 2.6000e+00 0.0000e+00 1.5000e+00 -99.9
'380_918' 19 09 1976 1.3900e+04 9.2000e+00 2.0000e+01 1.0726e+00 1.5000e+00 0.0000e+00 2.3000e+00 -99.9
'380_918' 20 09 1976 1.1790e+04 7.7000e+00 1.9400e+01 1.1327e+00 1.5000e+00 0.0000e+00 1.9000e+00 -99.9
'380_918' 21 09 1976 1.3390e+04 6.7000e+00 1.9800e+01 1.0472e+00 2.1000e+00 0.0000e+00 2.1000e+00 -99.9
'380_918' 22 09 1976 1.4200e+04 6.5000e+00 2.0100e+01 9.8790e-01 3.6000e+00 0.0000e+00 2.3000e+00 -99.9
'380_918' 23 09 1976 9.7800e+03 7.8000e+00 2.0400e+01 1.2043e+00 2.1000e+00 1.3100e+01 1.6000e+00 -99.9
'380_918' 24 09 1976 9.2700e+03 1.3900e+01 2.0500e+01 1.7626e+00 2.6000e+00 2.0000e-01 1.6000e+00 -99.9
'380_918' 25 09 1976 8.8500e+03 1.3500e+01 2.1500e+01 1.6219e+00 2.6000e+00 0.0000e+00 1.5000e+00 -99.9
'380_918' 26 09 1976 8.9200e+03 1.3800e+01 2.2600e+01 1.6031e+00 3.1000e+00 2.0000e-01 1.6000e+00 -99.9
'380_918' 27 09 1976 7.2200e+03 1.3700e+01 2.2200e+01 1.7406e+00 3.6000e+00 1.1000e+00 1.2000e+00 -99.9
'380_918' 28 09 1976 6.2800e+03 1.5200e+01 2.0000e+01 1.8087e+00 3.1000e+00 5.0000e-01 1.1000e+00 -99.9
'380_918' 29 09 1976 1.0380e+04 1.4100e+01 2.0600e+01 1.6259e+00 3.1000e+00 1.4000e+00 1.8000e+00 -99.9
'380_918' 30 09 1976 8.9200e+03 1.2200e+01 1.9700e+01 1.5101e+00 2.6000e+00 1.7000e+00 1.5000e+00 -99.9
'380_918' 01 10 1976 5.6500e+03 1.2800e+01 1.8400e+01 1.5846e+00 2.6000e+00 5.3000e+00 9.0000e-01 -99.9
'380_918' 02 10 1976 1.1730e+04 1.1800e+01 1.9200e+01 1.4340e+00 2.6000e+00 1.4000e+00 1.9000e+00 -99.9
'380_918' 03 10 1976 1.1660e+04 1.0400e+01 1.8500e+01 1.2837e+00 4.1000e+00 0.0000e+00 1.9000e+00 -99.9
'380_918' 04 10 1976 5.1600e+03 1.1300e+01 1.7800e+01 1.3743e+00 5.7000e+00 3.2000e+00 8.0000e-01 -99.9
'380_918' 05 10 1976 1.2210e+04 7.4000e+00 1.4900e+01 9.4822e-01 6.2000e+00 8.0000e-01 1.9000e+00 -99.9
'380_918' 06 10 1976 4.7300e+03 1.1700e+01 1.8800e+01 1.4314e+00 8.7000e+00 6.0000e-01 8.0000e-01 -99.9
'380_918' 07 10 1976 6.9400e+03 1.1200e+01 2.2400e+01 1.4815e+00 7.2000e+00 1.4000e+00 1.2000e+00 -99.9
'380_918' 08 10 1976 1.0700e+04 7.8000e+00 1.6800e+01 1.1587e+00 3.1000e+00 0.0000e+00 1.7000e+00 -99.9
'380_918' 09 10 1976 9.3300e+03 1.2200e+01 2.2700e+01 1.5576e+00 4.6000e+00 0.0000e+00 1.6000e+00 -99.9
'380_918' 10 10 1976 5.2900e+03 1.2700e+01 1.8700e+01 1.5207e+00 3.1000e+00 0.0000e+00 9.0000e-01 -99.9
'380_918' 11 10 1976 6.0700e+03 1.2400e+01 2.1300e+01 1.3776e+00 5.1000e+00 0.0000e+00 1.1000e+00 -99.9
'380_918' 12 10 1976 3.4300e+03 1.0300e+01 1.7900e+01 1.2760e+00 5.1000e+00 0.0000e+00 5.0000e-01 -99.9
'380_918' 13 10 1976 4.3000e+03 8.3000e+00 1.2600e+01 1.1263e+00 1.5000e+00 0.0000e+00 6.0000e-01 -99.9
'380_918' 14 10 1976 5.5100e+03 5.8000e+00 1.3200e+01 9.4105e-01 6.2000e+00 1.8000e+00 8.0000e-01 -99.9
'380_918' 15 10 1976 3.4600e+03 7.7000e+00 1.1600e+01 9.0318e-01 8.2000e+00 1.0700e+01 5.0000e-01 -99.9
'380_918' 16 10 1976 1.0730e+04 3.0000e+00 1.3800e+01 7.9887e-01 3.6000e+00 1.0000e-01 1.5000e+00 -99.9
'380_918' 17 10 1976 1.0720e+04 1.3000e+00 1.3100e+01 7.8039e-01 3.1000e+00 0.0000e+00 1.5000e+00 -99.9
'380_918' 18 10 1976 9.0100e+03 4.7000e+00 1.4700e+01 9.9551e-01 3.6000e+00 1.7000e+00 1.3000e+00 -99.9
'380_918' 19 10 1976 3.9300e+03 8.1000e+00 1.3100e+01 1.1079e+00 4.6000e+00 1.2100e+01 6.0000e-01 -99.9
'380_918' 20 10 1976 6.6200e+03 9.5000e+00 1.6000e+01 1.2216e+00 5.1000e+00 0.0000e+00 1.0000e+00 -99.9
'380_918' 21 10 1976 9.3300e+03 9.3000e+00 1.4400e+01 1.1213e+00 5.7000e+00 3.0000e-01 1.4000e+00 -99.9
'380_918' 22 10 1976 3.1300e+03 1.0600e+01 1.3900e+01 1.1902e+00 5.1000e+00 0.0000e+00 5.0000e-01 -99.9
'380_918' 23 10 1976 5.1300e+03 6.8000e+00 1.6500e+01 9.1959e-01 4.1000e+00 1.7000e+00 8.0000e-01 -99.9
'380_918' 24 10 1976 6.2000e+03 9.1000e+00 1.3000e+01 1.1747e+00 3.1000e+00 6.0000e-01 9.0000e-01 -99.9
'380_918' 25 10 1976 6.3900e+03 4.8000e+00 1.5100e+01 9.5152e-01 3.6000e+00 0.0000e+00 9.0000e-01 -99.9
'380_918' 26 10 1976 5.8500e+03 4.3000e+00 1.1700e+01 9.9453e-01 2.1000e+00 0.0000e+00 8.0000e-01 -99.9
'380_918' 27 10 1976 2.1600e+03 6.2000e+00 1.0800e+01 1.0624e+00 1.5000e+00 0.0000e+00 3.0000e-01 -99.9
'380_918' 28 10 1976 1.2100e+03 4.9000e+00 7.8000e+00 9.0533e-01 3.1000e+00 0.0000e+00 2.0000e-01 -99.9
'380_918' 29 10 1976 4.6600e+03 4.8000e+00 1.3500e+01 9.4020e-01 3.1000e+00 2.0000e-01 7.0000e-01 -99.9
'380_918' 30 10 1976 2.0700e+03 4.2000e+00 7.8000e+00 8.9025e-01 5.7000e+00 0.0000e+00 3.0000e-01 -99.9
'380_918' 31 10 1976 5.2000e+03 2.6000e+00 9.6000e+00 7.7501e-01 2.6000e+00 0.0000e+00 7.0000e-01 -99.9
'380_918' 01 11 1976 2.6400e+03 3.3000e+00 9.8000e+00 7.6539e-01 6.7000e+00 1.4000e+00 4.0000e-01 -99.9
'380_918' 02 11 1976 3.9600e+03 5.5000e+00 1.0400e+01 9.3715e-01 6.2000e+00 9.5000e+00 6.0000e-01 -99.9
'380_918' 03 11 1976 9.9000e+02 3.7000e+00 6.0000e+00 8.2598e-01 3.1000e+00 1.9200e+01 1.0000e-01 -99.9
'380_918' 04 11 1976 4.7600e+03 2.6000e+00 9.8000e+00 8.2479e-01 3.6000e+00 0.0000e+00 6.0000e-01 -99.9
'380_918' 05 11 1976 2.1200e+03 2.7000e+00 8.1000e+00 7.3905e-01 6.2000e+00 0.0000e+00 3.0000e-01 -99.9
'380_918' 06 11 1976 4.7100e+03 5.4000e+00 1.2800e+01 8.3764e-01 3.1000e+00 3.6000e+00 7.0000e-01 -99.9
'380_918' 07 11 1976 2.8300e+03 7.1000e+00 1.0600e+01 9.9262e-01 4.6000e+00 0.0000e+00 4.0000e-01 -99.9
'380_918' 08 11 1976 3.5500e+03 6.6000e+00 1.1800e+01 8.8107e-01 5.1000e+00 2.7000e+00 5.0000e-01 -99.9
'380_918' 09 11 1976 3.8100e+03 6.0000e+00 1.0100e+01 9.1601e-01 5.1000e+00 4.5000e+00 5.0000e-01 -99.9
'380_918' 10 11 1976 2.9600e+03 8.2000e+00 1.2600e+01 1.0720e+00 4.6000e+00 2.0000e+00 4.0000e-01 -99.9
'380_918' 11 11 1976 8.4000e+02 2.7000e+00 9.9000e+00 8.8592e-01 3.1000e+00 9.8000e+00 1.0000e-01 -99.9
'380_918' 12 11 1976 5.5300e+03 9.0000e-01 8.0000e+00 7.3830e-01 3.6000e+00 9.0000e-01 7.0000e-01 -99.9
'380_918' 13 11 1976 1.4400e+03 5.1000e+00 7.2000e+00 9.0470e-01 2.6000e+00 5.0000e-01 2.0000e-01 -99.9
'380_918' 14 11 1976 6.4000e+02 5.8000e+00 6.7000e+00 9.2268e-01 2.6000e+00 0.0000e+00 1.0000e-01 -99.9
'380_918' 15 11 1976 5.6000e+02 5.4000e+00 6.4000e+00 9.0049e-01 2.6000e+00 0.0000e+00 1.0000e-01 -99.9
'380_918' 16 11 1976 2.0800e+03 5.2000e+00 7.9000e+00 8.7992e-01 2.1000e+00 3.0000e-01 3.0000e-01 -99.9
'380_918' 17 11 1976 1.3700e+03 5.5000e+00 7.5000e+00 8.5949e-01 2.6000e+00 5.0000e-01 2.0000e-01 -99.9
'380_918' 18 11 1976 2.2400e+03 5.1000e+00 8.5000e+00 8.9270e-01 1.5000e+00 0.0000e+00 3.0000e-01 -99.9
'380_918' 19 11 1976 1.3500e+03 3.4000e+00 6.4000e+00 8.3539e-01 3.1000e+00 0.0000e+00 2.0000e-01 -99.9
'380_918' 20 11 1976 3.7500e+03 1.0000e-01 4.7000e+00 6.7976e-01 2.1000e+00 0.0000e+00 4.0000e-01 -99.9
'380_918' 21 11 1976 5.5400e+03 -2.8000e+00 4.0000e+00 5.3075e-01 1.5000e+00 8.0000e-01 6.0000e-01 -99.9
'380_918' 22 11 1976 2.8000e+03 1.2000e+00 6.8000e+00 7.4042e-01 3.1000e+00 1.7000e+00 3.0000e-01 -99.9
'380_918' 23 11 1976 2.6200e+03 7.0000e-01 4.7000e+00 6.8968e-01 3.6000e+00 2.1000e+00 3.0000e-01 -99.9
'380_918' 24 11 1976 1.0000e+03 2.5000e+00 8.6000e+00 8.4895e-01 6.7000e+00 6.5000e+00 1.0000e-01 -99.9
'380_918' 25 11 1976 6.5000e+02 6.8000e+00 8.7000e+00 9.6831e-01 4.1000e+00 0.0000e+00 1.0000e-01 -99.9
'380_918' 26 11 1976 1.3600e+03 6.2000e+00 7.7000e+00 7.3798e-01 7.7000e+00 0.0000e+00 2.0000e-01 -99.9
'380_918' 27 11 1976 9.3000e+02 5.4000e+00 7.9000e+00 8.8662e-01 6.7000e+00 0.0000e+00 1.0000e-01 -99.9
'380_918' 28 11 1976 1.4400e+03 5.9000e+00 9.9000e+00 8.9661e-01 9.8000e+00 5.3000e+00 2.0000e-01 -99.9
'380_918' 29 11 1976 3.3700e+03 6.4000e+00 9.6000e+00 8.6348e-01 1.0800e+01 1.0000e+01 5.0000e-01 -99.9
'380_918' 30 11 1976 5.7000e+02 5.9000e+00 1.2100e+01 1.0199e+00 8.7000e+00 1.8000e+01 1.0000e-01 -99.9
'380_918' 01 12 1976 4.1300e+03 3.0000e+00 6.4000e+00 7.0365e-01 7.2000e+00 0.0000e+00 5.0000e-01 -99.9
'380_918' 02 12 1976 7.9000e+02 1.7000e+00 4.3000e+00 7.0161e-01 3.6000e+00 4.3000e+00 1.0000e-01 -99.9
'380_918' 03 12 1976 1.4700e+03 -5.0000e-01 4.0000e+00 6.2187e-01 5.7000e+00 0.0000e+00 2.0000e-01 -99.9
'380_918' 04 12 1976 3.3100e+03 -1.5000e+00 3.3000e+00 5.9650e-01 4.6000e+00 0.0000e+00 4.0000e-01 -99.9
'380_918' 05 12 1976 2.6800e+03 -2.0000e+00 3.8000e+00 5.9196e-01 3.6000e+00 0.0000e+00 3.0000e-01 -99.9
'380_918' 06 12 1976 7.7000e+02 1.2000e+00 8.5000e+00 7.1632e-01 8.7000e+00 1.4000e+01 1.0000e-01 -99.9
'380_918' 07 12 1976 3.9300e+03 5.5000e+00 8.6000e+00 7.8944e-01 8.7000e+00 0.0000e+00 5.0000e-01 -99.9
'380_918' 08 12 1976 2.1100e+03 5.4000e+00 8.5000e+00 8.3365e-01 9.3000e+00 4.0000e-01 3.0000e-01 -99.9
'380_918' 09 12 1976 2.1900e+03 1.9000e+00 7.1000e+00 7.4446e-01 4.1000e+00 0.0000e+00 3.0000e-01 -99.9
'380_918' 10 12 1976 2.9100e+03 -1.0000e+00 4.1000e+00 5.9704e-01 3.6000e+00 0.0000e+00 3.0000e-01 -99.9
'380_918' 11 12 1976 2.8400e+03 -8.0000e-01 3.7000e+00 6.2195e-01 5.1000e+00 1.0000e-01 3.0000e-01 -99.9
'380_918' 12 12 1976 1.0200e+03 -2.2000e+00 4.7000e+00 6.0116e-01 3.6000e+00 3.0000e-01 1.0000e-01 -99.9
'380_918' 13 12 1976 2.1900e+03 -3.0000e+00 2.1000e+00 5.6840e-01 2.6000e+00 1.2000e+00 2.0000e-01 -99.9
'380_918' 14 12 1976 3.7000e+02 -2.7000e+00 1.5000e+00 5.6566e-01 3.6000e+00 0.0000e+00 0.0000e+00 -99.9
'380_918' 15 12 1976 2.2200e+03 -6.3000e+00 -1.0000e-01 4.4966e-01 1.0000e+00 0.0000e+00 2.0000e-01 -99.9
'380_918' 16 12 1976 2.9400e+03 -4.5000e+00 1.0000e+00 4.7275e-01 2.1000e+00 0.0000e+00 3.0000e-01 -99.9
'380_918' 17 12 1976 9.3000e+02 -2.7000e+00 5.4000e+00 5.5930e-01 4.1000e+00 2.0000e+00 1.0000e-01 -99.9
'380_918' 18 12 1976 1.6500e+03 1.8000e+00 6.7000e+00 7.3298e-01 4.1000e+00 4.7000e+00 2.0000e-01 -99.9
'380_918' 19 12 1976 1.2800e+03 2.2000e+00 4.2000e+00 7.4369e-01 5.7000e+00 2.0000e+00 2.0000e-01 -99.9
'380_918' 20 12 1976 2.6000e+03 1.6000e+00 6.0000e+00 7.3607e-01 2.1000e+00 3.4000e+00 3.0000e-01 -99.9
'380_918' 21 12 1976 8.5000e+02 3.9000e+00 6.5000e+00 7.6630e-01 4.6000e+00 2.7000e+00 1.0000e-01 -99.9
'380_918' 22 12 1976 3.5200e+03 -1.1000e+00 7.7000e+00 6.6793e-01 2.6000e+00 0.0000e+00 4.0000e-01 -99.9
'380_918' 23 12 1976 1.3700e+03 -1.7000e+00 1.6000e+00 5.9787e-01 4.1000e+00 0.0000e+00 1.0000e-01 -99.9
'380_918' 24 12 1976 4.4000e+02 -2.0000e+00 8.0000e-01 5.6980e-01 3.1000e+00 0.0000e+00 0.0000e+00 -99.9
'380_918' 25 12 1976 4.4200e+03 -6.7000e+00 1.0000e-01 3.9741e-01 4.1000e+00 0.0000e+00 4.0000e-01 -99.9
'380_918' 26 12 1976 4.3100e+03 -4.6000e+00 1.8000e+00 4.3318e-01 4.1000e+00 0.0000e+00 4.0000e-01 -99.9
'380_918' 27 12 1976 1.1900e+03 -1.9000e+00 1.5000e+00 4.7166e-01 6.2000e+00 2.9000e+00 1.0000e-01 -99.9
'380_918' 28 12 1976 2.6300e+03 -6.3000e+00 1.0000e-01 4.1450e-01 4.1000e+00 0.0000e+00 3.0000e-01 -99.9
'380_918' 29 12 1976 4.7000e+03 -9.5000e+00 -9.0000e-01 3.0131e-01 2.6000e+00 0.0000e+00 4.0000e-01 -99.9
'380_918' 30 12 1976 3.0100e+03 -1.1400e+01 -1.6000e+00 2.2598e-01 4.1000e+00 0.0000e+00 3.0000e-01 -99.9
'380_918' 31 12 1976 1.5300e+03 -1.9000e+00 7.6000e+00 5.7060e-01 6.2000e+00 3.3000e+00 2.0000e-01 -99.9
