* Source of data    : Royal Netherlands Meterological Institute (www.knmi.nl) stations 370 and 918
* File content      : Input file for Swap 3.2 (www.swap.alterra.nl) 
* File generated by : Alterra - Wageningen-UR (www.alterra.wur.nl) 
* File generated at : 2015-02-19 20:52:54
station DD MM YYYY Rad Tmin Tmax Hum Wind Rain ETref Wet
'380_918' 01 01 1975 1.2600e+03 5.7000e+00 7.3000e+00 9.2798e-01 4.1000e+00 0.0000e+00 2.0000e-01 -99.9
'380_918' 02 01 1975 1.1800e+03 1.4000e+00 6.9000e+00 7.4888e-01 1.5000e+00 0.0000e+00 1.0000e-01 -99.9
'380_918' 03 01 1975 6.2000e+02 1.1000e+00 4.3000e+00 6.5565e-01 2.1000e+00 0.0000e+00 1.0000e-01 -99.9
'380_918' 04 01 1975 1.1900e+03 2.3000e+00 5.7000e+00 7.5863e-01 4.1000e+00 0.0000e+00 1.0000e-01 -99.9
'380_918' 05 01 1975 5.6000e+02 3.8000e+00 7.2000e+00 8.6065e-01 6.7000e+00 0.0000e+00 1.0000e-01 -99.9
'380_918' 06 01 1975 4.4000e+02 6.0000e+00 9.0000e+00 9.6918e-01 7.2000e+00 8.4000e+00 1.0000e-01 -99.9
'380_918' 07 01 1975 1.4700e+03 3.7000e+00 7.2000e+00 8.4833e-01 5.1000e+00 6.9000e+00 2.0000e-01 -99.9
'380_918' 08 01 1975 4.1400e+03 -2.0000e-01 6.0000e+00 6.3010e-01 3.6000e+00 0.0000e+00 5.0000e-01 -99.9
'380_918' 09 01 1975 7.7000e+02 -1.0000e-01 7.4000e+00 7.0244e-01 5.7000e+00 0.0000e+00 1.0000e-01 -99.9
'380_918' 10 01 1975 1.1500e+03 3.8000e+00 8.1000e+00 6.9055e-01 4.1000e+00 0.0000e+00 2.0000e-01 -99.9
'380_918' 11 01 1975 1.3400e+03 3.4000e+00 7.9000e+00 7.5655e-01 6.2000e+00 0.0000e+00 2.0000e-01 -99.9
'380_918' 12 01 1975 3.8700e+03 3.8000e+00 1.0600e+01 8.0838e-01 7.2000e+00 0.0000e+00 5.0000e-01 -99.9
'380_918' 13 01 1975 4.2800e+03 5.7000e+00 9.9000e+00 8.3723e-01 5.7000e+00 0.0000e+00 6.0000e-01 -99.9
'380_918' 14 01 1975 4.3900e+03 6.9000e+00 1.3700e+01 7.4284e-01 9.3000e+00 0.0000e+00 7.0000e-01 -99.9
'380_918' 15 01 1975 3.5800e+03 1.0600e+01 1.4800e+01 7.9948e-01 8.7000e+00 9.0000e-01 6.0000e-01 -99.9
'380_918' 16 01 1975 2.0700e+03 7.8000e+00 1.2900e+01 8.2896e-01 9.8000e+00 2.0000e-01 3.0000e-01 -99.9
'380_918' 17 01 1975 1.8500e+03 4.7000e+00 9.3000e+00 8.1044e-01 8.7000e+00 5.3000e+00 2.0000e-01 -99.9
'380_918' 18 01 1975 2.6400e+03 2.6000e+00 9.6000e+00 7.8412e-01 5.1000e+00 4.8000e+00 3.0000e-01 -99.9
'380_918' 19 01 1975 2.4000e+03 1.1000e+00 6.4000e+00 7.1339e-01 4.1000e+00 0.0000e+00 3.0000e-01 -99.9
'380_918' 20 01 1975 4.7400e+03 8.0000e-01 6.2000e+00 6.5416e-01 6.2000e+00 1.2000e+00 6.0000e-01 -99.9
'380_918' 21 01 1975 2.5100e+03 2.7000e+00 5.4000e+00 7.2294e-01 7.2000e+00 3.3000e+00 3.0000e-01 -99.9
'380_918' 22 01 1975 2.3200e+03 2.8000e+00 8.4000e+00 7.8398e-01 1.0300e+01 7.4000e+00 3.0000e-01 -99.9
'380_918' 23 01 1975 3.7500e+03 4.1000e+00 8.0000e+00 7.5263e-01 6.7000e+00 2.0000e-01 5.0000e-01 -99.9
'380_918' 24 01 1975 4.4200e+03 4.5000e+00 7.6000e+00 7.8342e-01 5.7000e+00 0.0000e+00 6.0000e-01 -99.9
'380_918' 25 01 1975 1.1500e+03 4.2000e+00 1.0900e+01 8.3895e-01 8.2000e+00 3.4000e+00 2.0000e-01 -99.9
'380_918' 26 01 1975 5.9600e+03 1.2000e+00 6.9000e+00 6.3869e-01 4.6000e+00 1.2000e+00 7.0000e-01 -99.9
'380_918' 27 01 1975 1.4500e+03 3.6000e+00 1.0100e+01 8.4900e-01 8.2000e+00 7.4000e+00 2.0000e-01 -99.9
'380_918' 28 01 1975 1.3600e+03 2.0000e+00 6.2000e+00 7.4463e-01 7.2000e+00 9.8000e+00 2.0000e-01 -99.9
'380_918' 29 01 1975 2.5700e+03 3.1000e+00 7.1000e+00 7.5622e-01 4.1000e+00 3.3000e+00 3.0000e-01 -99.9
'380_918' 30 01 1975 1.5100e+03 6.7000e+00 1.2000e+01 1.0512e+00 4.1000e+00 1.0000e-01 2.0000e-01 -99.9
'380_918' 31 01 1975 3.3300e+03 5.5000e+00 1.1900e+01 8.8804e-01 6.2000e+00 8.3000e+00 5.0000e-01 -99.9
'380_918' 01 02 1975 6.1400e+03 2.9000e+00 8.2000e+00 7.2067e-01 3.6000e+00 0.0000e+00 8.0000e-01 -99.9
'380_918' 02 02 1975 1.1900e+03 2.7000e+00 8.7000e+00 8.3175e-01 2.1000e+00 0.0000e+00 2.0000e-01 -99.9
'380_918' 03 02 1975 4.6500e+03 2.8000e+00 6.8000e+00 6.8093e-01 5.7000e+00 0.0000e+00 6.0000e-01 -99.9
'380_918' 04 02 1975 5.9300e+03 -5.0000e-01 4.8000e+00 4.8259e-01 6.7000e+00 0.0000e+00 7.0000e-01 -99.9
'380_918' 05 02 1975 6.2800e+03 -2.7000e+00 3.1000e+00 4.8390e-01 4.1000e+00 0.0000e+00 7.0000e-01 -99.9
'380_918' 06 02 1975 6.9400e+03 -1.8000e+00 7.1000e+00 4.9675e-01 4.1000e+00 0.0000e+00 8.0000e-01 -99.9
'380_918' 07 02 1975 6.9700e+03 -3.6000e+00 7.3000e+00 5.1398e-01 3.1000e+00 0.0000e+00 8.0000e-01 -99.9
'380_918' 08 02 1975 6.8000e+03 -2.4000e+00 6.2000e+00 5.5872e-01 3.6000e+00 0.0000e+00 7.0000e-01 -99.9
'380_918' 09 02 1975 8.0700e+03 -3.0000e+00 8.5000e+00 4.7580e-01 3.1000e+00 0.0000e+00 9.0000e-01 -99.9
'380_918' 10 02 1975 6.6700e+03 -4.0000e-01 1.2300e+01 6.5439e-01 3.6000e+00 0.0000e+00 9.0000e-01 -99.9
'380_918' 11 02 1975 5.1300e+03 5.0000e+00 1.1900e+01 8.4788e-01 3.6000e+00 0.0000e+00 7.0000e-01 -99.9
'380_918' 12 02 1975 3.8600e+03 6.8000e+00 1.0600e+01 9.1431e-01 4.6000e+00 1.0000e-01 5.0000e-01 -99.9
'380_918' 13 02 1975 3.2900e+03 3.8000e+00 7.7000e+00 7.8261e-01 6.2000e+00 2.5000e+00 4.0000e-01 -99.9
'380_918' 14 02 1975 5.9000e+02 1.7000e+00 4.0000e+00 6.5753e-01 4.1000e+00 0.0000e+00 1.0000e-01 -99.9
'380_918' 15 02 1975 3.3000e+03 -2.6000e+00 2.5000e+00 5.3752e-01 3.1000e+00 0.0000e+00 4.0000e-01 -99.9
'380_918' 16 02 1975 9.1400e+03 -4.1000e+00 3.6000e+00 3.9636e-01 4.1000e+00 0.0000e+00 9.0000e-01 -99.9
'380_918' 17 02 1975 5.0500e+03 -4.5000e+00 6.5000e+00 4.2797e-01 5.7000e+00 1.5000e+00 6.0000e-01 -99.9
'380_918' 18 02 1975 8.7000e+02 4.3000e+00 6.8000e+00 8.8480e-01 2.6000e+00 1.4700e+01 1.0000e-01 -99.9
'380_918' 19 02 1975 3.5900e+03 -6.0000e-01 5.5000e+00 6.1065e-01 5.1000e+00 0.0000e+00 4.0000e-01 -99.9
'380_918' 20 02 1975 9.5800e+03 -1.7000e+00 5.8000e+00 5.5143e-01 3.1000e+00 0.0000e+00 1.1000e+00 -99.9
'380_918' 21 02 1975 1.0370e+04 -1.6000e+00 9.1000e+00 4.9536e-01 5.1000e+00 0.0000e+00 1.2000e+00 -99.9
'380_918' 22 02 1975 9.4800e+03 -3.5000e+00 8.6000e+00 4.7111e-01 3.1000e+00 0.0000e+00 1.1000e+00 -99.9
'380_918' 23 02 1975 9.8600e+03 -5.0000e-01 1.0900e+01 6.1687e-01 2.6000e+00 0.0000e+00 1.2000e+00 -99.9
'380_918' 24 02 1975 7.8100e+03 -1.3000e+00 8.2000e+00 6.2517e-01 2.1000e+00 0.0000e+00 9.0000e-01 -99.9
'380_918' 25 02 1975 9.0300e+03 -4.0000e-01 7.2000e+00 6.2938e-01 5.1000e+00 0.0000e+00 1.1000e+00 -99.9
'380_918' 26 02 1975 1.0730e+04 -5.0000e-01 9.6000e+00 5.3677e-01 4.6000e+00 0.0000e+00 1.3000e+00 -99.9
'380_918' 27 02 1975 1.1210e+04 -2.0000e+00 1.0200e+01 4.5948e-01 3.1000e+00 0.0000e+00 1.4000e+00 -99.9
'380_918' 28 02 1975 9.6500e+03 -2.2000e+00 1.1700e+01 5.2061e-01 2.6000e+00 0.0000e+00 1.2000e+00 -99.9
'380_918' 01 03 1975 7.7700e+03 -1.1000e+00 1.3200e+01 5.9198e-01 3.6000e+00 0.0000e+00 1.0000e+00 -99.9
'380_918' 02 03 1975 8.4100e+03 5.8000e+00 1.4900e+01 9.4388e-01 5.7000e+00 3.6000e+00 1.2000e+00 -99.9
'380_918' 03 03 1975 6.8700e+03 6.1000e+00 1.2500e+01 8.9074e-01 5.7000e+00 0.0000e+00 1.0000e+00 -99.9
'380_918' 04 03 1975 4.2200e+03 6.4000e+00 1.1200e+01 9.2666e-01 4.1000e+00 0.0000e+00 6.0000e-01 -99.9
'380_918' 05 03 1975 4.6200e+03 5.6000e+00 1.0100e+01 9.0158e-01 5.1000e+00 0.0000e+00 6.0000e-01 -99.9
'380_918' 06 03 1975 2.5500e+03 6.1000e+00 9.3000e+00 9.2952e-01 4.6000e+00 8.0000e-01 3.0000e-01 -99.9
'380_918' 07 03 1975 2.8100e+03 6.2000e+00 9.3000e+00 9.4357e-01 6.2000e+00 9.7000e+00 4.0000e-01 -99.9
'380_918' 08 03 1975 8.2200e+03 4.6000e+00 1.0700e+01 7.9779e-01 4.6000e+00 0.0000e+00 1.1000e+00 -99.9
'380_918' 09 03 1975 3.2300e+03 4.7000e+00 9.5000e+00 8.5480e-01 3.6000e+00 1.3000e+00 4.0000e-01 -99.9
'380_918' 10 03 1975 4.5300e+03 5.6000e+00 8.2000e+00 8.4226e-01 2.6000e+00 2.1000e+00 6.0000e-01 -99.9
'380_918' 11 03 1975 2.0600e+03 4.3000e+00 6.1000e+00 8.3877e-01 2.1000e+00 4.0000e-01 3.0000e-01 -99.9
'380_918' 12 03 1975 1.4000e+03 4.5000e+00 6.2000e+00 8.4778e-01 4.6000e+00 5.0000e-01 2.0000e-01 -99.9
'380_918' 13 03 1975 2.8900e+03 3.8000e+00 6.1000e+00 8.0578e-01 4.6000e+00 0.0000e+00 4.0000e-01 -99.9
'380_918' 14 03 1975 1.3100e+03 3.5000e+00 4.9000e+00 7.7450e-01 2.1000e+00 0.0000e+00 2.0000e-01 -99.9
'380_918' 15 03 1975 2.0100e+03 2.0000e+00 5.2000e+00 7.5388e-01 2.6000e+00 2.5000e+00 2.0000e-01 -99.9
'380_918' 16 03 1975 8.4700e+03 -1.7000e+00 5.6000e+00 5.8924e-01 3.1000e+00 4.0000e-01 1.0000e+00 -99.9
'380_918' 17 03 1975 6.5500e+03 -3.9000e+00 2.5000e+00 5.4067e-01 4.1000e+00 1.9000e+00 7.0000e-01 -99.9
'380_918' 18 03 1975 7.9000e+03 -2.9000e+00 1.0000e+00 4.8467e-01 7.7000e+00 0.0000e+00 8.0000e-01 -99.9
'380_918' 19 03 1975 1.2000e+03 -9.0000e-01 5.7000e+00 6.4803e-01 8.2000e+00 9.8000e+00 1.0000e-01 -99.9
'380_918' 20 03 1975 8.3200e+03 1.8000e+00 6.3000e+00 6.9237e-01 3.6000e+00 9.0000e-01 1.0000e+00 -99.9
'380_918' 21 03 1975 1.0870e+04 2.0000e-01 9.4000e+00 6.5025e-01 3.1000e+00 3.0000e-01 1.4000e+00 -99.9
'380_918' 22 03 1975 4.4100e+03 1.0000e-01 5.7000e+00 6.4058e-01 5.1000e+00 6.8000e+00 5.0000e-01 -99.9
'380_918' 23 03 1975 1.6200e+04 -5.0000e-01 8.8000e+00 5.1162e-01 2.6000e+00 6.0000e-01 2.0000e+00 -99.9
'380_918' 24 03 1975 7.0500e+03 -1.0000e-01 6.9000e+00 6.6332e-01 5.1000e+00 3.0000e+00 8.0000e-01 -99.9
'380_918' 25 03 1975 8.6400e+03 -3.0000e-01 5.5000e+00 5.6843e-01 5.1000e+00 1.2000e+00 1.0000e+00 -99.9
'380_918' 26 03 1975 1.3500e+03 1.0000e+00 5.5000e+00 7.1509e-01 5.1000e+00 7.6000e+00 2.0000e-01 -99.9
'380_918' 27 03 1975 4.3700e+03 -6.0000e-01 4.7000e+00 6.7357e-01 3.1000e+00 1.3400e+01 5.0000e-01 -99.9
'380_918' 28 03 1975 6.7300e+03 -5.0000e-01 4.1000e+00 6.5798e-01 4.1000e+00 4.4000e+00 7.0000e-01 -99.9
'380_918' 29 03 1975 1.3500e+04 1.0000e-01 6.8000e+00 6.0688e-01 4.6000e+00 2.3000e+00 1.6000e+00 -99.9
'380_918' 30 03 1975 1.0000e+04 -8.0000e-01 5.5000e+00 6.2634e-01 3.1000e+00 8.0000e-01 1.1000e+00 -99.9
'380_918' 31 03 1975 1.0930e+04 -1.3000e+00 7.1000e+00 5.6611e-01 2.6000e+00 0.0000e+00 1.3000e+00 -99.9
'380_918' 01 04 1975 9.9300e+03 9.0000e-01 7.3000e+00 6.3725e-01 2.6000e+00 3.6000e+00 1.2000e+00 -99.9
'380_918' 02 04 1975 1.7200e+03 9.0000e-01 3.4000e+00 6.7480e-01 4.6000e+00 6.8000e+00 2.0000e-01 -99.9
'380_918' 03 04 1975 1.0320e+04 -5.0000e-01 6.1000e+00 5.7990e-01 2.6000e+00 0.0000e+00 1.2000e+00 -99.9
'380_918' 04 04 1975 9.9400e+03 0.0000e+00 6.2000e+00 6.6889e-01 3.1000e+00 8.0000e-01 1.1000e+00 -99.9
'380_918' 05 04 1975 1.4820e+04 -1.6000e+00 7.2000e+00 5.4524e-01 3.1000e+00 5.0000e-01 1.8000e+00 -99.9
'380_918' 06 04 1975 4.4700e+03 -1.0000e-01 3.6000e+00 6.5912e-01 2.1000e+00 3.8000e+00 5.0000e-01 -99.9
'380_918' 07 04 1975 9.4900e+03 -6.0000e-01 6.5000e+00 5.7609e-01 6.2000e+00 3.7000e+00 1.1000e+00 -99.9
'380_918' 08 04 1975 1.3350e+04 6.0000e-01 7.2000e+00 6.1933e-01 6.7000e+00 4.0000e-01 1.6000e+00 -99.9
'380_918' 09 04 1975 8.8600e+03 -2.0000e-01 6.1000e+00 6.3915e-01 4.6000e+00 7.8000e+00 1.0000e+00 -99.9
'380_918' 10 04 1975 1.2950e+04 -1.3000e+00 6.1000e+00 5.8707e-01 3.1000e+00 9.0000e-01 1.5000e+00 -99.9
'380_918' 11 04 1975 3.5700e+03 1.0000e-01 5.4000e+00 6.4250e-01 4.6000e+00 9.0000e-01 4.0000e-01 -99.9
'380_918' 12 04 1975 2.2100e+03 3.8000e+00 9.0000e+00 8.9733e-01 4.1000e+00 5.0000e-01 3.0000e-01 -99.9
'380_918' 13 04 1975 7.5700e+03 4.7000e+00 1.2200e+01 8.8595e-01 2.6000e+00 3.0000e-01 1.1000e+00 -99.9
'380_918' 14 04 1975 5.4500e+03 9.5000e+00 1.3800e+01 1.2065e+00 5.1000e+00 1.6000e+00 8.0000e-01 -99.9
'380_918' 15 04 1975 9.8400e+03 7.3000e+00 1.2200e+01 1.0114e+00 4.6000e+00 8.2000e+00 1.4000e+00 -99.9
'380_918' 16 04 1975 2.6600e+03 5.3000e+00 8.1000e+00 9.0828e-01 3.6000e+00 3.0000e-01 3.0000e-01 -99.9
'380_918' 17 04 1975 1.1090e+04 4.6000e+00 1.1600e+01 9.0037e-01 2.6000e+00 4.6000e+00 1.6000e+00 -99.9
'380_918' 18 04 1975 9.8700e+03 9.5000e+00 1.7400e+01 1.2938e+00 3.6000e+00 0.0000e+00 1.5000e+00 -99.9
'380_918' 19 04 1975 2.9500e+03 8.3000e+00 1.4000e+01 1.1571e+00 3.1000e+00 2.4000e+00 4.0000e-01 -99.9
'380_918' 20 04 1975 1.2990e+04 7.3000e+00 1.4800e+01 9.9281e-01 2.6000e+00 0.0000e+00 1.9000e+00 -99.9
'380_918' 21 04 1975 1.9680e+04 5.8000e+00 1.7500e+01 9.2183e-01 2.1000e+00 0.0000e+00 3.0000e+00 -99.9
'380_918' 22 04 1975 2.1080e+04 7.0000e+00 1.9600e+01 9.6095e-01 2.6000e+00 0.0000e+00 3.4000e+00 -99.9
'380_918' 23 04 1975 1.7910e+04 7.5000e+00 1.7300e+01 1.1289e+00 4.1000e+00 0.0000e+00 2.8000e+00 -99.9
'380_918' 24 04 1975 9.8900e+03 5.7000e+00 1.4500e+01 1.0372e+00 3.6000e+00 0.0000e+00 1.4000e+00 -99.9
'380_918' 25 04 1975 2.0110e+04 4.4000e+00 1.4500e+01 8.3307e-01 4.1000e+00 0.0000e+00 2.9000e+00 -99.9
'380_918' 26 04 1975 7.1500e+03 6.6000e+00 1.1000e+01 9.2884e-01 3.1000e+00 0.0000e+00 1.0000e+00 -99.9
'380_918' 27 04 1975 2.1970e+04 1.0000e+00 1.6500e+01 7.5920e-01 1.5000e+00 0.0000e+00 3.2000e+00 -99.9
'380_918' 28 04 1975 2.1830e+04 5.4000e+00 2.0000e+01 8.9493e-01 2.1000e+00 0.0000e+00 3.5000e+00 -99.9
'380_918' 29 04 1975 2.0230e+04 1.0300e+01 2.3300e+01 1.0110e+00 6.2000e+00 9.5000e+00 3.5000e+00 -99.9
'380_918' 30 04 1975 1.6140e+04 4.3000e+00 1.3700e+01 7.9296e-01 3.6000e+00 3.8000e+00 2.3000e+00 -99.9
'380_918' 01 05 1975 2.0120e+04 3.4000e+00 1.6600e+01 6.8450e-01 4.1000e+00 0.0000e+00 3.0000e+00 -99.9
'380_918' 02 05 1975 1.6470e+04 6.0000e+00 1.6300e+01 9.4503e-01 4.1000e+00 9.1000e+00 2.5000e+00 -99.9
'380_918' 03 05 1975 1.2710e+04 3.2000e+00 1.0700e+01 8.0865e-01 4.1000e+00 5.0000e-01 1.7000e+00 -99.9
'380_918' 04 05 1975 1.4350e+04 3.7000e+00 1.1200e+01 8.2712e-01 5.1000e+00 2.7000e+00 1.9000e+00 -99.9
'380_918' 05 05 1975 1.9500e+04 6.0000e+00 1.5300e+01 8.8805e-01 8.2000e+00 1.0000e-01 2.9000e+00 -99.9
'380_918' 06 05 1975 1.1540e+04 6.6000e+00 1.6400e+01 9.8617e-01 6.7000e+00 2.0000e-01 1.8000e+00 -99.9
'380_918' 07 05 1975 1.6370e+04 7.7000e+00 1.8000e+01 1.0728e+00 5.7000e+00 1.0000e-01 2.6000e+00 -99.9
'380_918' 08 05 1975 1.8710e+04 4.4000e+00 1.7700e+01 9.0009e-01 3.1000e+00 0.0000e+00 2.9000e+00 -99.9
'380_918' 09 05 1975 1.5360e+04 6.9000e+00 1.5900e+01 1.0398e+00 3.1000e+00 3.0000e-01 2.3000e+00 -99.9
'380_918' 10 05 1975 1.3810e+04 7.1000e+00 1.5900e+01 1.0490e+00 5.1000e+00 0.0000e+00 2.1000e+00 -99.9
'380_918' 11 05 1975 1.5130e+04 5.2000e+00 1.6500e+01 1.0104e+00 3.6000e+00 0.0000e+00 2.2000e+00 -99.9
'380_918' 12 05 1975 1.9530e+04 3.0000e+00 1.3700e+01 7.1542e-01 2.6000e+00 0.0000e+00 2.7000e+00 -99.9
'380_918' 13 05 1975 1.5340e+04 5.4000e+00 1.6700e+01 8.6569e-01 3.6000e+00 3.0000e+00 2.4000e+00 -99.9
'380_918' 14 05 1975 1.6620e+04 9.0000e+00 1.7000e+01 1.1394e+00 2.6000e+00 0.0000e+00 2.6000e+00 -99.9
'380_918' 15 05 1975 1.6780e+04 7.1000e+00 1.7700e+01 1.0239e+00 2.6000e+00 0.0000e+00 2.6000e+00 -99.9
'380_918' 16 05 1975 1.5920e+04 7.5000e+00 1.9700e+01 1.2288e+00 2.6000e+00 0.0000e+00 2.5000e+00 -99.9
'380_918' 17 05 1975 1.9750e+04 1.0500e+01 2.2700e+01 1.2177e+00 3.1000e+00 0.0000e+00 3.4000e+00 -99.9
'380_918' 18 05 1975 2.4340e+04 9.5000e+00 2.0000e+01 1.2289e+00 3.1000e+00 0.0000e+00 4.0000e+00 -99.9
'380_918' 19 05 1975 6.7300e+03 6.8000e+00 1.2900e+01 1.0336e+00 2.1000e+00 0.0000e+00 1.0000e+00 -99.9
'380_918' 20 05 1975 2.6210e+04 4.5000e+00 2.0100e+01 9.3070e-01 2.6000e+00 0.0000e+00 4.2000e+00 -99.9
'380_918' 21 05 1975 2.1380e+04 4.9000e+00 1.5700e+01 8.5157e-01 4.1000e+00 0.0000e+00 3.2000e+00 -99.9
'380_918' 22 05 1975 2.2980e+04 4.0000e+00 1.3200e+01 6.8856e-01 3.6000e+00 0.0000e+00 3.2000e+00 -99.9
'380_918' 23 05 1975 1.5360e+04 1.0000e+00 1.1200e+01 6.3332e-01 3.1000e+00 0.0000e+00 2.1000e+00 -99.9
'380_918' 24 05 1975 1.3510e+04 5.0000e+00 1.2100e+01 7.6588e-01 2.1000e+00 0.0000e+00 1.9000e+00 -99.9
'380_918' 25 05 1975 1.4760e+04 3.1000e+00 1.9000e+01 7.8194e-01 4.1000e+00 0.0000e+00 2.2000e+00 -99.9
'380_918' 26 05 1975 1.9980e+04 6.9000e+00 1.9200e+01 9.3535e-01 4.6000e+00 0.0000e+00 3.2000e+00 -99.9
'380_918' 27 05 1975 1.0170e+04 9.5000e+00 1.8500e+01 1.1287e+00 5.7000e+00 0.0000e+00 1.6000e+00 -99.9
'380_918' 28 05 1975 2.2480e+04 9.9000e+00 2.3700e+01 1.1373e+00 3.6000e+00 0.0000e+00 3.9000e+00 -99.9
'380_918' 29 05 1975 2.3030e+04 6.5000e+00 1.8900e+01 1.0064e+00 4.1000e+00 0.0000e+00 3.5000e+00 -99.9
'380_918' 30 05 1975 1.1430e+04 5.6000e+00 1.2200e+01 7.5450e-01 4.1000e+00 0.0000e+00 1.6000e+00 -99.9
'380_918' 31 05 1975 2.0620e+04 4.1000e+00 1.3400e+01 7.1626e-01 3.6000e+00 0.0000e+00 2.9000e+00 -99.9
'380_918' 01 06 1975 1.8470e+04 9.0000e-01 1.2200e+01 6.9746e-01 2.1000e+00 0.0000e+00 2.5000e+00 -99.9
'380_918' 02 06 1975 1.7150e+04 3.2000e+00 1.4000e+01 7.6843e-01 6.2000e+00 5.2000e+00 2.4000e+00 -99.9
'380_918' 03 06 1975 7.2400e+03 5.0000e+00 1.0400e+01 8.9756e-01 6.7000e+00 1.0000e+01 1.0000e+00 -99.9
'380_918' 04 06 1975 1.1160e+04 4.5000e+00 1.1700e+01 9.0919e-01 2.6000e+00 0.0000e+00 1.6000e+00 -99.9
'380_918' 05 06 1975 2.3780e+04 3.5000e+00 1.8500e+01 7.3449e-01 2.6000e+00 0.0000e+00 3.7000e+00 -99.9
'380_918' 06 06 1975 2.5550e+04 1.0000e+01 2.2100e+01 1.0253e+00 3.6000e+00 0.0000e+00 4.4000e+00 -99.9
'380_918' 07 06 1975 2.7580e+04 9.0000e+00 2.3000e+01 9.2942e-01 3.6000e+00 0.0000e+00 4.7000e+00 -99.9
'380_918' 08 06 1975 2.6880e+04 8.4000e+00 2.2700e+01 8.6668e-01 3.6000e+00 0.0000e+00 4.6000e+00 -99.9
'380_918' 09 06 1975 2.5510e+04 8.6000e+00 2.3300e+01 1.0610e+00 4.6000e+00 0.0000e+00 4.4000e+00 -99.9
'380_918' 10 06 1975 1.9840e+04 1.2200e+01 2.4100e+01 1.5438e+00 4.1000e+00 0.0000e+00 3.5000e+00 -99.9
'380_918' 11 06 1975 2.0880e+04 1.4800e+01 2.4200e+01 1.5787e+00 5.1000e+00 0.0000e+00 3.7000e+00 -99.9
'380_918' 12 06 1975 2.5090e+04 1.2800e+01 2.7000e+01 1.4008e+00 3.6000e+00 0.0000e+00 4.6000e+00 -99.9
'380_918' 13 06 1975 2.5790e+04 1.3900e+01 2.6500e+01 1.3070e+00 2.6000e+00 0.0000e+00 4.7000e+00 -99.9
'380_918' 14 06 1975 1.9120e+04 1.2400e+01 2.4400e+01 1.4687e+00 3.6000e+00 5.4000e+00 3.4000e+00 -99.9
'380_918' 15 06 1975 9.3400e+03 1.2000e+01 1.9800e+01 1.5363e+00 2.6000e+00 7.2000e+00 1.6000e+00 -99.9
'380_918' 16 06 1975 1.8970e+04 8.7000e+00 1.7600e+01 1.0251e+00 3.1000e+00 0.0000e+00 3.0000e+00 -99.9
'380_918' 17 06 1975 1.2370e+04 1.0300e+01 1.7600e+01 1.3286e+00 2.6000e+00 5.3000e+00 2.0000e+00 -99.9
'380_918' 18 06 1975 5.9700e+03 1.0400e+01 1.5700e+01 1.3599e+00 2.1000e+00 0.0000e+00 9.0000e-01 -99.9
'380_918' 19 06 1975 2.6440e+04 1.0000e+01 2.2100e+01 1.1430e+00 2.1000e+00 0.0000e+00 4.5000e+00 -99.9
'380_918' 20 06 1975 2.2470e+04 1.0900e+01 2.3500e+01 1.2771e+00 2.6000e+00 0.0000e+00 3.9000e+00 -99.9
'380_918' 21 06 1975 8.2700e+03 1.3700e+01 2.0600e+01 1.6958e+00 3.6000e+00 1.6700e+01 1.4000e+00 -99.9
'380_918' 22 06 1975 6.2600e+03 1.5800e+01 2.1700e+01 2.0171e+00 3.6000e+00 9.7000e+00 1.1000e+00 -99.9
'380_918' 23 06 1975 8.6200e+03 1.6200e+01 2.1600e+01 2.0209e+00 2.6000e+00 0.0000e+00 1.5000e+00 -99.9
'380_918' 24 06 1975 4.4000e+03 1.3700e+01 1.9500e+01 1.7800e+00 3.1000e+00 1.1200e+01 8.0000e-01 -99.9
'380_918' 25 06 1975 2.3360e+04 1.0300e+01 1.7600e+01 1.1896e+00 4.1000e+00 0.0000e+00 3.8000e+00 -99.9
'380_918' 26 06 1975 2.7940e+04 8.5000e+00 2.1500e+01 1.1468e+00 2.6000e+00 0.0000e+00 4.7000e+00 -99.9
'380_918' 27 06 1975 8.6400e+03 1.2000e+01 1.5700e+01 1.2096e+00 4.6000e+00 0.0000e+00 1.4000e+00 -99.9
'380_918' 28 06 1975 7.8600e+03 9.4000e+00 1.3300e+01 9.4537e-01 3.6000e+00 2.7000e+00 1.2000e+00 -99.9
'380_918' 29 06 1975 1.5520e+04 6.5000e+00 1.7000e+01 1.0590e+00 3.6000e+00 1.6000e+00 2.4000e+00 -99.9
'380_918' 30 06 1975 1.6550e+04 8.9000e+00 1.8300e+01 1.1391e+00 4.1000e+00 0.0000e+00 2.6000e+00 -99.9
'380_918' 01 07 1975 2.7150e+04 5.9000e+00 2.0800e+01 9.5726e-01 3.1000e+00 0.0000e+00 4.4000e+00 -99.9
'380_918' 02 07 1975 1.5730e+04 9.9000e+00 2.0800e+01 1.2882e+00 2.6000e+00 0.0000e+00 2.6000e+00 -99.9
'380_918' 03 07 1975 2.1640e+04 1.5000e+01 2.5100e+01 1.6891e+00 4.1000e+00 7.2000e+00 3.9000e+00 -99.9
'380_918' 04 07 1975 1.7280e+04 1.4500e+01 2.1700e+01 1.6355e+00 5.7000e+00 8.0000e-01 3.0000e+00 -99.9
'380_918' 05 07 1975 1.4540e+04 1.1000e+01 2.2100e+01 1.5123e+00 3.1000e+00 0.0000e+00 2.4000e+00 -99.9
'380_918' 06 07 1975 2.1500e+04 1.1800e+01 2.3800e+01 1.5076e+00 2.1000e+00 0.0000e+00 3.7000e+00 -99.9
'380_918' 07 07 1975 2.5450e+04 1.2800e+01 2.8000e+01 1.5308e+00 3.6000e+00 0.0000e+00 4.7000e+00 -99.9
'380_918' 08 07 1975 2.2500e+04 1.5500e+01 2.9300e+01 1.7221e+00 3.1000e+00 4.1000e+01 4.3000e+00 -99.9
'380_918' 09 07 1975 2.2090e+04 1.5200e+01 2.4600e+01 1.5745e+00 2.6000e+00 0.0000e+00 4.0000e+00 -99.9
'380_918' 10 07 1975 1.8050e+04 1.4700e+01 2.3600e+01 1.6156e+00 2.6000e+00 4.0000e+00 3.2000e+00 -99.9
'380_918' 11 07 1975 1.7220e+04 1.4700e+01 2.4200e+01 1.7014e+00 2.6000e+00 0.0000e+00 3.1000e+00 -99.9
'380_918' 12 07 1975 1.4370e+04 1.2500e+01 2.1800e+01 1.4547e+00 3.6000e+00 0.0000e+00 2.5000e+00 -99.9
'380_918' 13 07 1975 1.8560e+04 1.6200e+01 2.4400e+01 1.6554e+00 3.6000e+00 0.0000e+00 3.4000e+00 -99.9
'380_918' 14 07 1975 2.4540e+04 1.5300e+01 3.1600e+01 1.7467e+00 4.1000e+00 0.0000e+00 4.7000e+00 -99.9
'380_918' 15 07 1975 1.8220e+04 1.5400e+01 2.2300e+01 1.4429e+00 4.6000e+00 0.0000e+00 3.2000e+00 -99.9
'380_918' 16 07 1975 1.4830e+04 1.4000e+01 2.1100e+01 1.4441e+00 5.1000e+00 0.0000e+00 2.6000e+00 -99.9
'380_918' 17 07 1975 1.5700e+04 1.3400e+01 2.2100e+01 1.5594e+00 2.6000e+00 6.0000e+00 2.8000e+00 -99.9
'380_918' 18 07 1975 1.4960e+04 1.4300e+01 2.2500e+01 1.6529e+00 2.6000e+00 1.0000e-01 2.6000e+00 -99.9
'380_918' 19 07 1975 8.8400e+03 1.2400e+01 2.1400e+01 1.5832e+00 2.6000e+00 5.4000e+00 1.5000e+00 -99.9
'380_918' 20 07 1975 6.2100e+03 1.4000e+01 1.9700e+01 1.7155e+00 3.1000e+00 4.0000e-01 1.1000e+00 -99.9
'380_918' 21 07 1975 1.4200e+04 1.3000e+01 2.1800e+01 1.4474e+00 3.1000e+00 0.0000e+00 2.5000e+00 -99.9
'380_918' 22 07 1975 2.0740e+04 1.0500e+01 2.1200e+01 1.1821e+00 4.1000e+00 0.0000e+00 3.5000e+00 -99.9
'380_918' 23 07 1975 1.9150e+04 1.4700e+01 2.5000e+01 1.4673e+00 5.1000e+00 1.0000e-01 3.5000e+00 -99.9
'380_918' 24 07 1975 1.8890e+04 1.2300e+01 1.9400e+01 1.1903e+00 4.6000e+00 7.8000e+00 3.1000e+00 -99.9
'380_918' 25 07 1975 1.6580e+04 1.0900e+01 1.8100e+01 1.2180e+00 4.1000e+00 1.3000e+00 2.7000e+00 -99.9
'380_918' 26 07 1975 1.4870e+04 7.4000e+00 2.0000e+01 1.0298e+00 2.1000e+00 0.0000e+00 2.5000e+00 -99.9
'380_918' 27 07 1975 8.5600e+03 1.2800e+01 1.9900e+01 1.4642e+00 1.0000e+00 0.0000e+00 1.5000e+00 -99.9
'380_918' 28 07 1975 1.3420e+04 1.1800e+01 2.2300e+01 1.5181e+00 1.5000e+00 0.0000e+00 2.3000e+00 -99.9
'380_918' 29 07 1975 2.4680e+04 1.1800e+01 2.5600e+01 1.3635e+00 2.1000e+00 0.0000e+00 4.5000e+00 -99.9
'380_918' 30 07 1975 2.3150e+04 1.4000e+01 2.8500e+01 1.5189e+00 2.1000e+00 0.0000e+00 4.4000e+00 -99.9
'380_918' 31 07 1975 2.1010e+04 1.5600e+01 3.0400e+01 1.7374e+00 2.1000e+00 1.5000e+01 4.0000e+00 -99.9
'380_918' 01 08 1975 2.0250e+04 1.5600e+01 2.5600e+01 1.7500e+00 4.1000e+00 0.0000e+00 3.7000e+00 -99.9
'380_918' 02 08 1975 2.3290e+04 1.3700e+01 2.6500e+01 1.5112e+00 3.1000e+00 0.0000e+00 4.2000e+00 -99.9
'380_918' 03 08 1975 2.3300e+04 1.4000e+01 3.0100e+01 1.4891e+00 3.1000e+00 0.0000e+00 4.4000e+00 -99.9
'380_918' 04 08 1975 2.3910e+04 1.5500e+01 3.2400e+01 1.6295e+00 3.6000e+00 0.0000e+00 4.7000e+00 -99.9
'380_918' 05 08 1975 2.4340e+04 1.6000e+01 3.2300e+01 1.4805e+00 4.6000e+00 0.0000e+00 4.8000e+00 -99.9
'380_918' 06 08 1975 2.3440e+04 1.5700e+01 3.1900e+01 1.4510e+00 2.6000e+00 0.0000e+00 4.6000e+00 -99.9
'380_918' 07 08 1975 2.2310e+04 1.7900e+01 3.2400e+01 1.6740e+00 3.6000e+00 0.0000e+00 4.4000e+00 -99.9
'380_918' 08 08 1975 2.1670e+04 1.7800e+01 3.2300e+01 1.7212e+00 4.6000e+00 0.0000e+00 4.3000e+00 -99.9
'380_918' 09 08 1975 2.1110e+04 1.7000e+01 3.2600e+01 1.8355e+00 4.6000e+00 0.0000e+00 4.1000e+00 -99.9
'380_918' 10 08 1975 1.6850e+04 1.6300e+01 2.6400e+01 2.0245e+00 3.1000e+00 1.1400e+01 3.0000e+00 -99.9
'380_918' 11 08 1975 5.8700e+03 1.5400e+01 1.9100e+01 1.8370e+00 2.6000e+00 4.0000e-01 1.0000e+00 -99.9
'380_918' 12 08 1975 2.0470e+04 1.5700e+01 2.6500e+01 1.8135e+00 3.1000e+00 0.0000e+00 3.8000e+00 -99.9
'380_918' 13 08 1975 1.5030e+04 1.4800e+01 2.6000e+01 1.8851e+00 2.6000e+00 0.0000e+00 2.7000e+00 -99.9
'380_918' 14 08 1975 1.7440e+04 1.5400e+01 2.8600e+01 1.7176e+00 2.6000e+00 0.0000e+00 3.3000e+00 -99.9
'380_918' 15 08 1975 8.4300e+03 1.4800e+01 2.2700e+01 1.5479e+00 6.7000e+00 1.8000e+00 1.5000e+00 -99.9
'380_918' 16 08 1975 1.0620e+04 1.4300e+01 2.2300e+01 1.6251e+00 7.2000e+00 3.5000e+00 1.9000e+00 -99.9
'380_918' 17 08 1975 1.0210e+04 1.3200e+01 2.0700e+01 1.6476e+00 4.1000e+00 1.0000e-01 1.7000e+00 -99.9
'380_918' 18 08 1975 1.7880e+04 1.2700e+01 2.1300e+01 1.4321e+00 2.6000e+00 2.0000e-01 3.0000e+00 -99.9
'380_918' 19 08 1975 1.4830e+04 1.1900e+01 2.3200e+01 1.4967e+00 4.6000e+00 2.0000e-01 2.6000e+00 -99.9
'380_918' 20 08 1975 1.5190e+04 1.7900e+01 2.6300e+01 1.9755e+00 4.6000e+00 0.0000e+00 2.8000e+00 -99.9
'380_918' 21 08 1975 1.4320e+04 1.6100e+01 2.8100e+01 2.0019e+00 3.1000e+00 7.2000e+00 2.6000e+00 -99.9
'380_918' 22 08 1975 8.1700e+03 1.2000e+01 1.8800e+01 1.3636e+00 3.6000e+00 0.0000e+00 1.4000e+00 -99.9
'380_918' 23 08 1975 1.2900e+04 1.0600e+01 1.8600e+01 1.2334e+00 3.1000e+00 0.0000e+00 2.1000e+00 -99.9
'380_918' 24 08 1975 1.4760e+04 8.1000e+00 1.9200e+01 1.1056e+00 3.1000e+00 0.0000e+00 2.4000e+00 -99.9
'380_918' 25 08 1975 1.4800e+04 1.2200e+01 1.9400e+01 1.3773e+00 3.1000e+00 1.1000e+00 2.4000e+00 -99.9
'380_918' 26 08 1975 1.7170e+04 1.1200e+01 2.1100e+01 1.3380e+00 3.6000e+00 0.0000e+00 2.9000e+00 -99.9
'380_918' 27 08 1975 1.9980e+04 1.0000e+01 2.2700e+01 1.2580e+00 3.6000e+00 0.0000e+00 3.4000e+00 -99.9
'380_918' 28 08 1975 2.0220e+04 1.1400e+01 2.5200e+01 1.2720e+00 4.1000e+00 0.0000e+00 3.5000e+00 -99.9
'380_918' 29 08 1975 1.9610e+04 1.2800e+01 2.5800e+01 1.3713e+00 2.6000e+00 0.0000e+00 3.5000e+00 -99.9
'380_918' 30 08 1975 1.4130e+04 1.3000e+01 2.6200e+01 1.4979e+00 2.6000e+00 0.0000e+00 2.5000e+00 -99.9
'380_918' 31 08 1975 1.2140e+04 1.3000e+01 2.2800e+01 1.5960e+00 2.6000e+00 0.0000e+00 2.1000e+00 -99.9
'380_918' 01 09 1975 4.7200e+03 1.5000e+01 2.0800e+01 1.7722e+00 1.5000e+00 0.0000e+00 8.0000e-01 -99.9
'380_918' 02 09 1975 7.2300e+03 1.6300e+01 2.1800e+01 1.9954e+00 3.1000e+00 0.0000e+00 1.3000e+00 -99.9
'380_918' 03 09 1975 2.6300e+03 1.5400e+01 1.9000e+01 1.8319e+00 2.6000e+00 0.0000e+00 5.0000e-01 -99.9
'380_918' 04 09 1975 1.4350e+04 9.9000e+00 2.0300e+01 1.2588e+00 1.5000e+00 0.0000e+00 2.4000e+00 -99.9
'380_918' 05 09 1975 1.5030e+04 1.0400e+01 2.0700e+01 1.2312e+00 2.6000e+00 0.0000e+00 2.5000e+00 -99.9
'380_918' 06 09 1975 1.3480e+04 9.3000e+00 1.9800e+01 1.1352e+00 2.1000e+00 0.0000e+00 2.2000e+00 -99.9
'380_918' 07 09 1975 1.1410e+04 9.2000e+00 2.0500e+01 1.3034e+00 1.5000e+00 0.0000e+00 1.9000e+00 -99.9
'380_918' 08 09 1975 1.6520e+04 9.9000e+00 2.2500e+01 1.3150e+00 1.5000e+00 0.0000e+00 2.8000e+00 -99.9
'380_918' 09 09 1975 1.3760e+04 1.2100e+01 2.3300e+01 1.2671e+00 5.7000e+00 2.0000e-01 2.4000e+00 -99.9
'380_918' 10 09 1975 1.1730e+04 1.5200e+01 2.0700e+01 1.4168e+00 5.1000e+00 1.0000e-01 2.0000e+00 -99.9
'380_918' 11 09 1975 1.0170e+04 1.0700e+01 1.9300e+01 1.3242e+00 5.1000e+00 2.5000e+00 1.7000e+00 -99.9
'380_918' 12 09 1975 9.5000e+03 1.0000e+01 1.5200e+01 1.1775e+00 7.2000e+00 3.0000e+00 1.5000e+00 -99.9
'380_918' 13 09 1975 1.2150e+04 9.0000e+00 1.6600e+01 1.1001e+00 7.7000e+00 1.3800e+01 1.9000e+00 -99.9
'380_918' 14 09 1975 9.4400e+03 1.1300e+01 1.7600e+01 1.2066e+00 8.7000e+00 0.0000e+00 1.5000e+00 -99.9
'380_918' 15 09 1975 9.3900e+03 9.4000e+00 1.7000e+01 1.2028e+00 2.1000e+00 0.0000e+00 1.5000e+00 -99.9
'380_918' 16 09 1975 1.4260e+04 9.4000e+00 2.2500e+01 1.2352e+00 3.1000e+00 0.0000e+00 2.4000e+00 -99.9
'380_918' 17 09 1975 6.2400e+03 1.1300e+01 2.3000e+01 1.3607e+00 3.1000e+00 1.0000e-01 1.1000e+00 -99.9
'380_918' 18 09 1975 9.8900e+03 1.3500e+01 2.3000e+01 1.4973e+00 5.1000e+00 0.0000e+00 1.7000e+00 -99.9
'380_918' 19 09 1975 1.3910e+04 1.0500e+01 2.1400e+01 1.3395e+00 2.1000e+00 0.0000e+00 2.3000e+00 -99.9
'380_918' 20 09 1975 1.2340e+04 1.0000e+01 2.1800e+01 1.2867e+00 3.6000e+00 0.0000e+00 2.1000e+00 -99.9
'380_918' 21 09 1975 8.1900e+03 9.2000e+00 1.9500e+01 1.2153e+00 3.1000e+00 0.0000e+00 1.3000e+00 -99.9
'380_918' 22 09 1975 1.3620e+04 6.4000e+00 2.0500e+01 1.0588e+00 1.5000e+00 0.0000e+00 2.2000e+00 -99.9
'380_918' 23 09 1975 1.3190e+04 9.6000e+00 2.2200e+01 1.2895e+00 4.6000e+00 1.3000e+00 2.2000e+00 -99.9
'380_918' 24 09 1975 3.8300e+03 1.3200e+01 1.7900e+01 1.5007e+00 5.1000e+00 6.0000e-01 6.0000e-01 -99.9
'380_918' 25 09 1975 5.3100e+03 1.4700e+01 2.0100e+01 1.4669e+00 1.0300e+01 1.9200e+01 9.0000e-01 -99.9
'380_918' 26 09 1975 8.0800e+03 9.1000e+00 1.5100e+01 1.1608e+00 7.7000e+00 5.5000e+00 1.2000e+00 -99.9
'380_918' 27 09 1975 7.1000e+03 1.0000e+01 2.1500e+01 1.2958e+00 9.8000e+00 1.1000e+00 1.2000e+00 -99.9
'380_918' 28 09 1975 9.6500e+03 1.3100e+01 1.8500e+01 1.3069e+00 5.1000e+00 1.8000e+00 1.6000e+00 -99.9
'380_918' 29 09 1975 9.9200e+03 1.3800e+01 2.4200e+01 1.6381e+00 4.1000e+00 1.0000e-01 1.8000e+00 -99.9
'380_918' 30 09 1975 1.0520e+04 1.3100e+01 2.6600e+01 1.4945e+00 6.7000e+00 1.0000e-01 1.9000e+00 -99.9
'380_918' 01 10 1975 1.1170e+04 8.4000e+00 1.7000e+01 1.0824e+00 5.1000e+00 0.0000e+00 1.7000e+00 -99.9
'380_918' 02 10 1975 9.5800e+03 7.5000e+00 1.6300e+01 1.1040e+00 5.1000e+00 1.9000e+00 1.5000e+00 -99.9
'380_918' 03 10 1975 1.8700e+03 8.9000e+00 1.7200e+01 1.2554e+00 7.7000e+00 1.2000e+00 3.0000e-01 -99.9
'380_918' 04 10 1975 1.0790e+04 7.9000e+00 1.4200e+01 9.9002e-01 4.6000e+00 2.0000e-01 1.6000e+00 -99.9
'380_918' 05 10 1975 4.5300e+03 1.1100e+01 1.4900e+01 1.2180e+00 5.7000e+00 0.0000e+00 7.0000e-01 -99.9
'380_918' 06 10 1975 5.5400e+03 1.1400e+01 1.5600e+01 1.2102e+00 4.6000e+00 1.0000e-01 9.0000e-01 -99.9
'380_918' 07 10 1975 6.0100e+03 7.1000e+00 1.4800e+01 1.0096e+00 3.6000e+00 0.0000e+00 9.0000e-01 -99.9
'380_918' 08 10 1975 7.2700e+03 6.5000e+00 1.3100e+01 9.3169e-01 2.1000e+00 3.0000e-01 1.0000e+00 -99.9
'380_918' 09 10 1975 5.7300e+03 5.2000e+00 1.2600e+01 9.5852e-01 2.6000e+00 8.0000e-01 8.0000e-01 -99.9
'380_918' 10 10 1975 7.0000e+03 1.1000e+00 1.0100e+01 7.2415e-01 2.6000e+00 0.0000e+00 9.0000e-01 -99.9
'380_918' 11 10 1975 9.4700e+03 -5.0000e-01 7.8000e+00 6.0558e-01 5.7000e+00 0.0000e+00 1.1000e+00 -99.9
'380_918' 12 10 1975 1.1330e+04 -6.0000e-01 9.4000e+00 5.9434e-01 6.2000e+00 2.5000e+00 1.4000e+00 -99.9
'380_918' 13 10 1975 2.1800e+03 1.4000e+00 6.9000e+00 7.2473e-01 3.1000e+00 5.0000e-01 3.0000e-01 -99.9
'380_918' 14 10 1975 5.1200e+03 2.8000e+00 9.0000e+00 7.3341e-01 4.1000e+00 2.0000e-01 7.0000e-01 -99.9
'380_918' 15 10 1975 5.9500e+03 7.1000e+00 1.3800e+01 1.0342e+00 5.1000e+00 0.0000e+00 9.0000e-01 -99.9
'380_918' 16 10 1975 6.6800e+03 5.8000e+00 1.5300e+01 1.0609e+00 2.6000e+00 9.4000e+00 1.0000e+00 -99.9
'380_918' 17 10 1975 4.5400e+03 4.5000e+00 1.3100e+01 9.7303e-01 4.1000e+00 0.0000e+00 6.0000e-01 -99.9
'380_918' 18 10 1975 1.7900e+03 6.8000e+00 1.0300e+01 9.6157e-01 6.7000e+00 0.0000e+00 3.0000e-01 -99.9
'380_918' 19 10 1975 1.5400e+03 6.2000e+00 1.0000e+01 9.7407e-01 4.1000e+00 0.0000e+00 2.0000e-01 -99.9
'380_918' 20 10 1975 1.9300e+03 5.9000e+00 9.8000e+00 9.3608e-01 3.6000e+00 0.0000e+00 3.0000e-01 -99.9
'380_918' 21 10 1975 3.2700e+03 5.5000e+00 9.2000e+00 9.4616e-01 2.6000e+00 0.0000e+00 4.0000e-01 -99.9
'380_918' 22 10 1975 6.5100e+03 3.0000e+00 1.2700e+01 8.5003e-01 3.1000e+00 0.0000e+00 9.0000e-01 -99.9
'380_918' 23 10 1975 8.3700e+03 1.9000e+00 1.4400e+01 8.2506e-01 4.1000e+00 0.0000e+00 1.1000e+00 -99.9
'380_918' 24 10 1975 8.5500e+03 6.0000e-01 1.6500e+01 7.8116e-01 2.1000e+00 0.0000e+00 1.2000e+00 -99.9
'380_918' 25 10 1975 2.7000e+03 2.8000e+00 7.3000e+00 8.4643e-01 1.5000e+00 0.0000e+00 3.0000e-01 -99.9
'380_918' 26 10 1975 3.0200e+03 2.4000e+00 6.0000e+00 8.0955e-01 1.0000e+00 2.0000e-01 4.0000e-01 -99.9
'380_918' 27 10 1975 1.7500e+03 3.4000e+00 5.3000e+00 7.6518e-01 1.5000e+00 0.0000e+00 2.0000e-01 -99.9
'380_918' 28 10 1975 2.1600e+03 -2.0000e-01 4.6000e+00 6.5512e-01 1.5000e+00 0.0000e+00 3.0000e-01 -99.9
'380_918' 29 10 1975 8.0800e+03 -2.7000e+00 1.5000e+01 6.1950e-01 1.5000e+00 0.0000e+00 1.1000e+00 -99.9
'380_918' 30 10 1975 7.2100e+03 4.0000e+00 1.9000e+01 8.3128e-01 4.1000e+00 0.0000e+00 1.1000e+00 -99.9
'380_918' 31 10 1975 6.8700e+03 5.5000e+00 1.9900e+01 9.2390e-01 4.1000e+00 3.5000e+00 1.1000e+00 -99.9
'380_918' 01 11 1975 5.0800e+03 9.3000e+00 1.5600e+01 1.1712e+00 3.6000e+00 1.9000e+00 8.0000e-01 -99.9
'380_918' 02 11 1975 3.4500e+03 4.8000e+00 1.2500e+01 9.5042e-01 4.1000e+00 0.0000e+00 5.0000e-01 -99.9
'380_918' 03 11 1975 6.0700e+03 2.5000e+00 1.1700e+01 7.8319e-01 5.1000e+00 6.0000e-01 8.0000e-01 -99.9
'380_918' 04 11 1975 3.1400e+03 4.4000e+00 1.0100e+01 9.4820e-01 1.5000e+00 0.0000e+00 4.0000e-01 -99.9
'380_918' 05 11 1975 3.1900e+03 5.1000e+00 1.0400e+01 9.5306e-01 1.0000e+00 0.0000e+00 4.0000e-01 -99.9
'380_918' 06 11 1975 2.6800e+03 6.4000e+00 1.0200e+01 9.5489e-01 3.6000e+00 1.3000e+00 4.0000e-01 -99.9
'380_918' 07 11 1975 1.1400e+03 5.2000e+00 8.2000e+00 9.4662e-01 2.6000e+00 0.0000e+00 2.0000e-01 -99.9
'380_918' 08 11 1975 4.7200e+03 2.3000e+00 8.2000e+00 7.5459e-01 5.7000e+00 0.0000e+00 6.0000e-01 -99.9
'380_918' 09 11 1975 3.3900e+03 1.7000e+00 6.9000e+00 6.9326e-01 5.1000e+00 0.0000e+00 4.0000e-01 -99.9
'380_918' 10 11 1975 2.2900e+03 -8.0000e-01 6.1000e+00 6.6505e-01 2.1000e+00 0.0000e+00 3.0000e-01 -99.9
'380_918' 11 11 1975 4.9000e+03 -3.2000e+00 6.3000e+00 6.2189e-01 1.5000e+00 0.0000e+00 6.0000e-01 -99.9
'380_918' 12 11 1975 3.2100e+03 -2.2000e+00 4.0000e+00 5.8358e-01 3.1000e+00 0.0000e+00 3.0000e-01 -99.9
'380_918' 13 11 1975 1.8900e+03 -4.1000e+00 6.0000e-01 5.0737e-01 2.6000e+00 0.0000e+00 2.0000e-01 -99.9
'380_918' 14 11 1975 3.3900e+03 -4.7000e+00 4.6000e+00 5.1449e-01 2.6000e+00 0.0000e+00 4.0000e-01 -99.9
'380_918' 15 11 1975 1.5300e+03 -2.6000e+00 9.5000e+00 6.4456e-01 4.6000e+00 1.9000e+01 2.0000e-01 -99.9
'380_918' 16 11 1975 8.7000e+02 8.0000e+00 1.1100e+01 1.1254e+00 4.6000e+00 5.4000e+00 1.0000e-01 -99.9
'380_918' 17 11 1975 7.7000e+02 6.3000e+00 8.5000e+00 9.9598e-01 2.1000e+00 5.7000e+00 1.0000e-01 -99.9
'380_918' 18 11 1975 1.7300e+03 3.0000e+00 8.0000e+00 7.8184e-01 6.2000e+00 0.0000e+00 2.0000e-01 -99.9
'380_918' 19 11 1975 1.1100e+03 2.5000e+00 1.0000e+01 8.5279e-01 6.7000e+00 9.4000e+00 1.0000e-01 -99.9
'380_918' 20 11 1975 1.2100e+03 2.5000e+00 1.0600e+01 7.9104e-01 5.1000e+00 2.0000e-01 2.0000e-01 -99.9
'380_918' 21 11 1975 3.5000e+03 5.0000e-01 6.5000e+00 6.5108e-01 3.6000e+00 3.7000e+00 4.0000e-01 -99.9
'380_918' 22 11 1975 3.8300e+03 -2.5000e+00 6.1000e+00 5.6129e-01 4.1000e+00 0.0000e+00 5.0000e-01 -99.9
'380_918' 23 11 1975 5.0200e+03 -4.0000e+00 4.7000e+00 4.1531e-01 3.1000e+00 0.0000e+00 5.0000e-01 -99.9
'380_918' 24 11 1975 4.8700e+03 -5.0000e+00 2.6000e+00 3.7525e-01 2.1000e+00 0.0000e+00 5.0000e-01 -99.9
'380_918' 25 11 1975 4.2300e+03 -3.9000e+00 4.7000e+00 4.2928e-01 5.1000e+00 7.0000e+00 5.0000e-01 -99.9
'380_918' 26 11 1975 1.5500e+03 3.4000e+00 6.8000e+00 8.1953e-01 7.2000e+00 2.2000e+00 2.0000e-01 -99.9
'380_918' 27 11 1975 4.0000e+03 2.5000e+00 6.8000e+00 7.2311e-01 9.3000e+00 2.7000e+00 5.0000e-01 -99.9
'380_918' 28 11 1975 2.0400e+03 5.7000e+00 1.2600e+01 9.7936e-01 8.7000e+00 4.8000e+00 3.0000e-01 -99.9
'380_918' 29 11 1975 1.4000e+03 1.6000e+00 7.1000e+00 7.6769e-01 4.1000e+00 6.0000e-01 2.0000e-01 -99.9
'380_918' 30 11 1975 2.7400e+03 1.5000e+00 6.3000e+00 7.1556e-01 3.1000e+00 0.0000e+00 3.0000e-01 -99.9
'380_918' 01 12 1975 3.3500e+03 3.0000e+00 6.1000e+00 6.7201e-01 7.2000e+00 1.2700e+01 4.0000e-01 -99.9
'380_918' 02 12 1975 8.9000e+02 5.5000e+00 8.4000e+00 8.4424e-01 9.3000e+00 1.4000e+00 1.0000e-01 -99.9
'380_918' 03 12 1975 3.3000e+03 2.3000e+00 7.9000e+00 7.6564e-01 3.1000e+00 0.0000e+00 4.0000e-01 -99.9
'380_918' 04 12 1975 2.3500e+03 7.0000e-01 4.4000e+00 6.6164e-01 5.7000e+00 5.0000e-01 3.0000e-01 -99.9
'380_918' 05 12 1975 5.0000e+02 3.4000e+00 5.4000e+00 8.0104e-01 5.7000e+00 1.3000e+00 1.0000e-01 -99.9
'380_918' 06 12 1975 1.5500e+03 4.7000e+00 8.9000e+00 8.5982e-01 4.1000e+00 0.0000e+00 2.0000e-01 -99.9
'380_918' 07 12 1975 1.8300e+03 2.6000e+00 6.0000e+00 7.3362e-01 4.1000e+00 1.0000e-01 2.0000e-01 -99.9
'380_918' 08 12 1975 1.9500e+03 3.8000e+00 6.6000e+00 7.7454e-01 2.6000e+00 0.0000e+00 2.0000e-01 -99.9
'380_918' 09 12 1975 3.5100e+03 -6.0000e-01 5.1000e+00 6.6013e-01 2.1000e+00 0.0000e+00 4.0000e-01 -99.9
'380_918' 10 12 1975 9.5000e+02 -7.0000e-01 3.1000e+00 6.0679e-01 2.1000e+00 1.0000e-01 1.0000e-01 -99.9
'380_918' 11 12 1975 3.5600e+03 -1.6000e+00 4.4000e+00 5.7324e-01 3.6000e+00 0.0000e+00 4.0000e-01 -99.9
'380_918' 12 12 1975 1.4200e+03 -1.9000e+00 1.4000e+00 5.3564e-01 2.1000e+00 7.0000e-01 1.0000e-01 -99.9
'380_918' 13 12 1975 2.1100e+03 -2.4000e+00 3.5000e+00 5.3320e-01 4.6000e+00 0.0000e+00 2.0000e-01 -99.9
'380_918' 14 12 1975 5.4800e+03 -6.3000e+00 -1.1000e+00 4.2321e-01 2.1000e+00 0.0000e+00 5.0000e-01 -99.9
'380_918' 15 12 1975 5.8900e+03 -7.6000e+00 -1.7000e+00 3.8721e-01 3.1000e+00 0.0000e+00 5.0000e-01 -99.9
'380_918' 16 12 1975 1.3400e+03 -8.1000e+00 -3.3000e+00 3.7639e-01 2.1000e+00 0.0000e+00 1.0000e-01 -99.9
'380_918' 17 12 1975 5.9000e+02 -6.4000e+00 0.0000e+00 4.3944e-01 4.1000e+00 0.0000e+00 1.0000e-01 -99.9
'380_918' 18 12 1975 5.5900e+03 -7.4000e+00 -1.7000e+00 3.9513e-01 2.6000e+00 0.0000e+00 5.0000e-01 -99.9
'380_918' 19 12 1975 1.1400e+03 -8.1000e+00 -1.0000e-01 3.1319e-01 2.6000e+00 0.0000e+00 1.0000e-01 -99.9
'380_918' 20 12 1975 1.0000e+03 -1.0000e+00 2.1000e+00 6.0619e-01 3.1000e+00 2.0000e-01 1.0000e-01 -99.9
'380_918' 21 12 1975 4.9000e+02 1.2000e+00 3.5000e+00 6.9940e-01 4.1000e+00 0.0000e+00 1.0000e-01 -99.9
'380_918' 22 12 1975 1.0700e+03 2.4000e+00 5.1000e+00 7.0781e-01 4.6000e+00 0.0000e+00 1.0000e-01 -99.9
'380_918' 23 12 1975 1.1300e+03 3.0000e+00 5.2000e+00 7.0222e-01 4.6000e+00 0.0000e+00 1.0000e-01 -99.9
'380_918' 24 12 1975 4.9000e+02 1.6000e+00 4.1000e+00 6.5709e-01 6.7000e+00 2.3000e+00 1.0000e-01 -99.9
'380_918' 25 12 1975 6.5000e+02 1.6000e+00 5.3000e+00 7.4413e-01 5.7000e+00 3.0000e+00 1.0000e-01 -99.9
'380_918' 26 12 1975 1.3700e+03 1.2000e+00 6.4000e+00 7.4793e-01 4.6000e+00 0.0000e+00 2.0000e-01 -99.9
'380_918' 27 12 1975 7.8000e+02 4.6000e+00 6.4000e+00 7.7533e-01 5.7000e+00 0.0000e+00 1.0000e-01 -99.9
'380_918' 28 12 1975 6.2000e+02 2.2000e+00 5.0000e+00 6.7648e-01 5.7000e+00 0.0000e+00 1.0000e-01 -99.9
'380_918' 29 12 1975 1.7500e+03 1.2000e+00 3.4000e+00 6.1089e-01 4.6000e+00 0.0000e+00 2.0000e-01 -99.9
'380_918' 30 12 1975 1.8500e+03 1.0000e+00 3.4000e+00 5.9188e-01 6.2000e+00 0.0000e+00 2.0000e-01 -99.9
'380_918' 31 12 1975 1.5700e+03 2.5000e+00 5.5000e+00 6.4679e-01 1.0300e+01 1.1500e+01 2.0000e-01 -99.9
