* Source of data    : Royal Netherlands Meterological Institute (www.knmi.nl) stations 370 and 918
* File content      : Input file for Swap 3.2 (www.swap.alterra.nl) 
* File generated by : Alterra - Wageningen-UR (www.alterra.wur.nl) 
* File generated at : 2015-02-19 20:52:54
station DD MM YYYY Rad Tmin Tmax Hum Wind Rain ETref Wet
'380_918' 01 01 1982 1.1500e+03 3.6000e+00 8.4000e+00 8.2902e-01 5.1000e+00 8.0000e-01 2.0000e-01 -99.9
'380_918' 02 01 1982 1.8900e+03 3.4000e+00 1.1000e+01 9.1981e-01 6.2000e+00 6.7000e+00 3.0000e-01 -99.9
'380_918' 03 01 1982 2.3400e+03 8.1000e+00 1.2000e+01 1.0499e+00 7.2000e+00 8.0000e-01 3.0000e-01 -99.9
'380_918' 04 01 1982 1.5000e+03 8.6000e+00 1.1900e+01 1.0669e+00 9.3000e+00 6.6000e+00 2.0000e-01 -99.9
'380_918' 05 01 1982 1.5400e+03 8.0000e+00 1.0600e+01 1.0502e+00 8.7000e+00 5.8000e+00 2.0000e-01 -99.9
'380_918' 06 01 1982 5.0100e+03 -4.5000e+00 8.5000e+00 4.7081e-01 6.2000e+00 0.0000e+00 5.0000e-01 -99.9
'380_918' 07 01 1982 6.2700e+03 -7.0000e+00 -3.3000e+00 3.4195e-01 2.1000e+00 0.0000e+00 5.0000e-01 -99.9
'380_918' 08 01 1982 2.0600e+03 -5.6000e+00 -4.6000e+00 2.7156e-01 7.7000e+00 3.0000e+00 2.0000e-01 -99.9
'380_918' 09 01 1982 1.4300e+03 -8.2000e+00 -4.8000e+00 3.2747e-01 5.7000e+00 0.0000e+00 1.0000e-01 -99.9
'380_918' 10 01 1982 6.1300e+03 -1.3800e+01 -7.4000e+00 2.1032e-01 5.7000e+00 0.0000e+00 4.0000e-01 -99.9
'380_918' 11 01 1982 1.3800e+03 -8.8000e+00 -3.3000e+00 3.0735e-01 5.1000e+00 0.0000e+00 1.0000e-01 -99.9
'380_918' 12 01 1982 2.3200e+03 -1.2600e+01 -2.9000e+00 2.9982e-01 2.6000e+00 0.0000e+00 2.0000e-01 -99.9
'380_918' 13 01 1982 6.7100e+03 -1.5900e+01 -4.7000e+00 1.9556e-01 3.1000e+00 0.0000e+00 5.0000e-01 -99.9
'380_918' 14 01 1982 6.4300e+03 -1.2700e+01 -4.8000e+00 2.0648e-01 3.1000e+00 0.0000e+00 5.0000e-01 -99.9
'380_918' 15 01 1982 5.3400e+03 -1.1700e+01 8.0000e+00 2.7936e-01 2.1000e+00 0.0000e+00 6.0000e-01 -99.9
'380_918' 16 01 1982 5.2900e+03 -1.1000e+00 8.1000e+00 5.2607e-01 2.1000e+00 0.0000e+00 6.0000e-01 -99.9
'380_918' 17 01 1982 5.4400e+03 -1.7000e+00 8.7000e+00 5.9800e-01 1.5000e+00 0.0000e+00 6.0000e-01 -99.9
'380_918' 18 01 1982 5.5900e+03 -7.0000e-01 1.1100e+01 6.7771e-01 2.6000e+00 0.0000e+00 7.0000e-01 -99.9
'380_918' 19 01 1982 4.5400e+03 1.4000e+00 8.2000e+00 6.9217e-01 1.5000e+00 0.0000e+00 6.0000e-01 -99.9
'380_918' 20 01 1982 5.8800e+03 -1.4000e+00 9.7000e+00 6.1272e-01 1.5000e+00 1.0000e+00 7.0000e-01 -99.9
'380_918' 21 01 1982 1.1500e+03 1.2000e+00 3.9000e+00 7.1576e-01 3.6000e+00 5.0000e-01 1.0000e-01 -99.9
'380_918' 22 01 1982 1.0800e+03 -5.0000e-01 3.6000e+00 6.5500e-01 4.6000e+00 0.0000e+00 1.0000e-01 -99.9
'380_918' 23 01 1982 3.6600e+03 -4.0000e-01 4.2000e+00 6.2130e-01 2.6000e+00 0.0000e+00 4.0000e-01 -99.9
'380_918' 24 01 1982 1.7500e+03 -1.5000e+00 5.0000e-01 5.8150e-01 2.6000e+00 2.0000e-01 2.0000e-01 -99.9
'380_918' 25 01 1982 2.1800e+03 -1.4000e+00 2.4000e+00 5.5798e-01 6.7000e+00 1.1000e+00 2.0000e-01 -99.9
'380_918' 26 01 1982 1.1800e+03 2.0000e+00 6.5000e+00 7.5120e-01 7.7000e+00 4.6000e+00 1.0000e-01 -99.9
'380_918' 27 01 1982 2.2300e+03 -6.0000e-01 4.4000e+00 5.9896e-01 5.1000e+00 0.0000e+00 3.0000e-01 -99.9
'380_918' 28 01 1982 3.0800e+03 -7.0000e-01 5.8000e+00 6.4851e-01 6.2000e+00 3.6000e+00 4.0000e-01 -99.9
'380_918' 29 01 1982 5.9000e+02 5.1000e+00 9.2000e+00 9.6139e-01 6.2000e+00 4.5000e+00 1.0000e-01 -99.9
'380_918' 30 01 1982 6.5000e+02 6.6000e+00 1.0300e+01 9.8708e-01 7.2000e+00 7.4000e+00 1.0000e-01 -99.9
'380_918' 31 01 1982 4.7400e+03 0.0000e+00 7.3000e+00 6.7326e-01 4.1000e+00 0.0000e+00 6.0000e-01 -99.9
'380_918' 01 02 1982 7.7600e+03 -1.8000e+00 6.3000e+00 5.6266e-01 2.6000e+00 0.0000e+00 9.0000e-01 -99.9
'380_918' 02 02 1982 7.9300e+03 -1.4000e+00 4.4000e+00 4.7865e-01 4.6000e+00 0.0000e+00 9.0000e-01 -99.9
'380_918' 03 02 1982 7.6600e+03 -2.2000e+00 4.7000e+00 4.7188e-01 3.6000e+00 0.0000e+00 8.0000e-01 -99.9
'380_918' 04 02 1982 3.3600e+03 -1.3000e+00 7.4000e+00 5.9910e-01 3.1000e+00 0.0000e+00 4.0000e-01 -99.9
'380_918' 05 02 1982 6.6300e+03 2.0000e+00 1.2000e+01 7.2320e-01 5.1000e+00 1.7000e+00 9.0000e-01 -99.9
'380_918' 06 02 1982 9.2000e+02 4.5000e+00 8.5000e+00 8.8143e-01 5.7000e+00 1.1000e+00 1.0000e-01 -99.9
'380_918' 07 02 1982 5.3700e+03 4.5000e+00 9.4000e+00 8.6513e-01 4.6000e+00 1.7000e+00 7.0000e-01 -99.9
'380_918' 08 02 1982 3.8000e+03 3.6000e+00 8.3000e+00 7.8993e-01 4.6000e+00 0.0000e+00 5.0000e-01 -99.9
'380_918' 09 02 1982 4.5100e+03 4.1000e+00 1.0800e+01 7.8300e-01 5.7000e+00 0.0000e+00 6.0000e-01 -99.9
'380_918' 10 02 1982 6.8400e+03 1.1000e+00 1.3700e+01 6.1425e-01 4.1000e+00 0.0000e+00 9.0000e-01 -99.9
'380_918' 11 02 1982 5.9700e+03 5.7000e+00 1.2200e+01 8.4683e-01 5.1000e+00 1.3000e+00 8.0000e-01 -99.9
'380_918' 12 02 1982 5.0100e+03 6.1000e+00 1.2500e+01 9.5926e-01 3.6000e+00 0.0000e+00 7.0000e-01 -99.9
'380_918' 13 02 1982 8.4100e+03 5.4000e+00 1.2400e+01 7.7403e-01 5.1000e+00 4.0000e+00 1.2000e+00 -99.9
'380_918' 14 02 1982 5.0600e+03 2.3000e+00 8.5000e+00 7.7819e-01 2.6000e+00 3.0000e-01 7.0000e-01 -99.9
'380_918' 15 02 1982 9.0000e+02 2.0000e-01 4.0000e+00 6.8960e-01 5.1000e+00 0.0000e+00 1.0000e-01 -99.9
'380_918' 16 02 1982 1.1600e+03 9.0000e-01 1.9000e+00 6.5537e-01 3.6000e+00 0.0000e+00 1.0000e-01 -99.9
'380_918' 17 02 1982 2.4000e+03 -4.0000e-01 2.8000e+00 5.8216e-01 4.1000e+00 0.0000e+00 3.0000e-01 -99.9
'380_918' 18 02 1982 5.6200e+03 -1.2000e+00 6.1000e+00 6.1787e-01 3.6000e+00 0.0000e+00 6.0000e-01 -99.9
'380_918' 19 02 1982 2.1300e+03 -1.9000e+00 2.2000e+00 4.9420e-01 5.1000e+00 0.0000e+00 2.0000e-01 -99.9
'380_918' 20 02 1982 6.9100e+03 -1.4000e+00 4.6000e+00 4.3452e-01 5.1000e+00 0.0000e+00 8.0000e-01 -99.9
'380_918' 21 02 1982 1.1240e+04 -3.0000e+00 4.5000e+00 4.0266e-01 4.6000e+00 0.0000e+00 1.2000e+00 -99.9
'380_918' 22 02 1982 1.1300e+04 -2.5000e+00 6.3000e+00 3.9812e-01 4.1000e+00 0.0000e+00 1.2000e+00 -99.9
'380_918' 23 02 1982 5.3500e+03 -2.6000e+00 2.3000e+00 4.7501e-01 3.1000e+00 0.0000e+00 6.0000e-01 -99.9
'380_918' 24 02 1982 7.8300e+03 -4.4000e+00 2.6000e+00 4.7444e-01 1.5000e+00 0.0000e+00 8.0000e-01 -99.9
'380_918' 25 02 1982 9.0800e+03 -4.9000e+00 2.3000e+00 4.2221e-01 2.1000e+00 0.0000e+00 9.0000e-01 -99.9
'380_918' 26 02 1982 9.1400e+03 -5.1000e+00 5.5000e+00 4.0590e-01 2.1000e+00 0.0000e+00 1.0000e+00 -99.9
'380_918' 27 02 1982 5.5100e+03 -1.0000e-01 7.3000e+00 5.5595e-01 5.1000e+00 4.0000e-01 7.0000e-01 -99.9
'380_918' 28 02 1982 2.7200e+03 2.4000e+00 9.9000e+00 8.4686e-01 7.7000e+00 6.0000e-01 4.0000e-01 -99.9
'380_918' 01 03 1982 5.9500e+03 5.8000e+00 1.3800e+01 9.3160e-01 9.8000e+00 4.8000e+00 9.0000e-01 -99.9
'380_918' 02 03 1982 6.3700e+03 4.2000e+00 9.2000e+00 7.2425e-01 7.2000e+00 5.2000e+00 8.0000e-01 -99.9
'380_918' 03 03 1982 1.4500e+03 6.4000e+00 1.1700e+01 9.5082e-01 1.2300e+01 1.3400e+01 2.0000e-01 -99.9
'380_918' 04 03 1982 6.1200e+03 2.4000e+00 8.9000e+00 7.2778e-01 7.2000e+00 8.0000e-01 8.0000e-01 -99.9
'380_918' 05 03 1982 8.9200e+03 -2.1000e+00 7.7000e+00 5.8728e-01 3.6000e+00 0.0000e+00 1.1000e+00 -99.9
'380_918' 06 03 1982 1.5170e+04 -2.7000e+00 8.0000e+00 5.0539e-01 2.6000e+00 0.0000e+00 1.7000e+00 -99.9
'380_918' 07 03 1982 1.2520e+04 -2.5000e+00 5.3000e+00 4.6612e-01 3.6000e+00 0.0000e+00 1.4000e+00 -99.9
'380_918' 08 03 1982 1.2900e+04 -2.4000e+00 8.5000e+00 5.1871e-01 2.1000e+00 0.0000e+00 1.5000e+00 -99.9
'380_918' 09 03 1982 8.3500e+03 8.0000e-01 7.9000e+00 6.5253e-01 5.1000e+00 2.3000e+00 1.0000e+00 -99.9
'380_918' 10 03 1982 2.2800e+03 2.2000e+00 8.6000e+00 7.4197e-01 1.0300e+01 5.4000e+00 3.0000e-01 -99.9
'380_918' 11 03 1982 7.4900e+03 1.6000e+00 6.6000e+00 6.3619e-01 7.7000e+00 2.4000e+00 9.0000e-01 -99.9
'380_918' 12 03 1982 4.1500e+03 1.2000e+00 7.4000e+00 6.8790e-01 7.7000e+00 3.4000e+00 5.0000e-01 -99.9
'380_918' 13 03 1982 8.1600e+03 1.0000e-01 7.0000e+00 6.4058e-01 5.7000e+00 1.1000e+00 1.0000e+00 -99.9
'380_918' 14 03 1982 7.6700e+03 1.3000e+00 8.9000e+00 6.9305e-01 7.2000e+00 0.0000e+00 1.0000e+00 -99.9
'380_918' 15 03 1982 1.5070e+04 4.9000e+00 1.2600e+01 6.6333e-01 8.7000e+00 2.3000e+00 2.1000e+00 -99.9
'380_918' 16 03 1982 1.2510e+04 3.3000e+00 1.0400e+01 7.1015e-01 9.3000e+00 1.9000e+00 1.7000e+00 -99.9
'380_918' 17 03 1982 8.2800e+03 3.1000e+00 8.8000e+00 7.4800e-01 6.2000e+00 9.0000e-01 1.1000e+00 -99.9
'380_918' 18 03 1982 9.0700e+03 2.3000e+00 7.9000e+00 7.2262e-01 5.1000e+00 3.9000e+00 1.2000e+00 -99.9
'380_918' 19 03 1982 8.9200e+03 1.9000e+00 9.2000e+00 7.1743e-01 4.1000e+00 8.1000e+00 1.1000e+00 -99.9
'380_918' 20 03 1982 3.4500e+03 1.3000e+00 5.8000e+00 7.2271e-01 5.7000e+00 2.8000e+00 4.0000e-01 -99.9
'380_918' 21 03 1982 4.4900e+03 1.8000e+00 4.8000e+00 6.4634e-01 2.6000e+00 0.0000e+00 5.0000e-01 -99.9
'380_918' 22 03 1982 9.1600e+03 2.1000e+00 9.2000e+00 7.0620e-01 1.5000e+00 0.0000e+00 1.2000e+00 -99.9
'380_918' 23 03 1982 9.3300e+03 3.3000e+00 9.7000e+00 7.6339e-01 3.6000e+00 0.0000e+00 1.2000e+00 -99.9
'380_918' 24 03 1982 1.3500e+04 -3.0000e-01 9.6000e+00 6.4566e-01 3.1000e+00 0.0000e+00 1.7000e+00 -99.9
'380_918' 25 03 1982 1.3160e+04 -1.7000e+00 1.1500e+01 6.1763e-01 2.1000e+00 0.0000e+00 1.7000e+00 -99.9
'380_918' 26 03 1982 1.7500e+04 1.0000e-01 1.4500e+01 5.9187e-01 2.6000e+00 0.0000e+00 2.4000e+00 -99.9
'380_918' 27 03 1982 1.6140e+04 3.9000e+00 1.8600e+01 7.1582e-01 1.5000e+00 0.0000e+00 2.4000e+00 -99.9
'380_918' 28 03 1982 9.0100e+03 6.0000e+00 1.3400e+01 8.9573e-01 3.6000e+00 0.0000e+00 1.3000e+00 -99.9
'380_918' 29 03 1982 3.2300e+03 3.9000e+00 7.4000e+00 8.6928e-01 3.6000e+00 1.5000e+00 4.0000e-01 -99.9
'380_918' 30 03 1982 4.9300e+03 2.2000e+00 5.9000e+00 6.7124e-01 6.7000e+00 0.0000e+00 6.0000e-01 -99.9
'380_918' 31 03 1982 1.3120e+04 2.2000e+00 9.4000e+00 6.3276e-01 6.7000e+00 0.0000e+00 1.7000e+00 -99.9
'380_918' 01 04 1982 1.7430e+04 1.9000e+00 1.6100e+01 7.1966e-01 3.6000e+00 0.0000e+00 2.5000e+00 -99.9
'380_918' 02 04 1982 1.4440e+04 5.1000e+00 1.7300e+01 9.4877e-01 4.6000e+00 4.0000e-01 2.1000e+00 -99.9
'380_918' 03 04 1982 1.6570e+04 5.0000e+00 1.3900e+01 7.9981e-01 3.6000e+00 0.0000e+00 2.4000e+00 -99.9
'380_918' 04 04 1982 1.9500e+04 4.5000e+00 1.6700e+01 7.2404e-01 3.1000e+00 0.0000e+00 2.9000e+00 -99.9
'380_918' 05 04 1982 1.8540e+04 5.6000e+00 2.1800e+01 7.5581e-01 3.1000e+00 0.0000e+00 3.0000e+00 -99.9
'380_918' 06 04 1982 9.6300e+03 8.4000e+00 1.7800e+01 1.0878e+00 6.2000e+00 3.5000e+00 1.5000e+00 -99.9
'380_918' 07 04 1982 6.5000e+03 9.1000e+00 1.5000e+01 1.1578e+00 9.3000e+00 2.6000e+00 1.0000e+00 -99.9
'380_918' 08 04 1982 5.4900e+03 4.0000e-01 1.0500e+01 7.4881e-01 7.2000e+00 1.2000e+00 7.0000e-01 -99.9
'380_918' 09 04 1982 1.2410e+04 5.0000e-01 6.4000e+00 5.9583e-01 5.1000e+00 2.6000e+00 1.5000e+00 -99.9
'380_918' 10 04 1982 1.2910e+04 2.4000e+00 9.3000e+00 7.1747e-01 5.1000e+00 1.7000e+00 1.6000e+00 -99.9
'380_918' 11 04 1982 7.4400e+03 1.0000e+00 6.3000e+00 6.4608e-01 4.6000e+00 0.0000e+00 9.0000e-01 -99.9
'380_918' 12 04 1982 1.1760e+04 8.0000e-01 5.8000e+00 6.3918e-01 5.1000e+00 1.2000e+00 1.4000e+00 -99.9
'380_918' 13 04 1982 1.5020e+04 2.0000e-01 8.2000e+00 6.1604e-01 5.1000e+00 1.3000e+00 1.8000e+00 -99.9
'380_918' 14 04 1982 1.9400e+04 -8.0000e-01 9.4000e+00 5.4981e-01 2.6000e+00 0.0000e+00 2.4000e+00 -99.9
'380_918' 15 04 1982 2.1700e+04 2.0000e-01 1.3200e+01 5.3702e-01 3.6000e+00 0.0000e+00 2.9000e+00 -99.9
'380_918' 16 04 1982 2.1470e+04 3.1000e+00 1.5600e+01 6.9372e-01 4.6000e+00 0.0000e+00 3.1000e+00 -99.9
'380_918' 17 04 1982 1.9070e+04 3.2000e+00 1.2400e+01 7.6195e-01 5.1000e+00 0.0000e+00 2.6000e+00 -99.9
'380_918' 18 04 1982 1.8340e+04 3.7000e+00 1.2000e+01 6.6049e-01 4.1000e+00 0.0000e+00 2.5000e+00 -99.9
'380_918' 19 04 1982 2.1790e+04 1.8000e+00 1.4300e+01 6.1451e-01 3.6000e+00 0.0000e+00 3.1000e+00 -99.9
'380_918' 20 04 1982 2.2990e+04 2.1000e+00 1.5100e+01 6.4353e-01 2.1000e+00 0.0000e+00 3.3000e+00 -99.9
'380_918' 21 04 1982 1.7020e+04 4.0000e+00 1.2900e+01 7.9956e-01 3.1000e+00 0.0000e+00 2.3000e+00 -99.9
'380_918' 22 04 1982 2.1890e+04 2.0000e+00 1.5600e+01 6.6642e-01 2.6000e+00 0.0000e+00 3.2000e+00 -99.9
'380_918' 23 04 1982 1.3590e+04 3.9000e+00 1.6000e+01 8.2788e-01 4.1000e+00 0.0000e+00 1.9000e+00 -99.9
'380_918' 24 04 1982 1.6750e+04 3.8000e+00 1.2200e+01 7.2818e-01 7.2000e+00 0.0000e+00 2.3000e+00 -99.9
'380_918' 25 04 1982 1.5160e+04 3.9000e+00 1.4600e+01 7.9373e-01 4.1000e+00 0.0000e+00 2.1000e+00 -99.9
'380_918' 26 04 1982 7.2800e+03 4.4000e+00 1.1700e+01 8.9483e-01 5.1000e+00 4.0000e-01 1.0000e+00 -99.9
'380_918' 27 04 1982 4.9100e+03 5.6000e+00 9.8000e+00 8.5230e-01 4.1000e+00 0.0000e+00 7.0000e-01 -99.9
'380_918' 28 04 1982 1.1750e+04 5.6000e+00 1.2900e+01 8.6960e-01 2.6000e+00 0.0000e+00 1.7000e+00 -99.9
'380_918' 29 04 1982 6.3000e+03 1.0000e+00 9.4000e+00 6.6672e-01 5.7000e+00 2.5000e+00 8.0000e-01 -99.9
'380_918' 30 04 1982 1.1530e+04 -4.0000e-01 8.8000e+00 6.3871e-01 5.7000e+00 1.2000e+00 1.5000e+00 -99.9
'380_918' 01 05 1982 5.1600e+03 1.8000e+00 1.1300e+01 8.1515e-01 6.2000e+00 2.5000e+00 7.0000e-01 -99.9
'380_918' 02 05 1982 1.4600e+04 2.0000e+00 1.0300e+01 5.8702e-01 5.7000e+00 0.0000e+00 1.9000e+00 -99.9
'380_918' 03 05 1982 4.7200e+03 6.2000e+00 1.1100e+01 9.0566e-01 7.7000e+00 5.9000e+00 7.0000e-01 -99.9
'380_918' 04 05 1982 1.7790e+04 6.1000e+00 1.2500e+01 8.2222e-01 5.7000e+00 5.2000e+00 2.5000e+00 -99.9
'380_918' 05 05 1982 9.9300e+03 3.9000e+00 1.0500e+01 8.4929e-01 2.6000e+00 2.4000e+00 1.3000e+00 -99.9
'380_918' 06 05 1982 5.8200e+03 3.6000e+00 8.6000e+00 8.5224e-01 2.6000e+00 8.9000e+00 8.0000e-01 -99.9
'380_918' 07 05 1982 1.5400e+04 2.2000e+00 1.1200e+01 7.7279e-01 5.1000e+00 0.0000e+00 2.0000e+00 -99.9
'380_918' 08 05 1982 1.0410e+04 2.2000e+00 1.0000e+01 7.2377e-01 2.6000e+00 0.0000e+00 1.4000e+00 -99.9
'380_918' 09 05 1982 2.5060e+04 4.9000e+00 1.4600e+01 8.5443e-01 4.1000e+00 0.0000e+00 3.6000e+00 -99.9
'380_918' 10 05 1982 9.2000e+03 5.8000e+00 1.2300e+01 9.5358e-01 2.1000e+00 0.0000e+00 1.3000e+00 -99.9
'380_918' 11 05 1982 2.5760e+04 3.5000e+00 1.6700e+01 7.5591e-01 2.6000e+00 0.0000e+00 3.9000e+00 -99.9
'380_918' 12 05 1982 2.6300e+04 5.5000e+00 1.8500e+01 7.9941e-01 3.1000e+00 0.0000e+00 4.2000e+00 -99.9
'380_918' 13 05 1982 2.6370e+04 6.7000e+00 2.0200e+01 8.6058e-01 3.1000e+00 0.0000e+00 4.2000e+00 -99.9
'380_918' 14 05 1982 2.7120e+04 6.7000e+00 2.2500e+01 8.5175e-01 3.6000e+00 0.0000e+00 4.5000e+00 -99.9
'380_918' 15 05 1982 2.6660e+04 8.4000e+00 2.5500e+01 9.2319e-01 2.6000e+00 0.0000e+00 4.7000e+00 -99.9
'380_918' 16 05 1982 2.2770e+04 1.2500e+01 2.5000e+01 1.2534e+00 3.1000e+00 1.2000e+00 4.1000e+00 -99.9
'380_918' 17 05 1982 1.2260e+04 1.3400e+01 1.9400e+01 1.6088e+00 3.1000e+00 8.0000e-01 2.1000e+00 -99.9
'380_918' 18 05 1982 1.5130e+04 1.1500e+01 2.0900e+01 1.5248e+00 3.1000e+00 2.6000e+00 2.5000e+00 -99.9
'380_918' 19 05 1982 1.8410e+04 8.7000e+00 1.9700e+01 1.1932e+00 2.6000e+00 6.8000e+00 3.0000e+00 -99.9
'380_918' 20 05 1982 9.8500e+03 1.3100e+01 1.9400e+01 1.6082e+00 2.6000e+00 4.0000e-01 1.6000e+00 -99.9
'380_918' 21 05 1982 1.2230e+04 1.2900e+01 1.8900e+01 1.5227e+00 2.1000e+00 6.0000e-01 2.0000e+00 -99.9
'380_918' 22 05 1982 1.1340e+04 1.2900e+01 1.8400e+01 1.5383e+00 5.1000e+00 4.1000e+00 1.9000e+00 -99.9
'380_918' 23 05 1982 1.6660e+04 1.0000e+01 1.6200e+01 1.2529e+00 4.1000e+00 3.6000e+00 2.6000e+00 -99.9
'380_918' 24 05 1982 1.0230e+04 9.8000e+00 1.6000e+01 1.1637e+00 5.1000e+00 0.0000e+00 1.6000e+00 -99.9
'380_918' 25 05 1982 2.0100e+04 1.0400e+01 2.1700e+01 1.2058e+00 3.6000e+00 0.0000e+00 3.4000e+00 -99.9
'380_918' 26 05 1982 2.8840e+04 1.0400e+01 2.5800e+01 1.1339e+00 2.6000e+00 0.0000e+00 5.2000e+00 -99.9
'380_918' 27 05 1982 2.3700e+04 1.2000e+01 2.4400e+01 1.4233e+00 5.1000e+00 3.6000e+00 4.2000e+00 -99.9
'380_918' 28 05 1982 1.5850e+04 9.9000e+00 1.7400e+01 1.1946e+00 3.1000e+00 0.0000e+00 2.5000e+00 -99.9
'380_918' 29 05 1982 2.7360e+04 6.8000e+00 1.8700e+01 9.2193e-01 2.6000e+00 0.0000e+00 4.4000e+00 -99.9
'380_918' 30 05 1982 2.9110e+04 8.8000e+00 2.2400e+01 1.0227e+00 4.6000e+00 0.0000e+00 4.9000e+00 -99.9
'380_918' 31 05 1982 2.8890e+04 1.1200e+01 2.6300e+01 1.2456e+00 3.1000e+00 0.0000e+00 5.2000e+00 -99.9
'380_918' 01 06 1982 2.3580e+04 1.5100e+01 2.7700e+01 1.6910e+00 2.6000e+00 8.6000e+00 4.4000e+00 -99.9
'380_918' 02 06 1982 2.3490e+04 1.6100e+01 2.7400e+01 1.7557e+00 3.1000e+00 0.0000e+00 4.4000e+00 -99.9
'380_918' 03 06 1982 2.4840e+04 1.5000e+01 2.8500e+01 1.6843e+00 2.1000e+00 2.0000e-01 4.7000e+00 -99.9
'380_918' 04 06 1982 2.3230e+04 1.6700e+01 2.9100e+01 1.7314e+00 2.1000e+00 0.0000e+00 4.4000e+00 -99.9
'380_918' 05 06 1982 1.4690e+04 1.6800e+01 2.6700e+01 2.0053e+00 3.1000e+00 4.1000e+01 2.7000e+00 -99.9
'380_918' 06 06 1982 1.5840e+04 1.6700e+01 2.6200e+01 2.0739e+00 2.1000e+00 2.1000e+00 2.9000e+00 -99.9
'380_918' 07 06 1982 1.5610e+04 1.6500e+01 2.5200e+01 2.0844e+00 2.1000e+00 0.0000e+00 2.8000e+00 -99.9
'380_918' 08 06 1982 1.7130e+04 1.5200e+01 2.4800e+01 1.8261e+00 2.6000e+00 6.0000e-01 3.1000e+00 -99.9
'380_918' 09 06 1982 2.8640e+04 1.2700e+01 2.2400e+01 1.3909e+00 3.1000e+00 0.0000e+00 5.0000e+00 -99.9
'380_918' 10 06 1982 2.7940e+04 1.1100e+01 2.3000e+01 1.2766e+00 3.6000e+00 1.0000e-01 4.9000e+00 -99.9
'380_918' 11 06 1982 1.5090e+04 1.0100e+01 2.2200e+01 1.2519e+00 5.1000e+00 0.0000e+00 2.6000e+00 -99.9
'380_918' 12 06 1982 1.3330e+04 9.6000e+00 1.6100e+01 1.2441e+00 5.1000e+00 3.4000e+00 2.1000e+00 -99.9
'380_918' 13 06 1982 1.0170e+04 9.2000e+00 1.5100e+01 1.1516e+00 5.1000e+00 2.4000e+00 1.6000e+00 -99.9
'380_918' 14 06 1982 1.4980e+04 8.0000e+00 1.5800e+01 1.0076e+00 4.6000e+00 0.0000e+00 2.3000e+00 -99.9
'380_918' 15 06 1982 2.0530e+04 5.4000e+00 1.6800e+01 8.1858e-01 2.1000e+00 5.9000e+00 3.2000e+00 -99.9
'380_918' 16 06 1982 1.4530e+04 1.0100e+01 1.9100e+01 1.2532e+00 5.1000e+00 0.0000e+00 2.4000e+00 -99.9
'380_918' 17 06 1982 2.5310e+04 8.9000e+00 1.9100e+01 1.0837e+00 3.6000e+00 0.0000e+00 4.1000e+00 -99.9
'380_918' 18 06 1982 1.2020e+04 9.2000e+00 2.0100e+01 1.2773e+00 4.6000e+00 7.6000e+00 2.0000e+00 -99.9
'380_918' 19 06 1982 5.9200e+03 1.2500e+01 1.5400e+01 1.4116e+00 6.7000e+00 5.0000e-01 9.0000e-01 -99.9
'380_918' 20 06 1982 1.4060e+04 1.1200e+01 1.9100e+01 1.3626e+00 3.1000e+00 9.0000e-01 2.3000e+00 -99.9
'380_918' 21 06 1982 1.9650e+04 1.0600e+01 2.1000e+01 1.3513e+00 2.1000e+00 9.0000e-01 3.3000e+00 -99.9
'380_918' 22 06 1982 1.3940e+04 1.4100e+01 2.2900e+01 1.7360e+00 3.6000e+00 3.0000e+00 2.4000e+00 -99.9
'380_918' 23 06 1982 1.4840e+04 1.3400e+01 1.9900e+01 1.6290e+00 5.7000e+00 1.2900e+01 2.5000e+00 -99.9
'380_918' 24 06 1982 6.3700e+03 1.1600e+01 1.7600e+01 1.4489e+00 5.1000e+00 4.0000e-01 1.0000e+00 -99.9
'380_918' 25 06 1982 1.9550e+04 1.0700e+01 2.5000e+01 1.4097e+00 4.1000e+00 2.0000e+00 3.4000e+00 -99.9
'380_918' 26 06 1982 2.2780e+04 1.3200e+01 2.2200e+01 1.4918e+00 5.7000e+00 4.1000e+00 3.9000e+00 -99.9
'380_918' 27 06 1982 1.5030e+04 1.2000e+01 1.8800e+01 1.4829e+00 5.7000e+00 2.9000e+00 2.5000e+00 -99.9
'380_918' 28 06 1982 1.4370e+04 1.1200e+01 1.8600e+01 1.3137e+00 6.2000e+00 0.0000e+00 2.4000e+00 -99.9
'380_918' 29 06 1982 1.4340e+04 1.1100e+01 1.7400e+01 1.3815e+00 6.2000e+00 4.3000e+00 2.3000e+00 -99.9
'380_918' 30 06 1982 1.8690e+04 1.0700e+01 2.0200e+01 1.2509e+00 4.6000e+00 0.0000e+00 3.1000e+00 -99.9
'380_918' 01 07 1982 1.2840e+04 9.4000e+00 1.8500e+01 1.2453e+00 3.6000e+00 3.9000e+00 2.1000e+00 -99.9
'380_918' 02 07 1982 2.6060e+04 1.5000e+01 2.8800e+01 1.5978e+00 3.6000e+00 5.5000e+00 4.9000e+00 -99.9
'380_918' 03 07 1982 5.5800e+03 1.3500e+01 2.2800e+01 1.7890e+00 4.1000e+00 7.0000e+00 1.0000e+00 -99.9
'380_918' 04 07 1982 1.6140e+04 1.1300e+01 1.8300e+01 1.2113e+00 5.7000e+00 0.0000e+00 2.7000e+00 -99.9
'380_918' 05 07 1982 1.7700e+04 1.1400e+01 2.1200e+01 1.2998e+00 4.6000e+00 0.0000e+00 3.0000e+00 -99.9
'380_918' 06 07 1982 1.8810e+04 1.4100e+01 2.1400e+01 1.4405e+00 3.6000e+00 0.0000e+00 3.3000e+00 -99.9
'380_918' 07 07 1982 2.0640e+04 1.4600e+01 2.3200e+01 1.6158e+00 2.1000e+00 0.0000e+00 3.7000e+00 -99.9
'380_918' 08 07 1982 2.7550e+04 1.3300e+01 2.6400e+01 1.3546e+00 2.6000e+00 0.0000e+00 5.1000e+00 -99.9
'380_918' 09 07 1982 2.8710e+04 1.5200e+01 3.2800e+01 1.5134e+00 3.6000e+00 0.0000e+00 5.6000e+00 -99.9
'380_918' 10 07 1982 2.7750e+04 1.6600e+01 2.2100e+01 1.7901e+00 3.6000e+00 0.0000e+00 5.0000e+00 -99.9
'380_918' 11 07 1982 2.5510e+04 1.4700e+01 2.8900e+01 1.7911e+00 3.6000e+00 0.0000e+00 4.8000e+00 -99.9
'380_918' 12 07 1982 2.6460e+04 1.7700e+01 2.9300e+01 1.7866e+00 4.1000e+00 0.0000e+00 5.1000e+00 -99.9
'380_918' 13 07 1982 2.6060e+04 1.5900e+01 2.9500e+01 1.7593e+00 3.6000e+00 0.0000e+00 5.0000e+00 -99.9
'380_918' 14 07 1982 2.0060e+04 1.8000e+01 3.1600e+01 2.1161e+00 3.6000e+00 3.0000e+00 3.8000e+00 -99.9
'380_918' 15 07 1982 2.1830e+04 1.5800e+01 2.7200e+01 1.9185e+00 5.1000e+00 5.0000e-01 4.0000e+00 -99.9
'380_918' 16 07 1982 2.1650e+04 1.5800e+01 2.2200e+01 1.6122e+00 3.6000e+00 0.0000e+00 3.8000e+00 -99.9
'380_918' 17 07 1982 2.5560e+04 1.3300e+01 2.2400e+01 1.2311e+00 2.1000e+00 0.0000e+00 4.5000e+00 -99.9
'380_918' 18 07 1982 2.6080e+04 1.2400e+01 2.3400e+01 1.1905e+00 3.6000e+00 0.0000e+00 4.6000e+00 -99.9
'380_918' 19 07 1982 1.6460e+04 1.2500e+01 2.2800e+01 1.4097e+00 4.1000e+00 0.0000e+00 2.9000e+00 -99.9
'380_918' 20 07 1982 2.1270e+04 1.3300e+01 2.5700e+01 1.5671e+00 3.6000e+00 0.0000e+00 3.9000e+00 -99.9
'380_918' 21 07 1982 1.7430e+04 1.5700e+01 2.5000e+01 1.8265e+00 4.6000e+00 0.0000e+00 3.2000e+00 -99.9
'380_918' 22 07 1982 1.5720e+04 1.2600e+01 2.0600e+01 1.3672e+00 3.6000e+00 0.0000e+00 2.7000e+00 -99.9
'380_918' 23 07 1982 1.7920e+04 1.4800e+01 2.0700e+01 1.4353e+00 2.6000e+00 2.0000e-01 3.1000e+00 -99.9
'380_918' 24 07 1982 6.5400e+03 1.5700e+01 1.9100e+01 1.6987e+00 3.1000e+00 2.6000e+00 1.1000e+00 -99.9
'380_918' 25 07 1982 4.1800e+03 1.3300e+01 1.6800e+01 1.5294e+00 3.1000e+00 0.0000e+00 7.0000e-01 -99.9
'380_918' 26 07 1982 1.1570e+04 1.1800e+01 1.9600e+01 1.3443e+00 3.1000e+00 0.0000e+00 1.9000e+00 -99.9
'380_918' 27 07 1982 1.1260e+04 8.7000e+00 1.8300e+01 1.1291e+00 2.6000e+00 0.0000e+00 1.8000e+00 -99.9
'380_918' 28 07 1982 1.3950e+04 1.1300e+01 2.1000e+01 1.3757e+00 2.6000e+00 4.0000e-01 2.4000e+00 -99.9
'380_918' 29 07 1982 2.2220e+04 1.4100e+01 2.6100e+01 1.6795e+00 3.1000e+00 0.0000e+00 4.0000e+00 -99.9
'380_918' 30 07 1982 1.4990e+04 1.5800e+01 2.6700e+01 1.5910e+00 4.6000e+00 0.0000e+00 2.8000e+00 -99.9
'380_918' 31 07 1982 1.3370e+04 1.6200e+01 2.3900e+01 1.8867e+00 3.1000e+00 3.5000e+00 2.4000e+00 -99.9
'380_918' 01 08 1982 1.8880e+04 1.5900e+01 2.4500e+01 1.8897e+00 2.6000e+00 0.0000e+00 3.4000e+00 -99.9
'380_918' 02 08 1982 2.1330e+04 1.5600e+01 2.9000e+01 1.7207e+00 3.1000e+00 0.0000e+00 4.1000e+00 -99.9
'380_918' 03 08 1982 1.8580e+04 1.8200e+01 2.9300e+01 1.7137e+00 2.6000e+00 0.0000e+00 3.6000e+00 -99.9
'380_918' 04 08 1982 1.6910e+04 1.7200e+01 2.6400e+01 1.9753e+00 4.1000e+00 3.2000e+00 3.2000e+00 -99.9
'380_918' 05 08 1982 1.2720e+04 1.4900e+01 2.3800e+01 1.8083e+00 3.1000e+00 1.0000e+00 2.3000e+00 -99.9
'380_918' 06 08 1982 2.0320e+04 1.3600e+01 2.5000e+01 1.5877e+00 2.1000e+00 0.0000e+00 3.6000e+00 -99.9
'380_918' 07 08 1982 8.2700e+03 1.5200e+01 2.2600e+01 1.9083e+00 2.6000e+00 0.0000e+00 1.5000e+00 -99.9
'380_918' 08 08 1982 1.1710e+04 1.5500e+01 2.2400e+01 1.7936e+00 2.6000e+00 0.0000e+00 2.1000e+00 -99.9
'380_918' 09 08 1982 5.8400e+03 1.3100e+01 2.0200e+01 1.6216e+00 4.1000e+00 0.0000e+00 1.0000e+00 -99.9
'380_918' 10 08 1982 1.1190e+04 1.3100e+01 2.2600e+01 1.5375e+00 3.6000e+00 4.0000e-01 1.9000e+00 -99.9
'380_918' 11 08 1982 2.1960e+04 1.2100e+01 2.4500e+01 1.4905e+00 3.1000e+00 0.0000e+00 3.9000e+00 -99.9
'380_918' 12 08 1982 2.0560e+04 1.5200e+01 2.9100e+01 1.7416e+00 5.1000e+00 0.0000e+00 3.8000e+00 -99.9
'380_918' 13 08 1982 1.3440e+04 1.3100e+01 2.0200e+01 1.3452e+00 5.7000e+00 3.2000e+00 2.3000e+00 -99.9
'380_918' 14 08 1982 1.9350e+04 1.3500e+01 2.1000e+01 1.4313e+00 3.6000e+00 4.8000e+00 3.3000e+00 -99.9
'380_918' 15 08 1982 1.0730e+04 1.5400e+01 2.1100e+01 1.7099e+00 4.6000e+00 4.0000e+00 1.9000e+00 -99.9
'380_918' 16 08 1982 1.9170e+04 1.3800e+01 2.3200e+01 1.4618e+00 4.6000e+00 0.0000e+00 3.4000e+00 -99.9
'380_918' 17 08 1982 1.4990e+04 1.3300e+01 2.2600e+01 1.5505e+00 5.7000e+00 6.3000e+00 2.6000e+00 -99.9
'380_918' 18 08 1982 1.6150e+04 1.2600e+01 2.1200e+01 1.4230e+00 7.2000e+00 1.3000e+01 2.8000e+00 -99.9
'380_918' 19 08 1982 2.0780e+04 1.3100e+01 2.0100e+01 1.3052e+00 5.7000e+00 0.0000e+00 3.5000e+00 -99.9
'380_918' 20 08 1982 2.0590e+04 1.1900e+01 1.9100e+01 1.1457e+00 6.7000e+00 2.0000e+00 3.4000e+00 -99.9
'380_918' 21 08 1982 7.3400e+03 1.0800e+01 1.7500e+01 1.2583e+00 5.7000e+00 0.0000e+00 1.2000e+00 -99.9
'380_918' 22 08 1982 1.0720e+04 1.0500e+01 1.9600e+01 1.3218e+00 5.7000e+00 0.0000e+00 1.8000e+00 -99.9
'380_918' 23 08 1982 1.0860e+04 1.2300e+01 1.9800e+01 1.4669e+00 4.6000e+00 2.4000e+00 1.8000e+00 -99.9
'380_918' 24 08 1982 1.0530e+04 1.2500e+01 1.8800e+01 1.4778e+00 4.6000e+00 1.9000e+00 1.7000e+00 -99.9
'380_918' 25 08 1982 1.5030e+04 1.2500e+01 1.9900e+01 1.4109e+00 5.7000e+00 4.8000e+00 2.6000e+00 -99.9
'380_918' 26 08 1982 7.8300e+03 1.2800e+01 2.0100e+01 1.6892e+00 2.6000e+00 3.2000e+00 1.3000e+00 -99.9
'380_918' 27 08 1982 1.8490e+04 1.1700e+01 1.9700e+01 1.3419e+00 5.7000e+00 0.0000e+00 3.1000e+00 -99.9
'380_918' 28 08 1982 1.8800e+04 9.8000e+00 1.9900e+01 1.2428e+00 2.6000e+00 0.0000e+00 3.1000e+00 -99.9
'380_918' 29 08 1982 2.0600e+04 9.2000e+00 2.1500e+01 1.1530e+00 2.6000e+00 0.0000e+00 3.4000e+00 -99.9
'380_918' 30 08 1982 1.6090e+04 1.1200e+01 2.4700e+01 1.2678e+00 5.1000e+00 2.4000e+00 2.8000e+00 -99.9
'380_918' 31 08 1982 9.1200e+03 1.2300e+01 1.8700e+01 1.5142e+00 4.1000e+00 4.0000e-01 1.5000e+00 -99.9
'380_918' 01 09 1982 1.2700e+04 1.1200e+01 1.7500e+01 1.2627e+00 4.6000e+00 2.4000e+00 2.1000e+00 -99.9
'380_918' 02 09 1982 1.7840e+04 7.9000e+00 2.0600e+01 1.1258e+00 4.1000e+00 0.0000e+00 3.0000e+00 -99.9
'380_918' 03 09 1982 1.8540e+04 6.8000e+00 2.0000e+01 1.0284e+00 3.1000e+00 0.0000e+00 3.0000e+00 -99.9
'380_918' 04 09 1982 1.8620e+04 8.2000e+00 2.3300e+01 1.1035e+00 3.1000e+00 0.0000e+00 3.2000e+00 -99.9
'380_918' 05 09 1982 1.6080e+04 1.1300e+01 2.8400e+01 1.3335e+00 4.1000e+00 4.6000e+00 3.0000e+00 -99.9
'380_918' 06 09 1982 1.0340e+04 1.1500e+01 2.2500e+01 1.5044e+00 5.1000e+00 4.0000e-01 1.8000e+00 -99.9
'380_918' 07 09 1982 9.9800e+03 1.1300e+01 1.9500e+01 1.4316e+00 4.6000e+00 0.0000e+00 1.7000e+00 -99.9
'380_918' 08 09 1982 1.1450e+04 1.3600e+01 1.9500e+01 1.4776e+00 4.1000e+00 0.0000e+00 1.9000e+00 -99.9
'380_918' 09 09 1982 1.2840e+04 1.0200e+01 2.0400e+01 1.3275e+00 1.5000e+00 1.0000e-01 2.2000e+00 -99.9
'380_918' 10 09 1982 1.5490e+04 1.1300e+01 2.5200e+01 1.4173e+00 2.6000e+00 0.0000e+00 2.7000e+00 -99.9
'380_918' 11 09 1982 1.3090e+04 1.4400e+01 2.4200e+01 1.7227e+00 2.6000e+00 0.0000e+00 2.3000e+00 -99.9
'380_918' 12 09 1982 1.2780e+04 1.1800e+01 2.4000e+01 1.6080e+00 1.5000e+00 0.0000e+00 2.2000e+00 -99.9
'380_918' 13 09 1982 7.3700e+03 1.2000e+01 2.0500e+01 1.5968e+00 2.1000e+00 0.0000e+00 1.2000e+00 -99.9
'380_918' 14 09 1982 1.5500e+04 9.0000e+00 2.2500e+01 1.3576e+00 1.5000e+00 1.0000e-01 2.6000e+00 -99.9
'380_918' 15 09 1982 1.4840e+04 1.2100e+01 2.7600e+01 1.5325e+00 1.5000e+00 1.0000e-01 2.7000e+00 -99.9
'380_918' 16 09 1982 1.4450e+04 1.4000e+01 2.6300e+01 1.5695e+00 2.1000e+00 0.0000e+00 2.6000e+00 -99.9
'380_918' 17 09 1982 1.2170e+04 1.3300e+01 2.5500e+01 1.6444e+00 2.1000e+00 0.0000e+00 2.2000e+00 -99.9
'380_918' 18 09 1982 1.0040e+04 1.3500e+01 2.6300e+01 1.7481e+00 2.6000e+00 0.0000e+00 1.8000e+00 -99.9
'380_918' 19 09 1982 1.4320e+04 1.3600e+01 2.6800e+01 1.5775e+00 3.1000e+00 0.0000e+00 2.6000e+00 -99.9
'380_918' 20 09 1982 7.3800e+03 1.6500e+01 2.2400e+01 1.8413e+00 6.2000e+00 0.0000e+00 1.3000e+00 -99.9
'380_918' 21 09 1982 6.8300e+03 8.9000e+00 2.0600e+01 1.3348e+00 7.7000e+00 2.6000e+00 1.2000e+00 -99.9
'380_918' 22 09 1982 1.4050e+04 7.1000e+00 1.6500e+01 9.8455e-01 2.6000e+00 0.0000e+00 2.1000e+00 -99.9
'380_918' 23 09 1982 1.1550e+04 6.6000e+00 1.6700e+01 1.0313e+00 4.6000e+00 3.0000e-01 1.8000e+00 -99.9
'380_918' 24 09 1982 1.2880e+04 1.1600e+01 1.9000e+01 1.3145e+00 5.1000e+00 2.0000e-01 2.1000e+00 -99.9
'380_918' 25 09 1982 4.9800e+03 1.3600e+01 2.0600e+01 1.5183e+00 4.1000e+00 1.0200e+01 8.0000e-01 -99.9
'380_918' 26 09 1982 4.7500e+03 1.2500e+01 1.7000e+01 1.4765e+00 5.1000e+00 4.0000e-01 8.0000e-01 -99.9
'380_918' 27 09 1982 1.5380e+04 1.1000e+01 1.9100e+01 1.2195e+00 6.2000e+00 1.2000e+00 2.5000e+00 -99.9
'380_918' 28 09 1982 1.3100e+04 1.0200e+01 1.8800e+01 1.2343e+00 3.6000e+00 0.0000e+00 2.1000e+00 -99.9
'380_918' 29 09 1982 1.3710e+04 1.2800e+01 2.2700e+01 1.3672e+00 3.6000e+00 3.8000e+00 2.4000e+00 -99.9
'380_918' 30 09 1982 1.4400e+03 1.2000e+01 1.4900e+01 1.4431e+00 2.6000e+00 5.2000e+00 2.0000e-01 -99.9
'380_918' 01 10 1982 1.1690e+04 8.6000e+00 1.8300e+01 1.2555e+00 2.1000e+00 0.0000e+00 1.9000e+00 -99.9
'380_918' 02 10 1982 1.2820e+04 7.5000e+00 2.0500e+01 1.2330e+00 2.1000e+00 0.0000e+00 2.1000e+00 -99.9
'380_918' 03 10 1982 7.9500e+03 1.0300e+01 1.7700e+01 1.3783e+00 2.1000e+00 0.0000e+00 1.3000e+00 -99.9
'380_918' 04 10 1982 6.9800e+03 1.0700e+01 1.8000e+01 1.3637e+00 2.6000e+00 1.2000e+00 1.1000e+00 -99.9
'380_918' 05 10 1982 4.6800e+03 7.6000e+00 1.3100e+01 1.0859e+00 3.6000e+00 1.0000e+00 7.0000e-01 -99.9
'380_918' 06 10 1982 4.5500e+03 5.1000e+00 1.3300e+01 1.0376e+00 3.1000e+00 1.1700e+01 7.0000e-01 -99.9
'380_918' 07 10 1982 8.4000e+02 1.0500e+01 1.2700e+01 1.2807e+00 4.6000e+00 2.0500e+01 1.0000e-01 -99.9
'380_918' 08 10 1982 1.7600e+03 1.0100e+01 1.1600e+01 1.2074e+00 6.7000e+00 1.3800e+01 3.0000e-01 -99.9
'380_918' 09 10 1982 1.8900e+03 8.9000e+00 1.1100e+01 1.1512e+00 5.7000e+00 5.5000e+00 3.0000e-01 -99.9
'380_918' 10 10 1982 6.0900e+03 8.3000e+00 1.3500e+01 1.1417e+00 5.1000e+00 2.9000e+00 9.0000e-01 -99.9
'380_918' 11 10 1982 3.3600e+03 9.7000e+00 1.2900e+01 1.2380e+00 4.6000e+00 8.2000e+00 5.0000e-01 -99.9
'380_918' 12 10 1982 3.8200e+03 8.9000e+00 1.2900e+01 1.1624e+00 5.1000e+00 5.0000e+00 6.0000e-01 -99.9
'380_918' 13 10 1982 2.0100e+03 9.3000e+00 1.2900e+01 1.1802e+00 6.7000e+00 1.0000e+01 3.0000e-01 -99.9
'380_918' 14 10 1982 3.9700e+03 8.7000e+00 1.2700e+01 1.1215e+00 7.2000e+00 1.8800e+01 6.0000e-01 -99.9
'380_918' 15 10 1982 6.3200e+03 4.5000e+00 1.1800e+01 9.0099e-01 5.7000e+00 0.0000e+00 9.0000e-01 -99.9
'380_918' 16 10 1982 9.1700e+03 4.7000e+00 1.2300e+01 8.8813e-01 4.6000e+00 1.5000e+00 1.3000e+00 -99.9
'380_918' 17 10 1982 8.8000e+03 9.5000e+00 1.5000e+01 1.0644e+00 6.7000e+00 0.0000e+00 1.4000e+00 -99.9
'380_918' 18 10 1982 6.3300e+03 9.8000e+00 1.6200e+01 1.2135e+00 4.6000e+00 1.2000e+00 1.0000e+00 -99.9
'380_918' 19 10 1982 9.1700e+03 8.8000e+00 1.5400e+01 1.1555e+00 5.7000e+00 0.0000e+00 1.4000e+00 -99.9
'380_918' 20 10 1982 1.0530e+04 8.7000e+00 1.5700e+01 1.0766e+00 7.2000e+00 8.0000e-01 1.6000e+00 -99.9
'380_918' 21 10 1982 1.0350e+04 8.6000e+00 1.7700e+01 1.1526e+00 4.1000e+00 0.0000e+00 1.6000e+00 -99.9
'380_918' 22 10 1982 9.6700e+03 9.2000e+00 2.0500e+01 1.2249e+00 4.1000e+00 0.0000e+00 1.6000e+00 -99.9
'380_918' 23 10 1982 5.7200e+03 9.9000e+00 1.6700e+01 1.3230e+00 2.6000e+00 6.0000e+00 9.0000e-01 -99.9
'380_918' 24 10 1982 8.2400e+03 5.2000e+00 1.2900e+01 9.2122e-01 4.1000e+00 3.0000e-01 1.2000e+00 -99.9
'380_918' 25 10 1982 6.5500e+03 4.8000e+00 1.3200e+01 8.8967e-01 5.1000e+00 3.0000e-01 9.0000e-01 -99.9
'380_918' 26 10 1982 4.4100e+03 8.8000e+00 1.4400e+01 1.1931e+00 5.1000e+00 0.0000e+00 7.0000e-01 -99.9
'380_918' 27 10 1982 1.9800e+03 1.0800e+01 1.3400e+01 1.2940e+00 2.1000e+00 0.0000e+00 3.0000e-01 -99.9
'380_918' 28 10 1982 7.9600e+03 5.6000e+00 1.5400e+01 1.0895e+00 2.6000e+00 0.0000e+00 1.2000e+00 -99.9
'380_918' 29 10 1982 5.8200e+03 6.4000e+00 1.3000e+01 1.0308e+00 2.6000e+00 2.0000e-01 8.0000e-01 -99.9
'380_918' 30 10 1982 1.5800e+03 6.7000e+00 8.3000e+00 9.2149e-01 1.5000e+00 0.0000e+00 2.0000e-01 -99.9
'380_918' 31 10 1982 7.3500e+03 6.0000e+00 1.4500e+01 9.9137e-01 4.6000e+00 0.0000e+00 1.1000e+00 -99.9
'380_918' 01 11 1982 4.0200e+03 1.0900e+01 1.5800e+01 1.3147e+00 6.2000e+00 0.0000e+00 6.0000e-01 -99.9
'380_918' 02 11 1982 7.3400e+03 7.7000e+00 1.6500e+01 1.2537e+00 3.1000e+00 0.0000e+00 1.1000e+00 -99.9
'380_918' 03 11 1982 1.6700e+03 7.7000e+00 1.1900e+01 1.1746e+00 1.5000e+00 0.0000e+00 2.0000e-01 -99.9
'380_918' 04 11 1982 2.2500e+03 8.0000e+00 9.7000e+00 1.1234e+00 1.0000e+00 0.0000e+00 3.0000e-01 -99.9
'380_918' 05 11 1982 3.6200e+03 7.2000e+00 1.1600e+01 1.0606e+00 3.6000e+00 0.0000e+00 5.0000e-01 -99.9
'380_918' 06 11 1982 8.0900e+03 2.1000e+00 1.3500e+01 8.0873e-01 4.6000e+00 0.0000e+00 1.1000e+00 -99.9
'380_918' 07 11 1982 5.6500e+03 5.0000e-01 1.5100e+01 6.5718e-01 5.1000e+00 2.4000e+00 7.0000e-01 -99.9
'380_918' 08 11 1982 2.4700e+03 1.0100e+01 1.7000e+01 1.1023e+00 9.3000e+00 0.0000e+00 4.0000e-01 -99.9
'380_918' 09 11 1982 1.4100e+03 1.0300e+01 1.2300e+01 1.2294e+00 6.7000e+00 1.6000e+00 2.0000e-01 -99.9
'380_918' 10 11 1982 2.7800e+03 9.6000e+00 1.1500e+01 1.1189e+00 7.2000e+00 7.0000e-01 4.0000e-01 -99.9
'380_918' 11 11 1982 6.5700e+03 8.0000e+00 1.3500e+01 1.1281e+00 5.7000e+00 2.0000e-01 1.0000e+00 -99.9
'380_918' 12 11 1982 4.4400e+03 8.0000e+00 1.4400e+01 1.1290e+00 7.7000e+00 7.5000e+00 7.0000e-01 -99.9
'380_918' 13 11 1982 2.0200e+03 4.0000e+00 8.6000e+00 8.8518e-01 6.2000e+00 1.5000e+00 3.0000e-01 -99.9
'380_918' 14 11 1982 4.7000e+03 3.0000e+00 7.2000e+00 7.6407e-01 6.7000e+00 3.1000e+00 6.0000e-01 -99.9
'380_918' 15 11 1982 1.3000e+03 2.0000e-01 4.8000e+00 6.9906e-01 3.6000e+00 5.1000e+00 2.0000e-01 -99.9
'380_918' 16 11 1982 2.1100e+03 2.0000e-01 5.9000e+00 7.0645e-01 7.2000e+00 9.1000e+00 3.0000e-01 -99.9
'380_918' 17 11 1982 2.3500e+03 1.7000e+00 6.8000e+00 7.5638e-01 6.7000e+00 4.5000e+00 3.0000e-01 -99.9
'380_918' 18 11 1982 6.0000e+02 5.2000e+00 1.1800e+01 1.0365e+00 8.7000e+00 5.2000e+00 1.0000e-01 -99.9
'380_918' 19 11 1982 4.8700e+03 6.6000e+00 1.0000e+01 8.8056e-01 9.3000e+00 1.0000e+00 7.0000e-01 -99.9
'380_918' 20 11 1982 4.3000e+03 5.4000e+00 9.9000e+00 9.2034e-01 7.7000e+00 5.0000e-01 6.0000e-01 -99.9
'380_918' 21 11 1982 4.9700e+03 4.7000e+00 9.4000e+00 8.3257e-01 6.2000e+00 5.5000e+00 7.0000e-01 -99.9
'380_918' 22 11 1982 1.5200e+03 5.7000e+00 9.3000e+00 9.6668e-01 6.7000e+00 2.9000e+00 2.0000e-01 -99.9
'380_918' 23 11 1982 3.3500e+03 6.2000e+00 1.3800e+01 1.0072e+00 6.2000e+00 1.4000e+00 5.0000e-01 -99.9
'380_918' 24 11 1982 3.5300e+03 6.2000e+00 1.3200e+01 9.5731e-01 8.7000e+00 9.0000e-01 5.0000e-01 -99.9
'380_918' 25 11 1982 1.8100e+03 6.9000e+00 8.8000e+00 8.9016e-01 8.7000e+00 7.7000e+00 2.0000e-01 -99.9
'380_918' 26 11 1982 3.8300e+03 4.0000e+00 8.2000e+00 8.5642e-01 5.1000e+00 1.5000e+00 5.0000e-01 -99.9
'380_918' 27 11 1982 1.9900e+03 3.5000e+00 7.6000e+00 8.5164e-01 2.6000e+00 0.0000e+00 3.0000e-01 -99.9
'380_918' 28 11 1982 2.9400e+03 6.0000e-01 5.4000e+00 6.9367e-01 4.6000e+00 0.0000e+00 4.0000e-01 -99.9
'380_918' 29 11 1982 1.0500e+03 -8.0000e-01 3.0000e+00 6.5480e-01 2.6000e+00 0.0000e+00 1.0000e-01 -99.9
'380_918' 30 11 1982 2.0400e+03 -1.4000e+00 3.9000e+00 6.2270e-01 5.1000e+00 0.0000e+00 2.0000e-01 -99.9
'380_918' 01 12 1982 4.5900e+03 -1.8000e+00 1.9000e+00 5.5851e-01 3.6000e+00 0.0000e+00 5.0000e-01 -99.9
'380_918' 02 12 1982 6.8000e+02 6.0000e-01 3.5000e+00 6.2671e-01 1.5000e+00 0.0000e+00 1.0000e-01 -99.9
'380_918' 03 12 1982 7.4000e+02 1.7000e+00 2.9000e+00 6.9882e-01 2.1000e+00 0.0000e+00 1.0000e-01 -99.9
'380_918' 04 12 1982 4.3000e+02 1.5000e+00 3.7000e+00 6.9753e-01 2.6000e+00 0.0000e+00 0.0000e+00 -99.9
'380_918' 05 12 1982 4.3400e+03 -2.5000e+00 7.5000e+00 5.8678e-01 5.1000e+00 1.1700e+01 5.0000e-01 -99.9
'380_918' 06 12 1982 6.4000e+02 3.0000e+00 6.2000e+00 8.3418e-01 3.1000e+00 4.0000e-01 1.0000e-01 -99.9
'380_918' 07 12 1982 1.5100e+03 2.7000e+00 1.2700e+01 9.6631e-01 4.1000e+00 5.8000e+00 2.0000e-01 -99.9
'380_918' 08 12 1982 2.6400e+03 6.0000e+00 1.2700e+01 9.1443e-01 7.7000e+00 1.5000e+00 4.0000e-01 -99.9
'380_918' 09 12 1982 1.5400e+03 4.8000e+00 9.7000e+00 8.7316e-01 9.3000e+00 1.4100e+01 2.0000e-01 -99.9
'380_918' 10 12 1982 1.8300e+03 3.8000e+00 1.1500e+01 8.8739e-01 1.0800e+01 7.5000e+00 2.0000e-01 -99.9
'380_918' 11 12 1982 2.1500e+03 1.9000e+00 5.3000e+00 7.2181e-01 7.7000e+00 3.0000e-01 3.0000e-01 -99.9
'380_918' 12 12 1982 1.1100e+03 1.9000e+00 4.8000e+00 7.6478e-01 3.1000e+00 0.0000e+00 1.0000e-01 -99.9
'380_918' 13 12 1982 1.4800e+03 -5.0000e-01 2.6000e+00 6.4817e-01 3.1000e+00 3.0000e-01 2.0000e-01 -99.9
'380_918' 14 12 1982 2.7800e+03 -1.0000e+00 1.6000e+00 5.8410e-01 5.1000e+00 1.8000e+00 3.0000e-01 -99.9
'380_918' 15 12 1982 4.1000e+02 1.4000e+00 1.1500e+01 8.8460e-01 1.2300e+01 8.5000e+00 1.0000e-01 -99.9
'380_918' 16 12 1982 1.3200e+03 3.0000e+00 1.0900e+01 8.1502e-01 9.3000e+00 8.0000e-01 2.0000e-01 -99.9
'380_918' 17 12 1982 1.9400e+03 0.0000e+00 4.0000e+00 6.3506e-01 4.6000e+00 1.2000e+00 2.0000e-01 -99.9
'380_918' 18 12 1982 1.2500e+03 -9.0000e-01 1.8000e+00 6.2166e-01 4.6000e+00 0.0000e+00 1.0000e-01 -99.9
'380_918' 19 12 1982 3.9300e+03 -1.5000e+00 6.6000e+00 6.0301e-01 1.0300e+01 8.2000e+00 4.0000e-01 -99.9
'380_918' 20 12 1982 1.1500e+03 3.7000e+00 7.8000e+00 7.8177e-01 9.8000e+00 3.8000e+00 1.0000e-01 -99.9
'380_918' 21 12 1982 6.9000e+02 3.1000e+00 5.0000e+00 7.4107e-01 1.0800e+01 5.6000e+00 1.0000e-01 -99.9
'380_918' 22 12 1982 8.5000e+02 3.0000e-01 4.1000e+00 7.0873e-01 3.6000e+00 6.0000e-01 1.0000e-01 -99.9
'380_918' 23 12 1982 1.6400e+03 -2.3000e+00 8.0000e-01 5.7431e-01 3.6000e+00 0.0000e+00 2.0000e-01 -99.9
'380_918' 24 12 1982 2.5400e+03 -1.7000e+00 1.4000e+00 5.5808e-01 7.2000e+00 2.0000e-01 3.0000e-01 -99.9
'380_918' 25 12 1982 8.9000e+02 1.2000e+00 4.7000e+00 7.4886e-01 5.1000e+00 7.0000e-01 1.0000e-01 -99.9
'380_918' 26 12 1982 6.7000e+02 4.4000e+00 7.9000e+00 9.3748e-01 5.7000e+00 6.0000e-01 1.0000e-01 -99.9
'380_918' 27 12 1982 1.4600e+03 5.6000e+00 9.3000e+00 9.6291e-01 7.2000e+00 0.0000e+00 2.0000e-01 -99.9
'380_918' 28 12 1982 2.0200e+03 3.5000e+00 5.9000e+00 8.0006e-01 5.7000e+00 0.0000e+00 3.0000e-01 -99.9
'380_918' 29 12 1982 1.8000e+03 -1.3000e+00 4.0000e+00 6.6024e-01 2.6000e+00 0.0000e+00 2.0000e-01 -99.9
'380_918' 30 12 1982 4.0300e+03 -3.2000e+00 4.5000e+00 5.6455e-01 2.6000e+00 0.0000e+00 4.0000e-01 -99.9
'380_918' 31 12 1982 4.1600e+03 -4.6000e+00 2.8000e+00 4.9441e-01 4.1000e+00 0.0000e+00 4.0000e-01 -99.9
