* Source of data    : Royal Netherlands Meterological Institute (www.knmi.nl) stations 370 and 918
* File content      : Input file for Swap 3.2 (www.swap.alterra.nl) 
* File generated by : Alterra - Wageningen-UR (www.alterra.wur.nl) 
* File generated at : 2015-02-19 20:52:54
station DD MM YYYY Rad Tmin Tmax Hum Wind Rain ETref Wet
'380_918' 01 01 1978 7.3000e+02 2.3000e+00 6.9000e+00 7.6945e-01 4.6000e+00 0.0000e+00 1.0000e-01 -99.9
'380_918' 02 01 1978 6.7000e+02 2.6000e+00 6.3000e+00 7.0704e-01 5.1000e+00 1.0000e+00 1.0000e-01 -99.9
'380_918' 03 01 1978 4.9000e+02 8.0000e-01 6.0000e+00 6.6579e-01 9.3000e+00 4.0000e+00 1.0000e-01 -99.9
'380_918' 04 01 1978 1.8900e+03 -5.0000e-01 3.9000e+00 6.4047e-01 4.1000e+00 1.8000e+00 2.0000e-01 -99.9
'380_918' 05 01 1978 3.5700e+03 -4.5000e+00 8.0000e-01 4.5957e-01 3.6000e+00 0.0000e+00 4.0000e-01 -99.9
'380_918' 06 01 1978 9.5000e+02 4.0000e-01 3.7000e+00 5.8343e-01 4.6000e+00 2.0000e-01 1.0000e-01 -99.9
'380_918' 07 01 1978 3.8900e+03 -7.0000e-01 5.1000e+00 5.8731e-01 2.1000e+00 0.0000e+00 4.0000e-01 -99.9
'380_918' 08 01 1978 3.0400e+03 -2.7000e+00 2.0000e+00 5.3908e-01 3.1000e+00 0.0000e+00 3.0000e-01 -99.9
'380_918' 09 01 1978 1.4600e+03 1.8000e+00 5.2000e+00 7.2451e-01 6.2000e+00 5.4000e+00 2.0000e-01 -99.9
'380_918' 10 01 1978 3.6400e+03 3.6000e+00 5.7000e+00 7.0462e-01 8.2000e+00 2.8000e+00 5.0000e-01 -99.9
'380_918' 11 01 1978 1.9800e+03 2.4000e+00 5.5000e+00 6.7645e-01 8.2000e+00 2.9000e+00 2.0000e-01 -99.9
'380_918' 12 01 1978 4.1000e+02 5.0000e-01 2.8000e+00 6.4463e-01 6.7000e+00 1.0000e+00 0.0000e+00 -99.9
'380_918' 13 01 1978 2.1000e+03 -1.8000e+00 1.9000e+00 5.4030e-01 5.7000e+00 4.0000e-01 2.0000e-01 -99.9
'380_918' 14 01 1978 1.4500e+03 -1.3000e+00 4.2000e+00 6.3744e-01 2.6000e+00 2.0000e-01 2.0000e-01 -99.9
'380_918' 15 01 1978 3.0600e+03 1.2000e+00 3.9000e+00 6.1351e-01 4.1000e+00 0.0000e+00 4.0000e-01 -99.9
'380_918' 16 01 1978 2.9700e+03 -1.2000e+00 5.5000e+00 5.8059e-01 2.6000e+00 0.0000e+00 3.0000e-01 -99.9
'380_918' 17 01 1978 3.0300e+03 2.7000e+00 6.5000e+00 6.6375e-01 3.1000e+00 0.0000e+00 4.0000e-01 -99.9
'380_918' 18 01 1978 2.3100e+03 -2.0000e+00 4.1000e+00 5.9049e-01 2.1000e+00 0.0000e+00 3.0000e-01 -99.9
'380_918' 19 01 1978 3.0900e+03 -1.9000e+00 5.1000e+00 5.4976e-01 5.7000e+00 1.2000e+00 4.0000e-01 -99.9
'380_918' 20 01 1978 4.8800e+03 1.0000e-01 6.4000e+00 6.2296e-01 4.6000e+00 0.0000e+00 6.0000e-01 -99.9
'380_918' 21 01 1978 4.4000e+03 -2.0000e-01 5.1000e+00 6.2886e-01 3.6000e+00 0.0000e+00 5.0000e-01 -99.9
'380_918' 22 01 1978 5.9400e+03 -3.0000e+00 4.1000e+00 5.0884e-01 3.6000e+00 1.2000e+00 6.0000e-01 -99.9
'380_918' 23 01 1978 4.8600e+03 -1.0000e-01 4.8000e+00 6.1194e-01 6.7000e+00 7.7000e+00 6.0000e-01 -99.9
'380_918' 24 01 1978 1.8500e+03 3.5000e+00 8.5000e+00 8.0035e-01 7.7000e+00 1.3000e+00 2.0000e-01 -99.9
'380_918' 25 01 1978 1.0400e+03 2.2000e+00 4.8000e+00 6.2532e-01 8.2000e+00 1.0000e+00 1.0000e-01 -99.9
'380_918' 26 01 1978 3.6800e+03 -5.0000e-01 5.2000e+00 6.3659e-01 5.1000e+00 1.8000e+00 4.0000e-01 -99.9
'380_918' 27 01 1978 3.6900e+03 1.0000e+00 5.2000e+00 6.5602e-01 8.2000e+00 0.0000e+00 4.0000e-01 -99.9
'380_918' 28 01 1978 1.6600e+03 2.7000e+00 6.9000e+00 6.7167e-01 8.2000e+00 1.1000e+00 2.0000e-01 -99.9
'380_918' 29 01 1978 1.9500e+03 2.3000e+00 5.0000e+00 6.8703e-01 5.1000e+00 2.3000e+00 2.0000e-01 -99.9
'380_918' 30 01 1978 1.6100e+03 4.0000e-01 4.5000e+00 6.7709e-01 3.1000e+00 0.0000e+00 2.0000e-01 -99.9
'380_918' 31 01 1978 3.8400e+03 -3.0000e-01 2.6000e+00 5.8744e-01 4.1000e+00 4.6000e+00 4.0000e-01 -99.9
'380_918' 01 02 1978 1.9400e+03 1.0000e-01 6.2000e+00 6.9425e-01 4.6000e+00 1.3200e+01 2.0000e-01 -99.9
'380_918' 02 02 1978 2.8000e+02 4.0000e-01 6.0000e+00 6.9956e-01 5.7000e+00 0.0000e+00 0.0000e+00 -99.9
'380_918' 03 02 1978 3.5000e+03 -4.0000e-01 4.0000e+00 6.3137e-01 2.6000e+00 0.0000e+00 4.0000e-01 -99.9
'380_918' 04 02 1978 5.7600e+03 -1.6000e+00 4.1000e+00 5.6847e-01 2.6000e+00 9.0000e-01 6.0000e-01 -99.9
'380_918' 05 02 1978 1.6400e+03 -3.0000e-01 3.0000e+00 5.8822e-01 5.1000e+00 2.1000e+00 2.0000e-01 -99.9
'380_918' 06 02 1978 2.3900e+03 1.8000e+00 5.0000e+00 7.3554e-01 2.1000e+00 1.0000e-01 3.0000e-01 -99.9
'380_918' 07 02 1978 5.3000e+02 1.2000e+00 2.9000e+00 6.8573e-01 2.1000e+00 0.0000e+00 1.0000e-01 -99.9
'380_918' 08 02 1978 2.9300e+03 -1.8000e+00 1.2000e+00 5.2849e-01 5.1000e+00 0.0000e+00 3.0000e-01 -99.9
'380_918' 09 02 1978 4.7600e+03 -3.4000e+00 -9.0000e-01 4.0503e-01 7.2000e+00 0.0000e+00 5.0000e-01 -99.9
'380_918' 10 02 1978 5.9000e+03 -4.3000e+00 -1.4000e+00 3.7891e-01 6.7000e+00 0.0000e+00 5.0000e-01 -99.9
'380_918' 11 02 1978 1.6000e+03 -5.3000e+00 -3.2000e+00 3.8660e-01 4.1000e+00 0.0000e+00 1.0000e-01 -99.9
'380_918' 12 02 1978 6.6500e+03 -3.3000e+00 1.0000e-01 4.3094e-01 4.6000e+00 0.0000e+00 7.0000e-01 -99.9
'380_918' 13 02 1978 4.1300e+03 -3.3000e+00 -2.0000e-01 4.5883e-01 4.1000e+00 2.6000e+00 4.0000e-01 -99.9
'380_918' 14 02 1978 5.4500e+03 -1.6000e+00 4.0000e-01 5.3061e-01 6.7000e+00 1.2000e+00 6.0000e-01 -99.9
'380_918' 15 02 1978 6.2900e+03 -4.0000e+00 1.7000e+00 5.0437e-01 2.1000e+00 0.0000e+00 6.0000e-01 -99.9
'380_918' 16 02 1978 7.8600e+03 -7.1000e+00 4.0000e-01 3.7462e-01 3.6000e+00 0.0000e+00 7.0000e-01 -99.9
'380_918' 17 02 1978 6.7100e+03 -9.1000e+00 -2.0000e+00 3.1819e-01 4.1000e+00 0.0000e+00 6.0000e-01 -99.9
'380_918' 18 02 1978 8.0600e+03 -1.4400e+01 -7.0000e-01 2.3225e-01 2.1000e+00 0.0000e+00 7.0000e-01 -99.9
'380_918' 19 02 1978 6.7500e+03 -7.1000e+00 -1.0000e+00 3.0778e-01 6.7000e+00 0.0000e+00 6.0000e-01 -99.9
'380_918' 20 02 1978 1.0660e+04 -1.0100e+01 -1.4000e+00 2.7715e-01 4.1000e+00 0.0000e+00 9.0000e-01 -99.9
'380_918' 21 02 1978 4.3800e+03 -9.2000e+00 4.0000e+00 3.7663e-01 3.1000e+00 0.0000e+00 4.0000e-01 -99.9
'380_918' 22 02 1978 3.0100e+03 2.8000e+00 7.7000e+00 7.8629e-01 4.6000e+00 0.0000e+00 4.0000e-01 -99.9
'380_918' 23 02 1978 2.3600e+03 2.6000e+00 1.1700e+01 7.1967e-01 6.2000e+00 4.0000e-01 3.0000e-01 -99.9
'380_918' 24 02 1978 4.7800e+03 7.1000e+00 1.2800e+01 9.8367e-01 4.6000e+00 1.0000e-01 7.0000e-01 -99.9
'380_918' 25 02 1978 8.0900e+03 8.0000e+00 1.5700e+01 1.0588e+00 6.2000e+00 1.0000e-01 1.2000e+00 -99.9
'380_918' 26 02 1978 1.0140e+04 6.8000e+00 1.4700e+01 8.9481e-01 6.7000e+00 0.0000e+00 1.5000e+00 -99.9
'380_918' 27 02 1978 6.8600e+03 7.6000e+00 1.4400e+01 9.9554e-01 5.7000e+00 6.0000e-01 1.0000e+00 -99.9
'380_918' 28 02 1978 5.9100e+03 5.1000e+00 1.3000e+01 9.0835e-01 3.6000e+00 1.0000e-01 8.0000e-01 -99.9
'380_918' 01 03 1978 9.5500e+03 3.3000e+00 1.5500e+01 8.0682e-01 3.6000e+00 0.0000e+00 1.4000e+00 -99.9
'380_918' 02 03 1978 8.7000e+03 6.0000e+00 1.1200e+01 8.4591e-01 5.1000e+00 3.0000e+00 1.2000e+00 -99.9
'380_918' 03 03 1978 3.1900e+03 3.7000e+00 1.0100e+01 8.3328e-01 5.7000e+00 1.0000e-01 4.0000e-01 -99.9
'380_918' 04 03 1978 6.4000e+03 1.4000e+00 8.9000e+00 7.6412e-01 3.6000e+00 0.0000e+00 8.0000e-01 -99.9
'380_918' 05 03 1978 3.4900e+03 0.0000e+00 6.2000e+00 6.2430e-01 4.6000e+00 0.0000e+00 4.0000e-01 -99.9
'380_918' 06 03 1978 9.1200e+03 -6.0000e-01 5.8000e+00 5.9416e-01 1.5000e+00 0.0000e+00 1.0000e+00 -99.9
'380_918' 07 03 1978 9.2200e+03 -2.5000e+00 8.9000e+00 5.4155e-01 2.6000e+00 0.0000e+00 1.1000e+00 -99.9
'380_918' 08 03 1978 3.9400e+03 8.0000e-01 9.9000e+00 6.8529e-01 6.7000e+00 3.0000e+00 5.0000e-01 -99.9
'380_918' 09 03 1978 1.2290e+04 1.5000e+00 1.0900e+01 7.1588e-01 2.6000e+00 0.0000e+00 1.6000e+00 -99.9
'380_918' 10 03 1978 3.3500e+03 5.4000e+00 1.0400e+01 9.3336e-01 3.6000e+00 0.0000e+00 5.0000e-01 -99.9
'380_918' 11 03 1978 3.7800e+03 8.6000e+00 1.2700e+01 1.2061e+00 2.6000e+00 0.0000e+00 6.0000e-01 -99.9
'380_918' 12 03 1978 6.4100e+03 7.8000e+00 1.5600e+01 1.1401e+00 3.6000e+00 5.5000e+00 1.0000e+00 -99.9
'380_918' 13 03 1978 1.0970e+04 4.5000e+00 9.9000e+00 7.7753e-01 6.7000e+00 2.7000e+00 1.5000e+00 -99.9
'380_918' 14 03 1978 3.8600e+03 6.2000e+00 8.9000e+00 7.7680e-01 1.0300e+01 6.0000e-01 5.0000e-01 -99.9
'380_918' 15 03 1978 4.4800e+03 3.9000e+00 9.4000e+00 7.8639e-01 1.0800e+01 6.3000e+00 6.0000e-01 -99.9
'380_918' 16 03 1978 7.1400e+03 4.0000e-01 8.1000e+00 6.6791e-01 8.2000e+00 1.0000e+00 9.0000e-01 -99.9
'380_918' 17 03 1978 9.6200e+03 -6.0000e-01 6.4000e+00 5.9641e-01 4.1000e+00 3.0000e-01 1.1000e+00 -99.9
'380_918' 18 03 1978 9.3300e+03 -1.3000e+00 5.8000e+00 5.5479e-01 3.6000e+00 1.0000e-01 1.1000e+00 -99.9
'380_918' 19 03 1978 7.3300e+03 2.8000e+00 8.3000e+00 7.0186e-01 7.2000e+00 1.0900e+01 9.0000e-01 -99.9
'380_918' 20 03 1978 5.4300e+03 4.0000e-01 8.4000e+00 6.7290e-01 6.7000e+00 9.8000e+00 7.0000e-01 -99.9
'380_918' 21 03 1978 2.2700e+03 1.0000e-01 4.3000e+00 6.5762e-01 5.7000e+00 9.2000e+00 3.0000e-01 -99.9
'380_918' 22 03 1978 1.0190e+04 -3.0000e-01 7.5000e+00 6.4466e-01 7.2000e+00 7.9000e+00 1.3000e+00 -99.9
'380_918' 23 03 1978 8.3500e+03 1.5000e+00 7.7000e+00 6.8608e-01 9.3000e+00 5.7000e+00 1.1000e+00 -99.9
'380_918' 24 03 1978 9.3200e+03 2.8000e+00 7.3000e+00 7.5142e-01 5.1000e+00 1.2000e+00 1.2000e+00 -99.9
'380_918' 25 03 1978 4.4600e+03 4.2000e+00 1.1300e+01 8.8841e-01 8.7000e+00 1.0800e+01 6.0000e-01 -99.9
'380_918' 26 03 1978 1.5090e+04 2.7000e+00 9.0000e+00 6.0404e-01 8.2000e+00 1.2000e+00 1.9000e+00 -99.9
'380_918' 27 03 1978 2.8900e+03 4.8000e+00 1.0600e+01 9.2582e-01 7.7000e+00 1.2000e+00 4.0000e-01 -99.9
'380_918' 28 03 1978 9.7700e+03 8.1000e+00 1.5800e+01 1.0254e+00 6.7000e+00 1.0000e+00 1.5000e+00 -99.9
'380_918' 29 03 1978 1.0350e+04 7.7000e+00 1.4100e+01 9.1579e-01 6.2000e+00 4.6000e+00 1.6000e+00 -99.9
'380_918' 30 03 1978 1.2800e+03 5.7000e+00 8.5000e+00 9.4366e-01 3.6000e+00 3.6000e+00 2.0000e-01 -99.9
'380_918' 31 03 1978 6.7500e+03 4.7000e+00 1.1200e+01 9.1582e-01 2.6000e+00 0.0000e+00 9.0000e-01 -99.9
'380_918' 01 04 1978 1.2110e+04 4.4000e+00 1.3400e+01 8.2368e-01 4.1000e+00 0.0000e+00 1.7000e+00 -99.9
'380_918' 02 04 1978 1.4560e+04 4.3000e+00 1.5500e+01 9.4849e-01 3.6000e+00 0.0000e+00 2.1000e+00 -99.9
'380_918' 03 04 1978 1.2970e+04 6.9000e+00 1.3400e+01 1.0272e+00 5.1000e+00 0.0000e+00 1.9000e+00 -99.9
'380_918' 04 04 1978 3.2300e+03 5.9000e+00 8.4000e+00 9.2773e-01 5.7000e+00 0.0000e+00 4.0000e-01 -99.9
'380_918' 05 04 1978 1.1050e+04 2.9000e+00 8.9000e+00 6.9832e-01 7.2000e+00 0.0000e+00 1.4000e+00 -99.9
'380_918' 06 04 1978 2.0200e+04 0.0000e+00 9.2000e+00 4.9685e-01 6.7000e+00 0.0000e+00 2.5000e+00 -99.9
'380_918' 07 04 1978 2.0490e+04 -1.7000e+00 1.0700e+01 4.7135e-01 6.2000e+00 0.0000e+00 2.6000e+00 -99.9
'380_918' 08 04 1978 1.3580e+04 2.5000e+00 9.9000e+00 7.0430e-01 3.1000e+00 0.0000e+00 1.8000e+00 -99.9
'380_918' 09 04 1978 1.7800e+04 -9.0000e-01 1.5100e+01 6.6085e-01 1.5000e+00 0.0000e+00 2.4000e+00 -99.9
'380_918' 10 04 1978 1.1220e+04 2.9000e+00 9.5000e+00 7.5558e-01 4.1000e+00 0.0000e+00 1.5000e+00 -99.9
'380_918' 11 04 1978 1.1280e+04 -1.0000e-01 5.5000e+00 6.2423e-01 6.2000e+00 4.6000e+00 1.3000e+00 -99.9
'380_918' 12 04 1978 1.4650e+04 -1.0000e+00 7.1000e+00 5.5964e-01 6.2000e+00 1.2000e+00 1.7000e+00 -99.9
'380_918' 13 04 1978 5.4500e+03 1.8000e+00 5.7000e+00 6.9603e-01 2.1000e+00 5.0000e+00 7.0000e-01 -99.9
'380_918' 14 04 1978 1.7500e+03 4.0000e-01 3.5000e+00 6.5663e-01 4.6000e+00 1.0000e+00 2.0000e-01 -99.9
'380_918' 15 04 1978 1.0420e+04 4.0000e-01 8.0000e+00 6.1864e-01 4.6000e+00 0.0000e+00 1.3000e+00 -99.9
'380_918' 16 04 1978 1.4420e+04 -6.0000e-01 7.6000e+00 6.2979e-01 2.6000e+00 0.0000e+00 1.7000e+00 -99.9
'380_918' 17 04 1978 1.5490e+04 9.0000e-01 1.0000e+01 6.7309e-01 1.5000e+00 0.0000e+00 1.9000e+00 -99.9
'380_918' 18 04 1978 1.9620e+04 5.0000e-01 1.3800e+01 5.4254e-01 4.1000e+00 0.0000e+00 2.7000e+00 -99.9
'380_918' 19 04 1978 1.5390e+04 4.8000e+00 1.3900e+01 8.5959e-01 3.1000e+00 0.0000e+00 2.2000e+00 -99.9
'380_918' 20 04 1978 1.1290e+04 4.4000e+00 1.4200e+01 9.4900e-01 3.6000e+00 7.0000e-01 1.6000e+00 -99.9
'380_918' 21 04 1978 1.7020e+04 4.5000e+00 1.3700e+01 8.2217e-01 4.1000e+00 0.0000e+00 2.4000e+00 -99.9
'380_918' 22 04 1978 1.9010e+04 2.7000e+00 1.4800e+01 7.3141e-01 2.1000e+00 0.0000e+00 2.7000e+00 -99.9
'380_918' 23 04 1978 2.2490e+04 4.2000e+00 1.6300e+01 7.9935e-01 3.6000e+00 0.0000e+00 3.4000e+00 -99.9
'380_918' 24 04 1978 1.9700e+04 4.5000e+00 1.7600e+01 8.3161e-01 3.1000e+00 0.0000e+00 3.0000e+00 -99.9
'380_918' 25 04 1978 1.8960e+04 4.3000e+00 1.4200e+01 7.7986e-01 4.1000e+00 0.0000e+00 2.7000e+00 -99.9
'380_918' 26 04 1978 1.3790e+04 4.1000e+00 1.5900e+01 9.0196e-01 3.6000e+00 3.4000e+00 2.0000e+00 -99.9
'380_918' 27 04 1978 1.4000e+04 6.7000e+00 1.5100e+01 9.9934e-01 3.1000e+00 1.0000e+00 2.1000e+00 -99.9
'380_918' 28 04 1978 1.5460e+04 4.2000e+00 1.5600e+01 9.3464e-01 2.1000e+00 5.1000e+00 2.2000e+00 -99.9
'380_918' 29 04 1978 2.1130e+04 5.2000e+00 1.7400e+01 9.9196e-01 2.6000e+00 3.9000e+00 3.2000e+00 -99.9
'380_918' 30 04 1978 1.8150e+04 1.0200e+01 1.8800e+01 1.2817e+00 2.6000e+00 9.0000e-01 2.9000e+00 -99.9
'380_918' 01 05 1978 8.7800e+03 1.0600e+01 1.6900e+01 1.3525e+00 2.1000e+00 8.8000e+00 1.4000e+00 -99.9
'380_918' 02 05 1978 3.7600e+03 8.6000e+00 1.2300e+01 1.1673e+00 3.1000e+00 5.0000e-01 6.0000e-01 -99.9
'380_918' 03 05 1978 1.6380e+04 8.2000e+00 1.6200e+01 1.1354e+00 3.1000e+00 1.0000e-01 2.4000e+00 -99.9
'380_918' 04 05 1978 1.6090e+04 6.7000e+00 1.8300e+01 1.0442e+00 2.6000e+00 0.0000e+00 2.6000e+00 -99.9
'380_918' 05 05 1978 1.2590e+04 9.8000e+00 1.9700e+01 1.3485e+00 2.6000e+00 3.8000e+00 2.1000e+00 -99.9
'380_918' 06 05 1978 1.6450e+04 1.0600e+01 1.9100e+01 1.3288e+00 3.1000e+00 1.2400e+01 2.7000e+00 -99.9
'380_918' 07 05 1978 3.0200e+03 9.6000e+00 1.1800e+01 1.1935e+00 3.6000e+00 0.0000e+00 4.0000e-01 -99.9
'380_918' 08 05 1978 4.9900e+03 9.6000e+00 1.2300e+01 1.2247e+00 2.1000e+00 0.0000e+00 7.0000e-01 -99.9
'380_918' 09 05 1978 2.4420e+04 7.8000e+00 1.7200e+01 9.0780e-01 4.1000e+00 0.0000e+00 3.8000e+00 -99.9
'380_918' 10 05 1978 2.2120e+04 5.1000e+00 1.6500e+01 8.9789e-01 3.1000e+00 0.0000e+00 3.3000e+00 -99.9
'380_918' 11 05 1978 2.2160e+04 4.2000e+00 1.1600e+01 6.5848e-01 3.1000e+00 7.4000e+00 3.1000e+00 -99.9
'380_918' 12 05 1978 6.1600e+03 3.7000e+00 9.8000e+00 8.4593e-01 4.6000e+00 2.5000e+00 8.0000e-01 -99.9
'380_918' 13 05 1978 8.1300e+03 4.4000e+00 1.0600e+01 8.9013e-01 1.0000e+00 1.0000e-01 1.1000e+00 -99.9
'380_918' 14 05 1978 1.4760e+04 5.5000e+00 1.2800e+01 1.0095e+00 3.1000e+00 4.1000e+00 2.1000e+00 -99.9
'380_918' 15 05 1978 1.4090e+04 5.9000e+00 1.2300e+01 9.9140e-01 2.6000e+00 2.5000e+00 2.0000e+00 -99.9
'380_918' 16 05 1978 1.8630e+04 3.8000e+00 1.5800e+01 8.9824e-01 2.1000e+00 2.0000e+00 2.7000e+00 -99.9
'380_918' 17 05 1978 2.3920e+04 5.5000e+00 1.7200e+01 9.4049e-01 2.1000e+00 0.0000e+00 3.7000e+00 -99.9
'380_918' 18 05 1978 2.3170e+04 7.6000e+00 1.9000e+01 1.0336e+00 3.6000e+00 0.0000e+00 3.7000e+00 -99.9
'380_918' 19 05 1978 1.0040e+04 8.7000e+00 1.6200e+01 1.2575e+00 2.6000e+00 2.0000e-01 1.6000e+00 -99.9
'380_918' 20 05 1978 9.8500e+03 9.4000e+00 1.7600e+01 1.3539e+00 2.6000e+00 0.0000e+00 1.5000e+00 -99.9
'380_918' 21 05 1978 1.0060e+04 6.5000e+00 1.3100e+01 9.9066e-01 1.5000e+00 0.0000e+00 1.5000e+00 -99.9
'380_918' 22 05 1978 6.1800e+03 6.3000e+00 1.4900e+01 1.0873e+00 4.1000e+00 0.0000e+00 9.0000e-01 -99.9
'380_918' 23 05 1978 6.2100e+03 8.7000e+00 1.2900e+01 1.1920e+00 5.7000e+00 0.0000e+00 9.0000e-01 -99.9
'380_918' 24 05 1978 3.8500e+03 8.5000e+00 1.2300e+01 1.2004e+00 4.1000e+00 4.0000e-01 6.0000e-01 -99.9
'380_918' 25 05 1978 3.6700e+03 8.4000e+00 1.0500e+01 1.1805e+00 2.6000e+00 2.0000e+00 5.0000e-01 -99.9
'380_918' 26 05 1978 1.1250e+04 9.2000e+00 1.7400e+01 1.3215e+00 2.1000e+00 1.0000e-01 1.8000e+00 -99.9
'380_918' 27 05 1978 2.3570e+04 1.0000e+01 2.2200e+01 1.2967e+00 3.1000e+00 0.0000e+00 4.0000e+00 -99.9
'380_918' 28 05 1978 2.4050e+04 9.7000e+00 2.3700e+01 1.1436e+00 2.6000e+00 0.0000e+00 4.2000e+00 -99.9
'380_918' 29 05 1978 2.4030e+04 1.1700e+01 2.4200e+01 1.3799e+00 3.1000e+00 0.0000e+00 4.3000e+00 -99.9
'380_918' 30 05 1978 2.4290e+04 1.2300e+01 2.5400e+01 1.3903e+00 3.1000e+00 0.0000e+00 4.4000e+00 -99.9
'380_918' 31 05 1978 2.6470e+04 1.2300e+01 2.5100e+01 1.3630e+00 3.6000e+00 0.0000e+00 4.8000e+00 -99.9
'380_918' 01 06 1978 2.1490e+04 1.3100e+01 2.7000e+01 1.5263e+00 2.6000e+00 0.0000e+00 3.9000e+00 -99.9
'380_918' 02 06 1978 1.5770e+04 1.3800e+01 2.5400e+01 1.6779e+00 2.6000e+00 0.0000e+00 2.8000e+00 -99.9
'380_918' 03 06 1978 2.2650e+04 1.3400e+01 2.5600e+01 1.6758e+00 3.1000e+00 5.4000e+00 4.0000e+00 -99.9
'380_918' 04 06 1978 2.4920e+04 1.2700e+01 2.7900e+01 1.5211e+00 3.1000e+00 2.7000e+00 4.6000e+00 -99.9
'380_918' 05 06 1978 1.5650e+04 1.5500e+01 2.4100e+01 1.8430e+00 2.6000e+00 0.0000e+00 2.8000e+00 -99.9
'380_918' 06 06 1978 1.9250e+04 1.5600e+01 2.7500e+01 1.9131e+00 2.6000e+00 2.5000e+00 3.6000e+00 -99.9
'380_918' 07 06 1978 8.1600e+03 1.4400e+01 1.9300e+01 1.7427e+00 3.6000e+00 1.6000e+00 1.4000e+00 -99.9
'380_918' 08 06 1978 1.2760e+04 1.1300e+01 1.9300e+01 1.4250e+00 5.1000e+00 0.0000e+00 2.1000e+00 -99.9
'380_918' 09 06 1978 1.5260e+04 1.0200e+01 1.9200e+01 1.2774e+00 4.1000e+00 0.0000e+00 2.5000e+00 -99.9
'380_918' 10 06 1978 1.2830e+04 7.9000e+00 1.5200e+01 1.0020e+00 4.1000e+00 0.0000e+00 2.0000e+00 -99.9
'380_918' 11 06 1978 1.5560e+04 6.5000e+00 1.6300e+01 9.7958e-01 3.1000e+00 0.0000e+00 2.4000e+00 -99.9
'380_918' 12 06 1978 1.3630e+04 9.3000e+00 1.4800e+01 1.0780e+00 5.1000e+00 0.0000e+00 2.1000e+00 -99.9
'380_918' 13 06 1978 1.0220e+04 7.7000e+00 1.4700e+01 1.0976e+00 2.6000e+00 0.0000e+00 1.5000e+00 -99.9
'380_918' 14 06 1978 2.4420e+04 4.9000e+00 1.7200e+01 9.0174e-01 2.6000e+00 0.0000e+00 3.8000e+00 -99.9
'380_918' 15 06 1978 2.1120e+04 9.0000e+00 2.2000e+01 1.2331e+00 4.1000e+00 1.0900e+01 3.5000e+00 -99.9
'380_918' 16 06 1978 1.4470e+04 1.0800e+01 1.7500e+01 1.2740e+00 2.6000e+00 1.2000e+00 2.3000e+00 -99.9
'380_918' 17 06 1978 1.0050e+04 1.0900e+01 2.0000e+01 1.3399e+00 4.1000e+00 0.0000e+00 1.6000e+00 -99.9
'380_918' 18 06 1978 2.7170e+04 9.4000e+00 2.1000e+01 1.1204e+00 3.6000e+00 0.0000e+00 4.5000e+00 -99.9
'380_918' 19 06 1978 2.0810e+04 9.4000e+00 2.3200e+01 1.1675e+00 1.5000e+00 0.0000e+00 3.6000e+00 -99.9
'380_918' 20 06 1978 2.1810e+04 1.0300e+01 2.2000e+01 1.1905e+00 2.6000e+00 0.0000e+00 3.7000e+00 -99.9
'380_918' 21 06 1978 1.9910e+04 1.1700e+01 2.2800e+01 1.3613e+00 4.1000e+00 1.0000e+00 3.4000e+00 -99.9
'380_918' 22 06 1978 8.9100e+03 1.2000e+01 1.6100e+01 1.4614e+00 7.2000e+00 6.8000e+00 1.5000e+00 -99.9
'380_918' 23 06 1978 1.5280e+04 1.0000e+01 1.6800e+01 1.2869e+00 7.7000e+00 8.4000e+00 2.4000e+00 -99.9
'380_918' 24 06 1978 1.6480e+04 9.0000e+00 1.5600e+01 1.1709e+00 6.7000e+00 1.0000e+00 2.5000e+00 -99.9
'380_918' 25 06 1978 1.8380e+04 7.9000e+00 1.5200e+01 1.0416e+00 6.7000e+00 2.8000e+00 2.8000e+00 -99.9
'380_918' 26 06 1978 4.5200e+03 9.3000e+00 1.3000e+01 1.2625e+00 5.7000e+00 6.8000e+00 7.0000e-01 -99.9
'380_918' 27 06 1978 1.3200e+04 7.7000e+00 1.4200e+01 1.0712e+00 3.1000e+00 0.0000e+00 2.0000e+00 -99.9
'380_918' 28 06 1978 1.0620e+04 8.7000e+00 1.4500e+01 1.2316e+00 4.6000e+00 1.8000e+00 1.6000e+00 -99.9
'380_918' 29 06 1978 3.8700e+03 1.3300e+01 1.6200e+01 1.6370e+00 4.6000e+00 1.9800e+01 6.0000e-01 -99.9
'380_918' 30 06 1978 1.3860e+04 1.1900e+01 1.8700e+01 1.4395e+00 4.1000e+00 2.0000e-01 2.3000e+00 -99.9
'380_918' 01 07 1978 2.1310e+04 1.0700e+01 1.9800e+01 1.2565e+00 2.1000e+00 5.0000e-01 3.5000e+00 -99.9
'380_918' 02 07 1978 6.9600e+03 1.3000e+01 1.6900e+01 1.5169e+00 7.2000e+00 1.8000e+01 1.1000e+00 -99.9
'380_918' 03 07 1978 8.1800e+03 9.6000e+00 1.7900e+01 1.3750e+00 7.2000e+00 3.0000e+00 1.3000e+00 -99.9
'380_918' 04 07 1978 2.2080e+04 8.7000e+00 1.6400e+01 1.1512e+00 6.7000e+00 2.0000e+00 3.4000e+00 -99.9
'380_918' 05 07 1978 8.6400e+03 9.4000e+00 1.4200e+01 1.2971e+00 4.6000e+00 1.3000e+01 1.3000e+00 -99.9
'380_918' 06 07 1978 8.5800e+03 1.0200e+01 1.2900e+01 1.2338e+00 4.6000e+00 2.3000e+00 1.3000e+00 -99.9
'380_918' 07 07 1978 3.4700e+03 9.9000e+00 1.2700e+01 1.2931e+00 4.1000e+00 6.1000e+00 5.0000e-01 -99.9
'380_918' 08 07 1978 8.8400e+03 9.0000e+00 1.6600e+01 1.3429e+00 6.2000e+00 1.3000e+01 1.4000e+00 -99.9
'380_918' 09 07 1978 1.1140e+04 1.0000e+01 1.6000e+01 1.2758e+00 4.1000e+00 1.0000e-01 1.7000e+00 -99.9
'380_918' 10 07 1978 1.4040e+04 9.2000e+00 1.7000e+01 1.2073e+00 1.5000e+00 0.0000e+00 2.2000e+00 -99.9
'380_918' 11 07 1978 2.1030e+04 7.7000e+00 1.9700e+01 1.0817e+00 2.1000e+00 0.0000e+00 3.5000e+00 -99.9
'380_918' 12 07 1978 1.6860e+04 1.3200e+01 2.1800e+01 1.6514e+00 2.1000e+00 0.0000e+00 2.9000e+00 -99.9
'380_918' 13 07 1978 1.8940e+04 1.1500e+01 2.1300e+01 1.5027e+00 2.1000e+00 0.0000e+00 3.2000e+00 -99.9
'380_918' 14 07 1978 1.5230e+04 1.0900e+01 1.7000e+01 1.2943e+00 2.6000e+00 0.0000e+00 2.4000e+00 -99.9
'380_918' 15 07 1978 1.0420e+04 9.8000e+00 1.4900e+01 1.1448e+00 2.1000e+00 0.0000e+00 1.6000e+00 -99.9
'380_918' 16 07 1978 1.6030e+04 7.2000e+00 1.8100e+01 1.1327e+00 3.6000e+00 0.0000e+00 2.5000e+00 -99.9
'380_918' 17 07 1978 2.2780e+04 7.1000e+00 1.8400e+01 1.0251e+00 1.5000e+00 0.0000e+00 3.6000e+00 -99.9
'380_918' 18 07 1978 1.4990e+04 8.9000e+00 1.9800e+01 1.2066e+00 2.1000e+00 3.8000e+00 2.5000e+00 -99.9
'380_918' 19 07 1978 1.0450e+04 1.2300e+01 1.8300e+01 1.4820e+00 3.6000e+00 2.0000e+00 1.7000e+00 -99.9
'380_918' 20 07 1978 8.9400e+03 1.1900e+01 1.6400e+01 1.3723e+00 5.7000e+00 2.1000e+00 1.4000e+00 -99.9
'380_918' 21 07 1978 1.2140e+04 9.5000e+00 1.6300e+01 1.2887e+00 2.6000e+00 1.5000e+00 1.9000e+00 -99.9
'380_918' 22 07 1978 1.9630e+04 7.5000e+00 2.0000e+01 1.1496e+00 2.6000e+00 0.0000e+00 3.2000e+00 -99.9
'380_918' 23 07 1978 1.8790e+04 1.0700e+01 2.3200e+01 1.3293e+00 3.1000e+00 0.0000e+00 3.2000e+00 -99.9
'380_918' 24 07 1978 2.1620e+04 1.2100e+01 2.3900e+01 1.4927e+00 3.6000e+00 0.0000e+00 3.8000e+00 -99.9
'380_918' 25 07 1978 2.2710e+04 1.3000e+01 2.3600e+01 1.4051e+00 1.5000e+00 0.0000e+00 4.0000e+00 -99.9
'380_918' 26 07 1978 1.0580e+04 1.2500e+01 2.3400e+01 1.6393e+00 4.6000e+00 0.0000e+00 1.9000e+00 -99.9
'380_918' 27 07 1978 2.2100e+04 1.1900e+01 2.3600e+01 1.4897e+00 2.6000e+00 0.0000e+00 3.8000e+00 -99.9
'380_918' 28 07 1978 2.4830e+04 1.3100e+01 2.7800e+01 1.5258e+00 2.1000e+00 0.0000e+00 4.6000e+00 -99.9
'380_918' 29 07 1978 2.0470e+04 1.5800e+01 2.9300e+01 1.8451e+00 1.5000e+00 0.0000e+00 3.9000e+00 -99.9
'380_918' 30 07 1978 2.2690e+04 1.8200e+01 3.2400e+01 2.1057e+00 3.6000e+00 0.0000e+00 4.5000e+00 -99.9
'380_918' 31 07 1978 1.5370e+04 1.7800e+01 2.8700e+01 2.0956e+00 3.6000e+00 6.0000e-01 2.9000e+00 -99.9
'380_918' 01 08 1978 1.2240e+04 1.4300e+01 2.1200e+01 1.6430e+00 3.1000e+00 0.0000e+00 2.2000e+00 -99.9
'380_918' 02 08 1978 1.5090e+04 1.4300e+01 2.2000e+01 1.6139e+00 5.7000e+00 2.0000e+00 2.6000e+00 -99.9
'380_918' 03 08 1978 1.1140e+04 1.4700e+01 1.9900e+01 1.6929e+00 5.7000e+00 4.0000e-01 1.9000e+00 -99.9
'380_918' 04 08 1978 1.4180e+04 1.2700e+01 2.0200e+01 1.4869e+00 4.6000e+00 0.0000e+00 2.4000e+00 -99.9
'380_918' 05 08 1978 1.2490e+04 1.1500e+01 2.0600e+01 1.4278e+00 4.1000e+00 9.0000e-01 2.1000e+00 -99.9
'380_918' 06 08 1978 7.3800e+03 1.2400e+01 1.9100e+01 1.6575e+00 2.6000e+00 2.3000e+00 1.2000e+00 -99.9
'380_918' 07 08 1978 1.2640e+04 1.2100e+01 1.8400e+01 1.4741e+00 4.1000e+00 0.0000e+00 2.1000e+00 -99.9
'380_918' 08 08 1978 1.2670e+04 1.1500e+01 1.7900e+01 1.4215e+00 4.1000e+00 1.0000e-01 2.1000e+00 -99.9
'380_918' 09 08 1978 1.1080e+04 1.2700e+01 1.9500e+01 1.5334e+00 3.6000e+00 0.0000e+00 1.8000e+00 -99.9
'380_918' 10 08 1978 1.6200e+04 1.2500e+01 2.0300e+01 1.5324e+00 2.6000e+00 0.0000e+00 2.7000e+00 -99.9
'380_918' 11 08 1978 7.2400e+03 1.1600e+01 1.6600e+01 1.3323e+00 1.0000e+00 0.0000e+00 1.2000e+00 -99.9
'380_918' 12 08 1978 1.7580e+04 1.0500e+01 1.9700e+01 1.2430e+00 1.0000e+00 7.8000e+00 2.9000e+00 -99.9
'380_918' 13 08 1978 1.1570e+04 1.2800e+01 2.0400e+01 1.6281e+00 1.5000e+00 0.0000e+00 1.9000e+00 -99.9
'380_918' 14 08 1978 1.3060e+04 1.1300e+01 2.2100e+01 1.4256e+00 3.6000e+00 0.0000e+00 2.2000e+00 -99.9
'380_918' 15 08 1978 1.9290e+04 1.4100e+01 2.5500e+01 1.5955e+00 5.1000e+00 1.7000e+00 3.5000e+00 -99.9
'380_918' 16 08 1978 1.3540e+04 1.3000e+01 2.0900e+01 1.6047e+00 4.6000e+00 5.4000e+00 2.3000e+00 -99.9
'380_918' 17 08 1978 1.4230e+04 9.4000e+00 1.9700e+01 1.2158e+00 4.6000e+00 0.0000e+00 2.3000e+00 -99.9
'380_918' 18 08 1978 2.0470e+04 7.5000e+00 2.0900e+01 1.0960e+00 2.1000e+00 0.0000e+00 3.3000e+00 -99.9
'380_918' 19 08 1978 2.3130e+04 9.2000e+00 2.4600e+01 1.1672e+00 3.1000e+00 0.0000e+00 4.0000e+00 -99.9
'380_918' 20 08 1978 2.0460e+04 9.6000e+00 2.7400e+01 1.2791e+00 1.5000e+00 0.0000e+00 3.7000e+00 -99.9
'380_918' 21 08 1978 1.8810e+04 1.2800e+01 2.4200e+01 1.6679e+00 2.6000e+00 0.0000e+00 3.3000e+00 -99.9
'380_918' 22 08 1978 1.9480e+04 1.2600e+01 2.5200e+01 1.5446e+00 2.1000e+00 0.0000e+00 3.5000e+00 -99.9
'380_918' 23 08 1978 9.6300e+03 1.2900e+01 2.1300e+01 1.6316e+00 2.1000e+00 0.0000e+00 1.6000e+00 -99.9
'380_918' 24 08 1978 1.9630e+04 9.8000e+00 2.1900e+01 1.3107e+00 2.1000e+00 0.0000e+00 3.3000e+00 -99.9
'380_918' 25 08 1978 9.1900e+03 9.8000e+00 1.8200e+01 1.2429e+00 2.6000e+00 0.0000e+00 1.5000e+00 -99.9
'380_918' 26 08 1978 1.2410e+04 8.5000e+00 1.6300e+01 1.1388e+00 3.1000e+00 0.0000e+00 1.9000e+00 -99.9
'380_918' 27 08 1978 5.2000e+03 6.7000e+00 1.4600e+01 1.0987e+00 3.6000e+00 1.6000e+00 8.0000e-01 -99.9
'380_918' 28 08 1978 1.1320e+04 5.5000e+00 1.6100e+01 9.9210e-01 2.1000e+00 0.0000e+00 1.7000e+00 -99.9
'380_918' 29 08 1978 5.5200e+03 7.9000e+00 1.6000e+01 1.2365e+00 3.6000e+00 1.4900e+01 9.0000e-01 -99.9
'380_918' 30 08 1978 1.1510e+04 9.3000e+00 1.5800e+01 1.2623e+00 4.1000e+00 1.0000e-01 1.8000e+00 -99.9
'380_918' 31 08 1978 8.2600e+03 8.9000e+00 1.4200e+01 1.2584e+00 4.1000e+00 3.4000e+00 1.2000e+00 -99.9
'380_918' 01 09 1978 7.0700e+03 8.9000e+00 1.4700e+01 1.2616e+00 3.1000e+00 2.7000e+00 1.1000e+00 -99.9
'380_918' 02 09 1978 9.7700e+03 9.5000e+00 1.5200e+01 1.1967e+00 4.1000e+00 1.0000e-01 1.5000e+00 -99.9
'380_918' 03 09 1978 1.0510e+04 9.6000e+00 1.7600e+01 1.2454e+00 3.6000e+00 0.0000e+00 1.7000e+00 -99.9
'380_918' 04 09 1978 8.7900e+03 9.8000e+00 1.7500e+01 1.3435e+00 2.6000e+00 0.0000e+00 1.4000e+00 -99.9
'380_918' 05 09 1978 1.6270e+04 8.6000e+00 1.8200e+01 1.1945e+00 1.5000e+00 0.0000e+00 2.6000e+00 -99.9
'380_918' 06 09 1978 5.8700e+03 1.0300e+01 1.5100e+01 1.3765e+00 2.1000e+00 7.0000e-01 9.0000e-01 -99.9
'380_918' 07 09 1978 8.0400e+03 1.2400e+01 1.8400e+01 1.5773e+00 2.1000e+00 0.0000e+00 1.3000e+00 -99.9
'380_918' 08 09 1978 1.1570e+04 1.4100e+01 2.0800e+01 1.6728e+00 3.6000e+00 0.0000e+00 2.0000e+00 -99.9
'380_918' 09 09 1978 1.1310e+04 1.4600e+01 2.0700e+01 1.6222e+00 6.2000e+00 0.0000e+00 1.9000e+00 -99.9
'380_918' 10 09 1978 3.8500e+03 1.3500e+01 1.9000e+01 1.6350e+00 8.7000e+00 0.0000e+00 7.0000e-01 -99.9
'380_918' 11 09 1978 6.2300e+03 1.3000e+01 2.0000e+01 1.5526e+00 9.3000e+00 1.5000e+00 1.1000e+00 -99.9
'380_918' 12 09 1978 9.0600e+03 8.0000e+00 1.5600e+01 1.1632e+00 4.6000e+00 0.0000e+00 1.4000e+00 -99.9
'380_918' 13 09 1978 1.2110e+04 8.2000e+00 1.9000e+01 1.2080e+00 5.1000e+00 0.0000e+00 2.0000e+00 -99.9
'380_918' 14 09 1978 4.9500e+03 9.1000e+00 1.6900e+01 1.3150e+00 4.1000e+00 2.5000e+00 8.0000e-01 -99.9
'380_918' 15 09 1978 1.0340e+04 9.0000e+00 1.7800e+01 1.3076e+00 6.2000e+00 0.0000e+00 1.6000e+00 -99.9
'380_918' 16 09 1978 8.5700e+03 1.2000e+01 1.7900e+01 1.5165e+00 5.1000e+00 0.0000e+00 1.4000e+00 -99.9
'380_918' 17 09 1978 8.5400e+03 8.0000e+00 1.8000e+01 1.2286e+00 4.1000e+00 3.0000e-01 1.4000e+00 -99.9
'380_918' 18 09 1978 9.5100e+03 6.6000e+00 1.5600e+01 1.0820e+00 3.1000e+00 0.0000e+00 1.4000e+00 -99.9
'380_918' 19 09 1978 6.9100e+03 4.4000e+00 1.4700e+01 9.9287e-01 4.1000e+00 2.0000e-01 1.0000e+00 -99.9
'380_918' 20 09 1978 1.1990e+04 3.8000e+00 1.5000e+01 8.6204e-01 3.1000e+00 0.0000e+00 1.7000e+00 -99.9
'380_918' 21 09 1978 5.7000e+03 1.0200e+01 1.8500e+01 1.3987e+00 4.1000e+00 0.0000e+00 9.0000e-01 -99.9
'380_918' 22 09 1978 8.0600e+03 1.0700e+01 1.8400e+01 1.4089e+00 5.7000e+00 0.0000e+00 1.3000e+00 -99.9
'380_918' 23 09 1978 7.4800e+03 1.2000e+01 1.9000e+01 1.5415e+00 4.1000e+00 0.0000e+00 1.2000e+00 -99.9
'380_918' 24 09 1978 1.1920e+04 1.0800e+01 1.9500e+01 1.2369e+00 5.7000e+00 0.0000e+00 2.0000e+00 -99.9
'380_918' 25 09 1978 9.5500e+03 9.5000e+00 1.9200e+01 1.3786e+00 4.6000e+00 0.0000e+00 1.5000e+00 -99.9
'380_918' 26 09 1978 7.0800e+03 6.8000e+00 1.4700e+01 1.1061e+00 3.1000e+00 3.5000e+00 1.1000e+00 -99.9
'380_918' 27 09 1978 4.0100e+03 7.8000e+00 1.3300e+01 1.1756e+00 5.1000e+00 1.2900e+01 6.0000e-01 -99.9
'380_918' 28 09 1978 4.4000e+03 7.3000e+00 1.2200e+01 1.1422e+00 4.1000e+00 5.7000e+00 6.0000e-01 -99.9
'380_918' 29 09 1978 6.1200e+03 9.6000e+00 1.4200e+01 1.2934e+00 8.2000e+00 1.3400e+01 9.0000e-01 -99.9
'380_918' 30 09 1978 6.5000e+03 7.6000e+00 1.1300e+01 1.0680e+00 9.3000e+00 1.5700e+01 9.0000e-01 -99.9
'380_918' 01 10 1978 5.9000e+03 6.4000e+00 1.2200e+01 1.0440e+00 3.6000e+00 2.6000e+00 9.0000e-01 -99.9
'380_918' 02 10 1978 6.0800e+03 2.7000e+00 1.1100e+01 8.8397e-01 2.6000e+00 1.0000e-01 8.0000e-01 -99.9
'380_918' 03 10 1978 4.1800e+03 5.5000e+00 9.0000e+00 9.5068e-01 1.5000e+00 0.0000e+00 6.0000e-01 -99.9
'380_918' 04 10 1978 6.0500e+03 4.9000e+00 1.2400e+01 9.6307e-01 2.6000e+00 5.0000e-01 9.0000e-01 -99.9
'380_918' 05 10 1978 4.1600e+03 7.3000e+00 1.3100e+01 1.0606e+00 6.7000e+00 0.0000e+00 6.0000e-01 -99.9
'380_918' 06 10 1978 6.9600e+03 1.1700e+01 1.6600e+01 1.3692e+00 4.6000e+00 0.0000e+00 1.1000e+00 -99.9
'380_918' 07 10 1978 1.2490e+04 7.2000e+00 1.9400e+01 1.1345e+00 2.1000e+00 0.0000e+00 2.0000e+00 -99.9
'380_918' 08 10 1978 1.2130e+04 8.6000e+00 2.1500e+01 1.2301e+00 3.6000e+00 0.0000e+00 2.0000e+00 -99.9
'380_918' 09 10 1978 8.9000e+03 1.1800e+01 2.2100e+01 1.4572e+00 3.1000e+00 0.0000e+00 1.5000e+00 -99.9
'380_918' 10 10 1978 8.1300e+03 1.1400e+01 2.2300e+01 1.3838e+00 2.1000e+00 0.0000e+00 1.4000e+00 -99.9
'380_918' 11 10 1978 1.0640e+04 9.6000e+00 2.4000e+01 1.3660e+00 2.1000e+00 0.0000e+00 1.8000e+00 -99.9
'380_918' 12 10 1978 1.1540e+04 5.5000e+00 2.0800e+01 1.0306e+00 2.1000e+00 0.0000e+00 1.8000e+00 -99.9
'380_918' 13 10 1978 1.0660e+04 6.0000e+00 2.1900e+01 1.1453e+00 1.5000e+00 0.0000e+00 1.7000e+00 -99.9
'380_918' 14 10 1978 1.0620e+04 7.1000e+00 2.1400e+01 1.1856e+00 2.6000e+00 0.0000e+00 1.7000e+00 -99.9
'380_918' 15 10 1978 8.4400e+03 1.0200e+01 1.9900e+01 1.4269e+00 2.6000e+00 0.0000e+00 1.4000e+00 -99.9
'380_918' 16 10 1978 3.5900e+03 9.5000e+00 1.4900e+01 1.1733e+00 5.7000e+00 3.0000e-01 6.0000e-01 -99.9
'380_918' 17 10 1978 4.4700e+03 3.7000e+00 9.6000e+00 8.7966e-01 3.6000e+00 1.8000e+00 6.0000e-01 -99.9
'380_918' 18 10 1978 5.7800e+03 5.0000e-01 9.8000e+00 7.9055e-01 1.5000e+00 1.0000e-01 7.0000e-01 -99.9
'380_918' 19 10 1978 5.2900e+03 1.7000e+00 1.0700e+01 8.0023e-01 1.5000e+00 0.0000e+00 7.0000e-01 -99.9
'380_918' 20 10 1978 2.0500e+03 6.8000e+00 1.0500e+01 1.0228e+00 3.1000e+00 1.3000e+00 3.0000e-01 -99.9
'380_918' 21 10 1978 5.4400e+03 4.8000e+00 1.0700e+01 8.8705e-01 2.6000e+00 8.0000e-01 8.0000e-01 -99.9
'380_918' 22 10 1978 9.9000e+02 6.7000e+00 1.2300e+01 1.0947e+00 5.1000e+00 1.1000e+00 1.0000e-01 -99.9
'380_918' 23 10 1978 5.8600e+03 5.9000e+00 1.2900e+01 9.9525e-01 2.6000e+00 0.0000e+00 8.0000e-01 -99.9
'380_918' 24 10 1978 5.6200e+03 6.0000e+00 1.4400e+01 1.0367e+00 6.7000e+00 9.0000e-01 8.0000e-01 -99.9
'380_918' 25 10 1978 9.0000e+02 1.0800e+01 1.3000e+01 1.3341e+00 4.1000e+00 1.3200e+01 1.0000e-01 -99.9
'380_918' 26 10 1978 4.9300e+03 7.1000e+00 1.2100e+01 1.0594e+00 2.6000e+00 1.0000e-01 7.0000e-01 -99.9
'380_918' 27 10 1978 7.1200e+03 2.3000e+00 1.2200e+01 8.2295e-01 1.5000e+00 4.0000e-01 1.0000e+00 -99.9
'380_918' 28 10 1978 2.1700e+03 8.9000e+00 1.2200e+01 1.1898e+00 2.1000e+00 0.0000e+00 3.0000e-01 -99.9
'380_918' 29 10 1978 1.7200e+03 9.4000e+00 1.1800e+01 1.1849e+00 1.5000e+00 0.0000e+00 3.0000e-01 -99.9
'380_918' 30 10 1978 1.4800e+03 8.5000e+00 1.0400e+01 1.0276e+00 1.5000e+00 0.0000e+00 2.0000e-01 -99.9
'380_918' 31 10 1978 7.1500e+03 3.9000e+00 1.2000e+01 8.4075e-01 2.1000e+00 0.0000e+00 1.0000e+00 -99.9
'380_918' 01 11 1978 5.7200e+03 5.0000e+00 1.4700e+01 1.0094e+00 2.1000e+00 0.0000e+00 8.0000e-01 -99.9
'380_918' 02 11 1978 7.7300e+03 1.9000e+00 1.3800e+01 8.4450e-01 3.1000e+00 2.0000e+00 1.0000e+00 -99.9
'380_918' 03 11 1978 2.3200e+03 4.9000e+00 1.0900e+01 9.8925e-01 5.1000e+00 8.0000e-01 3.0000e-01 -99.9
'380_918' 04 11 1978 2.7100e+03 5.7000e+00 1.1900e+01 1.0393e+00 2.1000e+00 2.0000e-01 4.0000e-01 -99.9
'380_918' 05 11 1978 6.5500e+03 3.4000e+00 1.2700e+01 9.4750e-01 2.1000e+00 2.0000e-01 9.0000e-01 -99.9
'380_918' 06 11 1978 6.5900e+03 1.2000e+00 9.8000e+00 8.2562e-01 1.5000e+00 2.0000e-01 8.0000e-01 -99.9
'380_918' 07 11 1978 7.3600e+03 -5.0000e-01 1.3300e+01 7.3982e-01 2.1000e+00 2.0000e-01 9.0000e-01 -99.9
'380_918' 08 11 1978 6.8400e+03 -4.0000e-01 1.3700e+01 7.1467e-01 2.1000e+00 1.0000e-01 9.0000e-01 -99.9
'380_918' 09 11 1978 6.1300e+03 -1.6000e+00 6.9000e+00 6.6785e-01 1.5000e+00 1.0000e-01 7.0000e-01 -99.9
'380_918' 10 11 1978 6.1400e+03 -1.9000e+00 6.3000e+00 6.5561e-01 1.0000e+00 0.0000e+00 7.0000e-01 -99.9
'380_918' 11 11 1978 1.8200e+03 -3.2000e+00 8.0000e-01 5.3638e-01 1.0000e+00 0.0000e+00 2.0000e-01 -99.9
'380_918' 12 11 1978 6.7800e+03 -4.1000e+00 1.3500e+01 5.7276e-01 3.1000e+00 1.0000e-01 8.0000e-01 -99.9
'380_918' 13 11 1978 9.4000e+02 4.1000e+00 9.9000e+00 8.9209e-01 4.6000e+00 2.2000e+00 1.0000e-01 -99.9
'380_918' 14 11 1978 5.3700e+03 4.2000e+00 1.0700e+01 8.9495e-01 7.2000e+00 0.0000e+00 7.0000e-01 -99.9
'380_918' 15 11 1978 6.1200e+03 3.6000e+00 1.1200e+01 8.2347e-01 9.3000e+00 4.0000e-01 9.0000e-01 -99.9
'380_918' 16 11 1978 5.7000e+03 5.7000e+00 1.0100e+01 8.3151e-01 7.2000e+00 0.0000e+00 8.0000e-01 -99.9
'380_918' 17 11 1978 2.9400e+03 6.0000e+00 1.1300e+01 9.8042e-01 6.7000e+00 0.0000e+00 4.0000e-01 -99.9
'380_918' 18 11 1978 4.1800e+03 6.7000e+00 1.2300e+01 9.0834e-01 8.2000e+00 0.0000e+00 6.0000e-01 -99.9
'380_918' 19 11 1978 5.5000e+03 8.0000e+00 1.3800e+01 1.0093e+00 8.7000e+00 1.5000e+00 8.0000e-01 -99.9
'380_918' 20 11 1978 3.8400e+03 2.0000e+00 1.0500e+01 8.1669e-01 3.1000e+00 1.0000e-01 5.0000e-01 -99.9
'380_918' 21 11 1978 2.1400e+03 2.0000e+00 9.2000e+00 7.8216e-01 6.7000e+00 1.0000e-01 3.0000e-01 -99.9
'380_918' 22 11 1978 1.2700e+03 8.9000e+00 1.1300e+01 1.1582e+00 7.7000e+00 1.0000e-01 2.0000e-01 -99.9
'380_918' 23 11 1978 1.7900e+03 9.0000e+00 1.1200e+01 1.1342e+00 6.7000e+00 0.0000e+00 3.0000e-01 -99.9
'380_918' 24 11 1978 2.4400e+03 3.2000e+00 9.9000e+00 8.1123e-01 6.7000e+00 3.8000e+00 3.0000e-01 -99.9
'380_918' 25 11 1978 1.7200e+03 8.0000e-01 6.7000e+00 7.3351e-01 4.1000e+00 1.0000e+00 2.0000e-01 -99.9
'380_918' 26 11 1978 1.8200e+03 0.0000e+00 3.0000e+00 6.3602e-01 4.1000e+00 5.8000e+00 2.0000e-01 -99.9
'380_918' 27 11 1978 3.3000e+03 -5.0000e-01 3.7000e+00 6.4343e-01 4.1000e+00 2.2000e+00 4.0000e-01 -99.9
'380_918' 28 11 1978 2.4100e+03 -1.4000e+00 2.1000e+00 5.9008e-01 4.1000e+00 4.0000e-01 3.0000e-01 -99.9
'380_918' 29 11 1978 2.9700e+03 -3.4000e+00 1.0000e-01 5.0959e-01 2.6000e+00 0.0000e+00 3.0000e-01 -99.9
'380_918' 30 11 1978 1.4400e+03 -3.7000e+00 -1.7000e+00 4.7935e-01 1.5000e+00 0.0000e+00 1.0000e-01 -99.9
'380_918' 01 12 1978 2.5400e+03 -3.4000e+00 -7.0000e-01 5.0704e-01 2.1000e+00 0.0000e+00 3.0000e-01 -99.9
'380_918' 02 12 1978 3.5700e+03 -3.5000e+00 2.8000e+00 5.4951e-01 2.6000e+00 0.0000e+00 4.0000e-01 -99.9
'380_918' 03 12 1978 4.5400e+03 -4.1000e+00 2.6000e+00 4.9796e-01 3.1000e+00 2.0000e+00 5.0000e-01 -99.9
'380_918' 04 12 1978 1.4900e+03 -5.0000e-01 2.4000e+00 5.9853e-01 3.1000e+00 3.5000e+00 2.0000e-01 -99.9
'380_918' 05 12 1978 3.6500e+03 -5.0000e+00 1.0000e+00 4.3637e-01 3.6000e+00 0.0000e+00 4.0000e-01 -99.9
'380_918' 06 12 1978 4.7100e+03 -5.4000e+00 4.0000e-01 3.5673e-01 4.6000e+00 0.0000e+00 4.0000e-01 -99.9
'380_918' 07 12 1978 4.2300e+03 -5.8000e+00 5.0000e-01 3.9990e-01 4.1000e+00 0.0000e+00 4.0000e-01 -99.9
'380_918' 08 12 1978 6.5000e+02 -2.9000e+00 9.3000e+00 6.3893e-01 5.1000e+00 1.1100e+01 1.0000e-01 -99.9
'380_918' 09 12 1978 1.2400e+03 6.8000e+00 1.0700e+01 1.0735e+00 7.7000e+00 4.8000e+00 2.0000e-01 -99.9
'380_918' 10 12 1978 1.2400e+03 8.0000e+00 1.2300e+01 1.1652e+00 5.1000e+00 2.3000e+00 2.0000e-01 -99.9
'380_918' 11 12 1978 3.6600e+03 7.8000e+00 1.4800e+01 1.0530e+00 4.1000e+00 1.0000e-01 6.0000e-01 -99.9
'380_918' 12 12 1978 2.0200e+03 8.3000e+00 1.2900e+01 1.0474e+00 8.7000e+00 4.5000e+00 3.0000e-01 -99.9
'380_918' 13 12 1978 1.8600e+03 5.9000e+00 9.9000e+00 8.6496e-01 1.0300e+01 7.8000e+00 3.0000e-01 -99.9
'380_918' 14 12 1978 1.2500e+03 5.4000e+00 8.7000e+00 8.7864e-01 1.1800e+01 6.0000e+00 2.0000e-01 -99.9
'380_918' 15 12 1978 1.1300e+03 4.9000e+00 7.9000e+00 9.0811e-01 7.2000e+00 4.0000e+00 2.0000e-01 -99.9
'380_918' 16 12 1978 5.8000e+02 -8.0000e-01 7.5000e+00 7.0388e-01 5.7000e+00 1.5000e+00 1.0000e-01 -99.9
'380_918' 17 12 1978 1.8700e+03 -3.6000e+00 -8.0000e-01 4.9088e-01 2.6000e+00 0.0000e+00 2.0000e-01 -99.9
'380_918' 18 12 1978 4.7600e+03 -5.0000e+00 -1.0000e+00 4.4022e-01 3.6000e+00 0.0000e+00 4.0000e-01 -99.9
'380_918' 19 12 1978 2.5200e+03 -6.2000e+00 -2.5000e+00 3.4149e-01 3.6000e+00 0.0000e+00 2.0000e-01 -99.9
'380_918' 20 12 1978 1.5700e+03 -7.1000e+00 -1.1000e+00 3.9021e-01 1.5000e+00 0.0000e+00 1.0000e-01 -99.9
'380_918' 21 12 1978 2.1600e+03 -3.3000e+00 1.5000e+00 4.8926e-01 4.6000e+00 0.0000e+00 2.0000e-01 -99.9
'380_918' 22 12 1978 2.8600e+03 -5.6000e+00 -3.0000e-01 4.4741e-01 2.1000e+00 0.0000e+00 3.0000e-01 -99.9
'380_918' 23 12 1978 4.6000e+02 -3.2000e+00 -6.0000e-01 4.8647e-01 2.1000e+00 1.0000e+00 0.0000e+00 -99.9
'380_918' 24 12 1978 1.2000e+03 -2.3000e+00 9.2000e+00 6.7212e-01 5.7000e+00 9.0000e+00 1.0000e-01 -99.9
'380_918' 25 12 1978 7.5000e+02 6.2000e+00 9.0000e+00 9.6618e-01 8.7000e+00 3.8000e+00 1.0000e-01 -99.9
'380_918' 26 12 1978 1.3900e+03 5.8000e+00 9.7000e+00 9.7148e-01 7.2000e+00 1.5000e+00 2.0000e-01 -99.9
'380_918' 27 12 1978 2.5300e+03 4.0000e+00 1.2800e+01 9.1317e-01 3.6000e+00 1.2600e+01 3.0000e-01 -99.9
'380_918' 28 12 1978 1.0700e+03 8.6000e+00 1.0900e+01 1.1196e+00 8.2000e+00 1.5500e+01 2.0000e-01 -99.9
'380_918' 29 12 1978 1.3300e+03 7.8000e+00 1.2000e+01 1.1222e+00 6.2000e+00 1.7000e+00 2.0000e-01 -99.9
'380_918' 30 12 1978 3.3000e+02 -7.5000e+00 8.2000e+00 5.0593e-01 5.1000e+00 9.3000e+00 0.0000e+00 -99.9
'380_918' 31 12 1978 2.8300e+03 -1.5400e+01 -7.2000e+00 2.1613e-01 7.2000e+00 0.0000e+00 2.0000e-01 -99.9
