* Source of data    : Royal Netherlands Meterological Institute (www.knmi.nl) stations 370 and 918
* File content      : Input file for Swap 3.2 (www.swap.alterra.nl) 
* File generated by : Alterra - Wageningen-UR (www.alterra.wur.nl) 
* File generated at : 2015-02-19 20:52:54
station DD MM YYYY Rad Tmin Tmax Hum Wind Rain ETref Wet
'380_918' 01 01 1980 2.3000e+03 -1.1000e+00 1.4000e+00 5.7183e-01 5.1000e+00 2.5000e+00 2.0000e-01 -99.9
'380_918' 02 01 1980 3.0800e+03 -1.4000e+00 1.2000e+00 5.8544e-01 3.6000e+00 1.0000e-01 3.0000e-01 -99.9
'380_918' 03 01 1980 1.6900e+03 -1.7000e+00 1.1000e+00 5.4678e-01 3.6000e+00 6.5000e+00 2.0000e-01 -99.9
'380_918' 04 01 1980 1.1200e+03 -1.0000e+00 4.6000e+00 6.3962e-01 7.2000e+00 1.2000e+00 1.0000e-01 -99.9
'380_918' 05 01 1980 8.9000e+02 3.2000e+00 4.6000e+00 7.5832e-01 6.2000e+00 2.3000e+00 1.0000e-01 -99.9
'380_918' 06 01 1980 9.1000e+02 3.4000e+00 5.5000e+00 7.7852e-01 5.1000e+00 8.1000e+00 1.0000e-01 -99.9
'380_918' 07 01 1980 6.4000e+02 2.8000e+00 4.2000e+00 7.6074e-01 3.1000e+00 0.0000e+00 1.0000e-01 -99.9
'380_918' 08 01 1980 1.2200e+03 2.0000e-01 3.6000e+00 6.7422e-01 2.1000e+00 0.0000e+00 1.0000e-01 -99.9
'380_918' 09 01 1980 4.5200e+03 -3.2000e+00 1.8000e+00 5.2428e-01 2.1000e+00 0.0000e+00 5.0000e-01 -99.9
'380_918' 10 01 1980 1.8900e+03 -3.7000e+00 -2.0000e-01 4.5118e-01 3.6000e+00 0.0000e+00 2.0000e-01 -99.9
'380_918' 11 01 1980 1.4100e+03 -4.1000e+00 -2.1000e+00 3.7801e-01 4.6000e+00 0.0000e+00 1.0000e-01 -99.9
'380_918' 12 01 1980 4.0000e+03 -7.1000e+00 -4.0000e+00 3.2474e-01 5.1000e+00 0.0000e+00 3.0000e-01 -99.9
'380_918' 13 01 1980 5.6100e+03 -8.9000e+00 -2.9000e+00 3.1331e-01 3.6000e+00 0.0000e+00 4.0000e-01 -99.9
'380_918' 14 01 1980 3.4300e+03 -8.6000e+00 -2.3000e+00 3.1156e-01 3.1000e+00 0.0000e+00 3.0000e-01 -99.9
'380_918' 15 01 1980 8.7000e+02 -7.3000e+00 -4.3000e+00 3.3448e-01 3.1000e+00 0.0000e+00 1.0000e-01 -99.9
'380_918' 16 01 1980 2.2800e+03 -7.1000e+00 -8.0000e-01 4.0238e-01 5.1000e+00 0.0000e+00 2.0000e-01 -99.9
'380_918' 17 01 1980 5.7400e+03 -6.7000e+00 -1.4000e+00 3.7640e-01 3.6000e+00 0.0000e+00 5.0000e-01 -99.9
'380_918' 18 01 1980 5.3000e+03 -9.2000e+00 -2.3000e+00 3.1785e-01 2.6000e+00 0.0000e+00 4.0000e-01 -99.9
'380_918' 19 01 1980 6.1300e+03 -8.0000e+00 2.5000e+00 3.7643e-01 2.6000e+00 0.0000e+00 6.0000e-01 -99.9
'380_918' 20 01 1980 4.6300e+03 -4.9000e+00 5.6000e+00 4.6893e-01 3.6000e+00 0.0000e+00 5.0000e-01 -99.9
'380_918' 21 01 1980 2.2000e+03 -1.2000e+00 5.4000e+00 5.5837e-01 8.2000e+00 1.9000e+00 3.0000e-01 -99.9
'380_918' 22 01 1980 3.2500e+03 2.7000e+00 5.8000e+00 6.4155e-01 8.7000e+00 6.0000e-01 4.0000e-01 -99.9
'380_918' 23 01 1980 3.3400e+03 1.3000e+00 5.4000e+00 6.7584e-01 6.7000e+00 0.0000e+00 4.0000e-01 -99.9
'380_918' 24 01 1980 2.5300e+03 3.0000e-01 4.7000e+00 6.5665e-01 3.6000e+00 0.0000e+00 3.0000e-01 -99.9
'380_918' 25 01 1980 9.2000e+02 1.4000e+00 2.9000e+00 6.9097e-01 5.1000e+00 1.6000e+00 1.0000e-01 -99.9
'380_918' 26 01 1980 4.2000e+03 -1.8000e+00 2.3000e+00 5.7771e-01 3.1000e+00 8.0000e-01 5.0000e-01 -99.9
'380_918' 27 01 1980 4.2400e+03 -2.2000e+00 4.1000e+00 5.6610e-01 3.1000e+00 0.0000e+00 5.0000e-01 -99.9
'380_918' 28 01 1980 2.7900e+03 -3.4000e+00 1.6000e+00 4.8855e-01 2.1000e+00 4.0000e-01 3.0000e-01 -99.9
'380_918' 29 01 1980 2.6200e+03 2.0000e-01 4.9000e+00 5.4209e-01 4.6000e+00 1.4000e+00 3.0000e-01 -99.9
'380_918' 30 01 1980 9.0000e+02 4.2000e+00 8.3000e+00 8.2820e-01 7.7000e+00 5.7000e+00 1.0000e-01 -99.9
'380_918' 31 01 1980 2.2100e+03 5.5000e+00 1.0300e+01 9.1354e-01 9.3000e+00 1.9600e+01 3.0000e-01 -99.9
'380_918' 01 02 1980 4.3400e+03 2.0000e-01 6.3000e+00 5.8644e-01 4.6000e+00 3.0000e-01 5.0000e-01 -99.9
'380_918' 02 02 1980 9.6000e+02 1.8000e+00 6.5000e+00 7.3688e-01 7.7000e+00 2.0500e+01 1.0000e-01 -99.9
'380_918' 03 02 1980 1.8500e+03 2.7000e+00 9.8000e+00 8.4686e-01 7.2000e+00 2.5200e+01 2.0000e-01 -99.9
'380_918' 04 02 1980 1.5600e+03 3.2000e+00 9.2000e+00 8.5196e-01 4.6000e+00 1.5100e+01 2.0000e-01 -99.9
'380_918' 05 02 1980 1.1000e+03 7.2000e+00 9.8000e+00 9.5064e-01 9.8000e+00 4.8300e+01 2.0000e-01 -99.9
'380_918' 06 02 1980 2.3500e+03 5.7000e+00 8.2000e+00 8.8523e-01 6.2000e+00 3.4000e+00 3.0000e-01 -99.9
'380_918' 07 02 1980 2.7400e+03 4.3000e+00 8.8000e+00 8.6283e-01 5.7000e+00 2.2000e+00 4.0000e-01 -99.9
'380_918' 08 02 1980 4.8000e+03 4.6000e+00 1.1600e+01 8.0614e-01 5.7000e+00 0.0000e+00 7.0000e-01 -99.9
'380_918' 09 02 1980 5.7400e+03 7.3000e+00 1.3400e+01 7.6180e-01 5.7000e+00 0.0000e+00 8.0000e-01 -99.9
'380_918' 10 02 1980 2.8300e+03 2.7000e+00 1.0300e+01 7.3640e-01 4.6000e+00 0.0000e+00 4.0000e-01 -99.9
'380_918' 11 02 1980 1.7700e+03 2.6000e+00 7.6000e+00 8.0348e-01 4.6000e+00 5.0000e-01 2.0000e-01 -99.9
'380_918' 12 02 1980 2.1700e+03 3.1000e+00 7.7000e+00 8.4917e-01 2.6000e+00 0.0000e+00 3.0000e-01 -99.9
'380_918' 13 02 1980 2.7900e+03 5.0000e-01 7.9000e+00 7.0732e-01 2.6000e+00 0.0000e+00 3.0000e-01 -99.9
'380_918' 14 02 1980 5.4400e+03 -6.0000e-01 5.6000e+00 6.1943e-01 3.1000e+00 0.0000e+00 6.0000e-01 -99.9
'380_918' 15 02 1980 4.9500e+03 2.0000e-01 8.2000e+00 6.6343e-01 4.6000e+00 2.6000e+00 6.0000e-01 -99.9
'380_918' 16 02 1980 2.6200e+03 4.2000e+00 8.1000e+00 8.5143e-01 3.1000e+00 0.0000e+00 3.0000e-01 -99.9
'380_918' 17 02 1980 4.4700e+03 3.2000e+00 7.7000e+00 7.7272e-01 2.1000e+00 0.0000e+00 6.0000e-01 -99.9
'380_918' 18 02 1980 6.9000e+03 -2.0000e-01 9.5000e+00 6.5533e-01 2.6000e+00 0.0000e+00 9.0000e-01 -99.9
'380_918' 19 02 1980 1.0300e+04 -1.6000e+00 7.0000e+00 5.2148e-01 4.1000e+00 0.0000e+00 1.2000e+00 -99.9
'380_918' 20 02 1980 9.7200e+03 -1.6000e+00 1.2100e+01 5.6508e-01 3.6000e+00 0.0000e+00 1.2000e+00 -99.9
'380_918' 21 02 1980 1.0320e+04 -1.7000e+00 1.2600e+01 5.5927e-01 2.6000e+00 0.0000e+00 1.3000e+00 -99.9
'380_918' 22 02 1980 1.0760e+04 -1.4000e+00 1.2600e+01 5.0431e-01 4.1000e+00 5.5000e+00 1.4000e+00 -99.9
'380_918' 23 02 1980 2.0700e+03 3.1000e+00 6.7000e+00 8.0738e-01 2.1000e+00 5.0000e-01 3.0000e-01 -99.9
'380_918' 24 02 1980 9.5800e+03 3.1000e+00 1.2000e+01 7.7126e-01 3.1000e+00 0.0000e+00 1.3000e+00 -99.9
'380_918' 25 02 1980 6.2700e+03 2.8000e+00 1.1600e+01 7.7297e-01 2.1000e+00 0.0000e+00 8.0000e-01 -99.9
'380_918' 26 02 1980 7.5900e+03 6.0000e-01 9.5000e+00 7.3896e-01 3.6000e+00 0.0000e+00 1.0000e+00 -99.9
'380_918' 27 02 1980 1.9600e+03 -1.6000e+00 9.0000e-01 5.4543e-01 4.6000e+00 0.0000e+00 2.0000e-01 -99.9
'380_918' 28 02 1980 1.8700e+03 -4.0000e-01 2.0000e+00 5.2873e-01 3.1000e+00 0.0000e+00 2.0000e-01 -99.9
'380_918' 29 02 1980 2.7600e+03 2.0000e+00 6.8000e+00 7.2478e-01 3.6000e+00 0.0000e+00 3.0000e-01 -99.9
'380_918' 01 03 1980 3.1800e+03 2.0000e+00 8.7000e+00 7.5479e-01 3.6000e+00 0.0000e+00 4.0000e-01 -99.9
'380_918' 02 03 1980 6.7300e+03 -2.5000e+00 7.1000e+00 5.7470e-01 4.1000e+00 0.0000e+00 8.0000e-01 -99.9
'380_918' 03 03 1980 6.3300e+03 -1.3000e+00 5.2000e+00 5.1875e-01 3.6000e+00 0.0000e+00 7.0000e-01 -99.9
'380_918' 04 03 1980 3.3500e+03 -6.0000e-01 5.1000e+00 5.8990e-01 3.1000e+00 0.0000e+00 4.0000e-01 -99.9
'380_918' 05 03 1980 1.1850e+04 -5.0000e-01 9.8000e+00 5.4707e-01 3.6000e+00 7.0000e-01 1.5000e+00 -99.9
'380_918' 06 03 1980 2.5100e+03 2.9000e+00 7.4000e+00 7.4800e-01 7.7000e+00 6.2000e+00 3.0000e-01 -99.9
'380_918' 07 03 1980 5.8500e+03 5.5000e+00 8.4000e+00 7.7472e-01 8.2000e+00 0.0000e+00 8.0000e-01 -99.9
'380_918' 08 03 1980 4.8600e+03 1.4000e+00 7.3000e+00 6.5133e-01 4.1000e+00 0.0000e+00 6.0000e-01 -99.9
'380_918' 09 03 1980 4.3400e+03 2.0000e-01 7.6000e+00 7.3133e-01 3.1000e+00 2.4000e+00 5.0000e-01 -99.9
'380_918' 10 03 1980 7.4900e+03 4.0000e+00 8.8000e+00 8.1446e-01 3.6000e+00 2.9000e+00 1.0000e+00 -99.9
'380_918' 11 03 1980 8.2900e+03 3.7000e+00 9.5000e+00 7.6286e-01 2.6000e+00 0.0000e+00 1.1000e+00 -99.9
'380_918' 12 03 1980 4.0800e+03 2.6000e+00 7.3000e+00 7.5382e-01 6.7000e+00 9.2000e+00 5.0000e-01 -99.9
'380_918' 13 03 1980 3.2800e+03 3.8000e+00 7.8000e+00 8.3968e-01 4.1000e+00 2.3000e+00 4.0000e-01 -99.9
'380_918' 14 03 1980 8.1400e+03 2.2000e+00 7.8000e+00 7.3466e-01 5.1000e+00 0.0000e+00 1.0000e+00 -99.9
'380_918' 15 03 1980 1.4800e+03 1.0000e+00 2.8000e+00 6.3628e-01 5.1000e+00 0.0000e+00 2.0000e-01 -99.9
'380_918' 16 03 1980 3.0900e+03 2.0000e+00 5.0000e+00 6.9458e-01 2.1000e+00 0.0000e+00 4.0000e-01 -99.9
'380_918' 17 03 1980 5.4200e+03 2.9000e+00 6.8000e+00 7.3496e-01 2.1000e+00 0.0000e+00 7.0000e-01 -99.9
'380_918' 18 03 1980 7.2800e+03 3.4000e+00 1.0600e+01 7.7502e-01 4.1000e+00 0.0000e+00 1.0000e+00 -99.9
'380_918' 19 03 1980 7.0900e+03 -5.0000e-01 4.2000e+00 5.2243e-01 7.7000e+00 0.0000e+00 8.0000e-01 -99.9
'380_918' 20 03 1980 8.7700e+03 -2.2000e+00 3.4000e+00 4.4291e-01 7.2000e+00 0.0000e+00 9.0000e-01 -99.9
'380_918' 21 03 1980 4.7800e+03 -3.0000e+00 2.7000e+00 4.9567e-01 3.6000e+00 2.0000e+00 5.0000e-01 -99.9
'380_918' 22 03 1980 8.3000e+03 5.0000e-01 5.3000e+00 6.0728e-01 2.6000e+00 0.0000e+00 1.0000e+00 -99.9
'380_918' 23 03 1980 9.7300e+03 1.0000e+00 9.2000e+00 6.8869e-01 3.1000e+00 0.0000e+00 1.2000e+00 -99.9
'380_918' 24 03 1980 1.0280e+04 -1.4000e+00 1.1000e+01 6.8354e-01 1.5000e+00 0.0000e+00 1.3000e+00 -99.9
'380_918' 25 03 1980 1.2830e+04 8.0000e-01 1.4800e+01 6.6411e-01 4.1000e+00 0.0000e+00 1.8000e+00 -99.9
'380_918' 26 03 1980 8.3900e+03 4.6000e+00 1.0400e+01 7.7114e-01 4.1000e+00 6.9000e+00 1.1000e+00 -99.9
'380_918' 27 03 1980 5.1200e+03 5.8000e+00 1.4300e+01 1.0723e+00 6.7000e+00 6.3000e+00 8.0000e-01 -99.9
'380_918' 28 03 1980 6.7600e+03 8.4000e+00 1.6000e+01 1.1533e+00 7.2000e+00 5.5000e+00 1.0000e+00 -99.9
'380_918' 29 03 1980 3.1300e+03 6.0000e+00 9.2000e+00 8.1945e-01 9.8000e+00 4.5000e+00 4.0000e-01 -99.9
'380_918' 30 03 1980 7.7300e+03 4.1000e+00 1.0300e+01 7.5303e-01 4.6000e+00 0.0000e+00 1.0000e+00 -99.9
'380_918' 31 03 1980 1.0390e+04 3.4000e+00 1.0900e+01 7.8087e-01 4.1000e+00 1.2400e+01 1.4000e+00 -99.9
'380_918' 01 04 1980 2.8200e+03 8.1000e+00 1.3400e+01 1.1677e+00 6.7000e+00 1.2300e+01 4.0000e-01 -99.9
'380_918' 02 04 1980 9.3300e+03 3.5000e+00 9.4000e+00 7.8268e-01 7.2000e+00 3.0000e+00 1.2000e+00 -99.9
'380_918' 03 04 1980 1.0110e+04 2.9000e+00 8.1000e+00 7.2754e-01 6.7000e+00 1.1000e+00 1.3000e+00 -99.9
'380_918' 04 04 1980 1.1230e+04 2.7000e+00 8.0000e+00 6.4048e-01 5.7000e+00 0.0000e+00 1.4000e+00 -99.9
'380_918' 05 04 1980 1.6320e+04 4.0000e-01 9.0000e+00 5.7711e-01 4.6000e+00 0.0000e+00 2.1000e+00 -99.9
'380_918' 06 04 1980 1.6170e+04 -3.0000e-01 1.0700e+01 5.8782e-01 3.6000e+00 0.0000e+00 2.1000e+00 -99.9
'380_918' 07 04 1980 1.8170e+04 -1.6000e+00 1.0800e+01 5.7428e-01 3.1000e+00 0.0000e+00 2.3000e+00 -99.9
'380_918' 08 04 1980 1.0770e+04 1.0000e+00 7.6000e+00 6.4519e-01 5.7000e+00 7.0000e-01 1.3000e+00 -99.9
'380_918' 09 04 1980 1.0170e+04 1.5000e+00 7.1000e+00 6.0177e-01 4.6000e+00 7.0000e-01 1.3000e+00 -99.9
'380_918' 10 04 1980 6.4100e+03 3.3000e+00 8.7000e+00 7.0640e-01 3.1000e+00 0.0000e+00 8.0000e-01 -99.9
'380_918' 11 04 1980 1.6520e+04 1.4000e+00 1.2100e+01 6.4927e-01 2.1000e+00 0.0000e+00 2.2000e+00 -99.9
'380_918' 12 04 1980 2.1250e+04 1.2000e+00 1.7300e+01 6.2791e-01 4.6000e+00 0.0000e+00 3.1000e+00 -99.9
'380_918' 13 04 1980 2.0840e+04 6.0000e+00 2.0200e+01 7.1078e-01 3.6000e+00 0.0000e+00 3.3000e+00 -99.9
'380_918' 14 04 1980 2.0120e+04 8.0000e+00 2.1400e+01 7.8545e-01 3.6000e+00 0.0000e+00 3.3000e+00 -99.9
'380_918' 15 04 1980 2.0470e+04 7.1000e+00 2.1300e+01 7.6500e-01 3.1000e+00 0.0000e+00 3.4000e+00 -99.9
'380_918' 16 04 1980 1.8570e+04 5.6000e+00 2.2200e+01 7.7412e-01 2.1000e+00 0.0000e+00 3.1000e+00 -99.9
'380_918' 17 04 1980 1.8700e+04 6.6000e+00 1.9600e+01 9.1536e-01 4.1000e+00 0.0000e+00 2.9000e+00 -99.9
'380_918' 18 04 1980 5.5000e+03 6.4000e+00 9.1000e+00 9.1349e-01 4.6000e+00 1.0000e+00 8.0000e-01 -99.9
'380_918' 19 04 1980 7.0700e+03 2.2000e+00 9.6000e+00 6.8076e-01 6.2000e+00 3.0000e+00 9.0000e-01 -99.9
'380_918' 20 04 1980 1.0050e+04 8.0000e-01 8.2000e+00 6.9003e-01 6.2000e+00 3.4000e+00 1.2000e+00 -99.9
'380_918' 21 04 1980 1.3770e+04 3.1000e+00 9.9000e+00 7.0440e-01 4.6000e+00 0.0000e+00 1.8000e+00 -99.9
'380_918' 22 04 1980 9.5500e+03 3.1000e+00 7.5000e+00 6.0683e-01 2.6000e+00 0.0000e+00 1.2000e+00 -99.9
'380_918' 23 04 1980 1.6210e+04 6.0000e-01 1.0600e+01 6.5560e-01 3.6000e+00 6.0000e-01 2.1000e+00 -99.9
'380_918' 24 04 1980 7.2400e+03 4.2000e+00 1.1700e+01 8.4577e-01 5.7000e+00 1.8000e+00 1.0000e+00 -99.9
'380_918' 25 04 1980 2.6300e+03 2.1000e+00 5.3000e+00 7.3551e-01 4.6000e+00 2.1000e+00 3.0000e-01 -99.9
'380_918' 26 04 1980 3.2600e+03 2.2000e+00 8.3000e+00 8.3131e-01 2.6000e+00 3.0000e+00 4.0000e-01 -99.9
'380_918' 27 04 1980 1.7900e+04 -4.0000e-01 1.2800e+01 7.3687e-01 3.1000e+00 0.0000e+00 2.4000e+00 -99.9
'380_918' 28 04 1980 7.1200e+03 4.6000e+00 1.0400e+01 8.6246e-01 3.1000e+00 0.0000e+00 1.0000e+00 -99.9
'380_918' 29 04 1980 5.3200e+03 3.6000e+00 8.9000e+00 8.4072e-01 2.6000e+00 0.0000e+00 7.0000e-01 -99.9
'380_918' 30 04 1980 2.0800e+04 3.9000e+00 1.7400e+01 8.2716e-01 4.1000e+00 0.0000e+00 3.1000e+00 -99.9
'380_918' 01 05 1980 2.0830e+04 6.4000e+00 1.8600e+01 9.1613e-01 5.7000e+00 0.0000e+00 3.3000e+00 -99.9
'380_918' 02 05 1980 1.8850e+04 8.3000e+00 1.6200e+01 1.0303e+00 6.7000e+00 1.1000e+00 2.9000e+00 -99.9
'380_918' 03 05 1980 2.7200e+03 4.9000e+00 8.7000e+00 9.2038e-01 4.6000e+00 7.1000e+00 4.0000e-01 -99.9
'380_918' 04 05 1980 2.3890e+04 4.4000e+00 1.2600e+01 6.9138e-01 5.7000e+00 0.0000e+00 3.3000e+00 -99.9
'380_918' 05 05 1980 2.1990e+04 1.9000e+00 1.2300e+01 6.0216e-01 4.6000e+00 0.0000e+00 3.0000e+00 -99.9
'380_918' 06 05 1980 1.2170e+04 4.1000e+00 1.5300e+01 8.1310e-01 3.6000e+00 0.0000e+00 1.8000e+00 -99.9
'380_918' 07 05 1980 1.2520e+04 4.4000e+00 1.2100e+01 8.6170e-01 4.1000e+00 0.0000e+00 1.8000e+00 -99.9
'380_918' 08 05 1980 5.2000e+03 3.5000e+00 1.0600e+01 7.7843e-01 4.1000e+00 0.0000e+00 7.0000e-01 -99.9
'380_918' 09 05 1980 2.1180e+04 3.8000e+00 1.3200e+01 6.6127e-01 4.1000e+00 0.0000e+00 2.9000e+00 -99.9
'380_918' 10 05 1980 2.6030e+04 2.0000e+00 1.7100e+01 6.3234e-01 3.6000e+00 0.0000e+00 3.9000e+00 -99.9
'380_918' 11 05 1980 2.6990e+04 4.9000e+00 2.0200e+01 6.8515e-01 5.7000e+00 0.0000e+00 4.3000e+00 -99.9
'380_918' 12 05 1980 2.6220e+04 6.9000e+00 2.2100e+01 7.8232e-01 5.7000e+00 0.0000e+00 4.4000e+00 -99.9
'380_918' 13 05 1980 2.6510e+04 8.5000e+00 2.0400e+01 7.2848e-01 7.7000e+00 0.0000e+00 4.4000e+00 -99.9
'380_918' 14 05 1980 2.6670e+04 8.0000e+00 2.0200e+01 6.6463e-01 6.7000e+00 0.0000e+00 4.3000e+00 -99.9
'380_918' 15 05 1980 2.6080e+04 6.0000e+00 1.6800e+01 6.7859e-01 5.7000e+00 0.0000e+00 4.0000e+00 -99.9
'380_918' 16 05 1980 2.4070e+04 3.6000e+00 1.6600e+01 6.1331e-01 3.1000e+00 0.0000e+00 3.7000e+00 -99.9
'380_918' 17 05 1980 2.1490e+04 5.0000e+00 1.8700e+01 7.3313e-01 3.1000e+00 0.0000e+00 3.4000e+00 -99.9
'380_918' 18 05 1980 2.2940e+04 8.3000e+00 2.2000e+01 9.2941e-01 3.6000e+00 0.0000e+00 3.9000e+00 -99.9
'380_918' 19 05 1980 2.2140e+04 8.4000e+00 2.2800e+01 9.7868e-01 2.1000e+00 0.0000e+00 3.8000e+00 -99.9
'380_918' 20 05 1980 1.7960e+04 8.9000e+00 2.2400e+01 1.1560e+00 2.6000e+00 9.2000e+00 3.0000e+00 -99.9
'380_918' 21 05 1980 2.4190e+04 1.1000e+01 2.2000e+01 1.0881e+00 3.6000e+00 0.0000e+00 4.1000e+00 -99.9
'380_918' 22 05 1980 2.6450e+04 7.1000e+00 1.6100e+01 8.0662e-01 5.7000e+00 0.0000e+00 4.0000e+00 -99.9
'380_918' 23 05 1980 2.5080e+04 3.1000e+00 1.5800e+01 6.7496e-01 4.6000e+00 0.0000e+00 3.7000e+00 -99.9
'380_918' 24 05 1980 8.7200e+03 8.0000e+00 1.4100e+01 1.0302e+00 3.6000e+00 0.0000e+00 1.3000e+00 -99.9
'380_918' 25 05 1980 7.2600e+03 6.8000e+00 1.3200e+01 9.6983e-01 2.1000e+00 0.0000e+00 1.1000e+00 -99.9
'380_918' 26 05 1980 2.0750e+04 5.4000e+00 1.9900e+01 7.7686e-01 2.1000e+00 0.0000e+00 3.3000e+00 -99.9
'380_918' 27 05 1980 1.5920e+04 7.7000e+00 1.9600e+01 1.1228e+00 3.1000e+00 5.0000e-01 2.6000e+00 -99.9
'380_918' 28 05 1980 1.8730e+04 1.0200e+01 1.9200e+01 1.2295e+00 2.6000e+00 0.0000e+00 3.0000e+00 -99.9
'380_918' 29 05 1980 6.4800e+03 8.5000e+00 1.4500e+01 1.1951e+00 2.6000e+00 4.9000e+00 1.0000e+00 -99.9
'380_918' 30 05 1980 1.6110e+04 5.6000e+00 1.5600e+01 8.5380e-01 3.6000e+00 0.0000e+00 2.4000e+00 -99.9
'380_918' 31 05 1980 1.4790e+04 4.5000e+00 1.6800e+01 8.6586e-01 4.1000e+00 5.0000e+00 2.2000e+00 -99.9
'380_918' 01 06 1980 4.8900e+03 8.2000e+00 1.4500e+01 1.1937e+00 3.6000e+00 4.0000e-01 7.0000e-01 -99.9
'380_918' 02 06 1980 1.6740e+04 8.7000e+00 1.7500e+01 1.0515e+00 3.6000e+00 2.1000e+00 2.7000e+00 -99.9
'380_918' 03 06 1980 5.6700e+03 1.1800e+01 1.6500e+01 1.4345e+00 2.6000e+00 1.0000e+00 9.0000e-01 -99.9
'380_918' 04 06 1980 1.5630e+04 1.3100e+01 2.1500e+01 1.4816e+00 2.1000e+00 0.0000e+00 2.7000e+00 -99.9
'380_918' 05 06 1980 2.7190e+04 1.1100e+01 2.5200e+01 1.1794e+00 1.5000e+00 0.0000e+00 4.9000e+00 -99.9
'380_918' 06 06 1980 1.8170e+04 1.2600e+01 2.6300e+01 1.4325e+00 3.1000e+00 1.2100e+01 3.2000e+00 -99.9
'380_918' 07 06 1980 1.4060e+04 1.2100e+01 1.9800e+01 1.3673e+00 2.6000e+00 0.0000e+00 2.3000e+00 -99.9
'380_918' 08 06 1980 1.2910e+04 9.8000e+00 1.9700e+01 1.2375e+00 1.5000e+00 0.0000e+00 2.1000e+00 -99.9
'380_918' 09 06 1980 1.4590e+04 1.0500e+01 2.2800e+01 1.3769e+00 3.1000e+00 0.0000e+00 2.4000e+00 -99.9
'380_918' 10 06 1980 1.1150e+04 1.1700e+01 1.9300e+01 1.4657e+00 2.1000e+00 0.0000e+00 1.9000e+00 -99.9
'380_918' 11 06 1980 1.7620e+04 1.0800e+01 1.9500e+01 1.2534e+00 5.1000e+00 0.0000e+00 3.0000e+00 -99.9
'380_918' 12 06 1980 2.5460e+04 9.9000e+00 2.4100e+01 1.1453e+00 3.1000e+00 0.0000e+00 4.5000e+00 -99.9
'380_918' 13 06 1980 2.2060e+04 1.6800e+01 2.7200e+01 1.6258e+00 3.1000e+00 0.0000e+00 4.1000e+00 -99.9
'380_918' 14 06 1980 1.6140e+04 1.5300e+01 2.9100e+01 1.6522e+00 5.7000e+00 3.0000e-01 3.0000e+00 -99.9
'380_918' 15 06 1980 2.2350e+04 1.2200e+01 2.2100e+01 1.3343e+00 6.2000e+00 3.0000e+00 3.8000e+00 -99.9
'380_918' 16 06 1980 8.6100e+03 1.2000e+01 1.8600e+01 1.4247e+00 6.2000e+00 1.5000e+00 1.4000e+00 -99.9
'380_918' 17 06 1980 1.6500e+04 1.1600e+01 1.9500e+01 1.2960e+00 4.6000e+00 2.7000e+00 2.7000e+00 -99.9
'380_918' 18 06 1980 1.0480e+04 1.0300e+01 1.7200e+01 1.2545e+00 4.1000e+00 0.0000e+00 1.7000e+00 -99.9
'380_918' 19 06 1980 5.3400e+03 1.0200e+01 1.7600e+01 1.2308e+00 6.2000e+00 1.4000e+00 9.0000e-01 -99.9
'380_918' 20 06 1980 1.8940e+04 8.6000e+00 1.7300e+01 9.7085e-01 7.7000e+00 0.0000e+00 3.0000e+00 -99.9
'380_918' 21 06 1980 1.1020e+04 9.4000e+00 1.5100e+01 1.1329e+00 6.2000e+00 1.5000e+00 1.7000e+00 -99.9
'380_918' 22 06 1980 1.9540e+04 9.2000e+00 1.7700e+01 1.1533e+00 5.1000e+00 5.1000e+00 3.1000e+00 -99.9
'380_918' 23 06 1980 1.7370e+04 8.6000e+00 1.8600e+01 1.1461e+00 5.7000e+00 4.5000e+00 2.7000e+00 -99.9
'380_918' 24 06 1980 1.0800e+04 9.7000e+00 1.5300e+01 1.2521e+00 5.1000e+00 7.3000e+00 1.7000e+00 -99.9
'380_918' 25 06 1980 7.7100e+03 1.0000e+01 1.4300e+01 1.2330e+00 4.6000e+00 1.5000e+00 1.2000e+00 -99.9
'380_918' 26 06 1980 1.6050e+04 9.5000e+00 1.7000e+01 1.2226e+00 3.6000e+00 2.3000e+00 2.5000e+00 -99.9
'380_918' 27 06 1980 1.5220e+04 7.7000e+00 1.6600e+01 1.1349e+00 4.1000e+00 8.1000e+00 2.3000e+00 -99.9
'380_918' 28 06 1980 6.4100e+03 9.7000e+00 1.4200e+01 1.2708e+00 5.7000e+00 9.2000e+00 1.0000e+00 -99.9
'380_918' 29 06 1980 1.9560e+04 9.7000e+00 1.6100e+01 1.1620e+00 5.1000e+00 1.7000e+00 3.0000e+00 -99.9
'380_918' 30 06 1980 1.9190e+04 1.0800e+01 1.9500e+01 1.1709e+00 5.7000e+00 1.6200e+01 3.2000e+00 -99.9
'380_918' 01 07 1980 7.4500e+03 1.1100e+01 1.4800e+01 1.3479e+00 5.7000e+00 1.2000e+00 1.1000e+00 -99.9
'380_918' 02 07 1980 1.2490e+04 1.1700e+01 1.7600e+01 1.4383e+00 5.1000e+00 1.6000e+00 2.0000e+00 -99.9
'380_918' 03 07 1980 6.4900e+03 9.1000e+00 1.6300e+01 1.2391e+00 3.6000e+00 0.0000e+00 1.0000e+00 -99.9
'380_918' 04 07 1980 6.8700e+03 7.8000e+00 1.6400e+01 1.2157e+00 3.1000e+00 1.0000e+00 1.1000e+00 -99.9
'380_918' 05 07 1980 1.4150e+04 9.5000e+00 1.8700e+01 1.1337e+00 3.6000e+00 0.0000e+00 2.3000e+00 -99.9
'380_918' 06 07 1980 1.8780e+04 9.8000e+00 2.1000e+01 1.2225e+00 3.1000e+00 5.4000e+00 3.1000e+00 -99.9
'380_918' 07 07 1980 8.1700e+03 1.3400e+01 1.8600e+01 1.5224e+00 5.1000e+00 2.5000e+00 1.4000e+00 -99.9
'380_918' 08 07 1980 7.1400e+03 1.2900e+01 1.7000e+01 1.4818e+00 5.7000e+00 2.3000e+00 1.2000e+00 -99.9
'380_918' 09 07 1980 6.9100e+03 1.2700e+01 1.6500e+01 1.5496e+00 5.1000e+00 2.9000e+00 1.1000e+00 -99.9
'380_918' 10 07 1980 2.6800e+03 1.2600e+01 1.4500e+01 1.4877e+00 5.1000e+00 9.8000e+00 4.0000e-01 -99.9
'380_918' 11 07 1980 2.7900e+03 1.0700e+01 1.3100e+01 1.3195e+00 4.1000e+00 2.0000e+00 4.0000e-01 -99.9
'380_918' 12 07 1980 9.0600e+03 1.0600e+01 1.6600e+01 1.3117e+00 4.6000e+00 9.8000e+00 1.4000e+00 -99.9
'380_918' 13 07 1980 1.2740e+04 1.0700e+01 1.6000e+01 1.2663e+00 4.6000e+00 1.7800e+01 2.0000e+00 -99.9
'380_918' 14 07 1980 1.2260e+04 1.2300e+01 1.8800e+01 1.4317e+00 5.7000e+00 1.9000e+00 2.0000e+00 -99.9
'380_918' 15 07 1980 8.0500e+03 1.0400e+01 1.7000e+01 1.2534e+00 2.6000e+00 6.0000e-01 1.3000e+00 -99.9
'380_918' 16 07 1980 1.0170e+04 8.3000e+00 1.4100e+01 1.0037e+00 4.1000e+00 0.0000e+00 1.6000e+00 -99.9
'380_918' 17 07 1980 1.5890e+04 7.3000e+00 1.9000e+01 9.7736e-01 5.1000e+00 7.0000e-01 2.6000e+00 -99.9
'380_918' 18 07 1980 5.2600e+03 1.2900e+01 1.6700e+01 1.4529e+00 6.2000e+00 1.0000e+00 9.0000e-01 -99.9
'380_918' 19 07 1980 4.5000e+03 1.3800e+01 1.7300e+01 1.6320e+00 7.2000e+00 5.0000e+00 7.0000e-01 -99.9
'380_918' 20 07 1980 5.8700e+03 1.0400e+01 1.7400e+01 1.4356e+00 4.1000e+00 4.6600e+01 1.0000e+00 -99.9
'380_918' 21 07 1980 4.2400e+03 7.9000e+00 1.3500e+01 1.1109e+00 5.7000e+00 1.0000e-01 6.0000e-01 -99.9
'380_918' 22 07 1980 2.6350e+04 5.6000e+00 2.0000e+01 9.1705e-01 2.6000e+00 0.0000e+00 4.2000e+00 -99.9
'380_918' 23 07 1980 2.6440e+04 9.1000e+00 2.5100e+01 1.0860e+00 1.5000e+00 0.0000e+00 4.6000e+00 -99.9
'380_918' 24 07 1980 2.5390e+04 1.3100e+01 2.3500e+01 1.5273e+00 3.1000e+00 0.0000e+00 4.5000e+00 -99.9
'380_918' 25 07 1980 2.4490e+04 1.4400e+01 2.7000e+01 1.6185e+00 3.6000e+00 0.0000e+00 4.6000e+00 -99.9
'380_918' 26 07 1980 2.0680e+04 1.5700e+01 2.9600e+01 1.8215e+00 3.1000e+00 4.8500e+01 3.9000e+00 -99.9
'380_918' 27 07 1980 1.5330e+04 1.6700e+01 2.4500e+01 1.7627e+00 2.1000e+00 0.0000e+00 2.8000e+00 -99.9
'380_918' 28 07 1980 2.0670e+04 1.6500e+01 2.5300e+01 1.8990e+00 3.1000e+00 0.0000e+00 3.8000e+00 -99.9
'380_918' 29 07 1980 2.2600e+04 1.7100e+01 2.6900e+01 1.9127e+00 5.1000e+00 9.5000e+00 4.2000e+00 -99.9
'380_918' 30 07 1980 1.0170e+04 1.4700e+01 1.9700e+01 1.5486e+00 4.1000e+00 2.0000e-01 1.8000e+00 -99.9
'380_918' 31 07 1980 2.2180e+04 1.2900e+01 2.4100e+01 1.3335e+00 2.6000e+00 0.0000e+00 3.9000e+00 -99.9
'380_918' 01 08 1980 2.2450e+04 1.3200e+01 2.5900e+01 1.3988e+00 2.6000e+00 0.0000e+00 4.1000e+00 -99.9
'380_918' 02 08 1980 2.1300e+04 1.6900e+01 2.9600e+01 1.8678e+00 1.5000e+00 0.0000e+00 4.1000e+00 -99.9
'380_918' 03 08 1980 1.3880e+04 1.6800e+01 2.8800e+01 2.0388e+00 4.1000e+00 8.1000e+00 2.6000e+00 -99.9
'380_918' 04 08 1980 1.8820e+04 1.3600e+01 2.3300e+01 1.4729e+00 5.7000e+00 0.0000e+00 3.4000e+00 -99.9
'380_918' 05 08 1980 1.4050e+04 1.4900e+01 2.1900e+01 1.4633e+00 7.7000e+00 1.2000e+00 2.5000e+00 -99.9
'380_918' 06 08 1980 1.7520e+04 1.4300e+01 2.0000e+01 1.4412e+00 5.7000e+00 0.0000e+00 3.0000e+00 -99.9
'380_918' 07 08 1980 1.9590e+04 1.3100e+01 2.4300e+01 1.4716e+00 3.1000e+00 0.0000e+00 3.5000e+00 -99.9
'380_918' 08 08 1980 1.2800e+04 1.5100e+01 2.2700e+01 1.7147e+00 3.6000e+00 0.0000e+00 2.3000e+00 -99.9
'380_918' 09 08 1980 1.3770e+04 1.4100e+01 2.0700e+01 1.5135e+00 1.5000e+00 0.0000e+00 2.4000e+00 -99.9
'380_918' 10 08 1980 1.5540e+04 1.4700e+01 2.1600e+01 1.5227e+00 1.5000e+00 0.0000e+00 2.7000e+00 -99.9
'380_918' 11 08 1980 1.1540e+04 1.3400e+01 2.4600e+01 1.5615e+00 3.6000e+00 4.0000e-01 2.1000e+00 -99.9
'380_918' 12 08 1980 1.0470e+04 1.3100e+01 1.7000e+01 1.3741e+00 5.7000e+00 3.5000e+00 1.7000e+00 -99.9
'380_918' 13 08 1980 1.1250e+04 1.2300e+01 1.9100e+01 1.4250e+00 4.1000e+00 0.0000e+00 1.9000e+00 -99.9
'380_918' 14 08 1980 1.0970e+04 1.5400e+01 2.2200e+01 1.8204e+00 3.1000e+00 0.0000e+00 2.0000e+00 -99.9
'380_918' 15 08 1980 1.9150e+04 1.3600e+01 2.5200e+01 1.5729e+00 3.1000e+00 0.0000e+00 3.5000e+00 -99.9
'380_918' 16 08 1980 5.0600e+03 1.5900e+01 1.8200e+01 1.7255e+00 2.9000e+00 0.0000e+00 9.0000e-01 -99.9
'380_918' 17 08 1980 1.4180e+04 1.6200e+01 2.2800e+01 1.7941e+00 2.1000e+00 0.0000e+00 2.5000e+00 -99.9
'380_918' 18 08 1980 6.6700e+03 1.5200e+01 1.9500e+01 1.7456e+00 2.1000e+00 0.0000e+00 1.2000e+00 -99.9
'380_918' 19 08 1980 1.3800e+04 1.3300e+01 2.1600e+01 1.5356e+00 2.1000e+00 0.0000e+00 2.4000e+00 -99.9
'380_918' 20 08 1980 1.7600e+04 1.2900e+01 2.3100e+01 1.3652e+00 7.7000e+00 0.0000e+00 3.1000e+00 -99.9
'380_918' 21 08 1980 1.1810e+04 1.1100e+01 1.8600e+01 1.2429e+00 7.2000e+00 1.4000e+00 2.0000e+00 -99.9
'380_918' 22 08 1980 1.1580e+04 9.6000e+00 1.6000e+01 1.0967e+00 5.1000e+00 0.0000e+00 1.8000e+00 -99.9
'380_918' 23 08 1980 8.9800e+03 1.0200e+01 1.5900e+01 1.1205e+00 3.6000e+00 0.0000e+00 1.4000e+00 -99.9
'380_918' 24 08 1980 1.0000e+04 7.0000e+00 1.4900e+01 9.8249e-01 2.6000e+00 3.0000e-01 1.5000e+00 -99.9
'380_918' 25 08 1980 1.9680e+04 6.2000e+00 1.7300e+01 9.3557e-01 2.6000e+00 0.0000e+00 3.0000e+00 -99.9
'380_918' 26 08 1980 1.9040e+04 7.3000e+00 2.3000e+01 1.0500e+00 3.1000e+00 0.0000e+00 3.2000e+00 -99.9
'380_918' 27 08 1980 1.6770e+04 1.2100e+01 2.3500e+01 1.4621e+00 2.1000e+00 0.0000e+00 2.9000e+00 -99.9
'380_918' 28 08 1980 1.7200e+04 1.3300e+01 2.2400e+01 1.5633e+00 4.1000e+00 0.0000e+00 3.0000e+00 -99.9
'380_918' 29 08 1980 1.2050e+04 1.4600e+01 2.3400e+01 1.7073e+00 5.7000e+00 8.2000e+00 2.1000e+00 -99.9
'380_918' 30 08 1980 8.6500e+03 1.3300e+01 1.8700e+01 1.4669e+00 8.2000e+00 2.1500e+01 1.5000e+00 -99.9
'380_918' 31 08 1980 2.5500e+03 1.0800e+01 1.5100e+01 1.3588e+00 5.7000e+00 1.1000e+00 4.0000e-01 -99.9
'380_918' 01 09 1980 1.6490e+04 9.2000e+00 1.8100e+01 1.1639e+00 2.1000e+00 0.0000e+00 2.6000e+00 -99.9
'380_918' 02 09 1980 1.9750e+04 7.1000e+00 2.1000e+01 1.0051e+00 2.1000e+00 0.0000e+00 3.2000e+00 -99.9
'380_918' 03 09 1980 2.0370e+04 6.3000e+00 2.4100e+01 9.9992e-01 3.1000e+00 0.0000e+00 3.5000e+00 -99.9
'380_918' 04 09 1980 1.7750e+04 1.1600e+01 2.0800e+01 1.4050e+00 3.1000e+00 0.0000e+00 3.0000e+00 -99.9
'380_918' 05 09 1980 9.6800e+03 1.3100e+01 1.9500e+01 1.4492e+00 5.1000e+00 3.0000e+00 1.6000e+00 -99.9
'380_918' 06 09 1980 1.7310e+04 1.2200e+01 1.9100e+01 1.3500e+00 4.1000e+00 0.0000e+00 2.9000e+00 -99.9
'380_918' 07 09 1980 1.9220e+04 1.0000e+01 2.3100e+01 1.1989e+00 3.1000e+00 0.0000e+00 3.3000e+00 -99.9
'380_918' 08 09 1980 1.2940e+04 1.1600e+01 2.3300e+01 1.5167e+00 3.1000e+00 1.4900e+01 2.2000e+00 -99.9
'380_918' 09 09 1980 9.1100e+03 1.0800e+01 1.6800e+01 1.2672e+00 4.1000e+00 1.6000e+00 1.5000e+00 -99.9
'380_918' 10 09 1980 8.1000e+03 1.0700e+01 1.7000e+01 1.2686e+00 8.2000e+00 1.9000e+00 1.3000e+00 -99.9
'380_918' 11 09 1980 6.4100e+03 1.3100e+01 1.5900e+01 1.3647e+00 6.7000e+00 7.0000e-01 1.0000e+00 -99.9
'380_918' 12 09 1980 4.7600e+03 1.2000e+01 1.7500e+01 1.3690e+00 8.2000e+00 0.0000e+00 8.0000e-01 -99.9
'380_918' 13 09 1980 1.4230e+04 1.1400e+01 1.6700e+01 1.1678e+00 7.7000e+00 3.2000e+00 2.3000e+00 -99.9
'380_918' 14 09 1980 5.8000e+03 1.2700e+01 1.7100e+01 1.3743e+00 7.2000e+00 2.2000e+00 9.0000e-01 -99.9
'380_918' 15 09 1980 7.3100e+03 1.1500e+01 1.7700e+01 1.3656e+00 4.1000e+00 0.0000e+00 1.2000e+00 -99.9
'380_918' 16 09 1980 1.5230e+04 9.4000e+00 2.0900e+01 1.2300e+00 2.1000e+00 2.1000e+00 2.5000e+00 -99.9
'380_918' 17 09 1980 1.0890e+04 1.2100e+01 1.8300e+01 1.3352e+00 4.1000e+00 0.0000e+00 1.8000e+00 -99.9
'380_918' 18 09 1980 1.3730e+04 1.0500e+01 2.0500e+01 1.2314e+00 2.6000e+00 0.0000e+00 2.3000e+00 -99.9
'380_918' 19 09 1980 1.3970e+04 1.1800e+01 2.5900e+01 1.5665e+00 3.1000e+00 0.0000e+00 2.5000e+00 -99.9
'380_918' 20 09 1980 1.4810e+04 1.5100e+01 2.5800e+01 1.6754e+00 3.6000e+00 0.0000e+00 2.7000e+00 -99.9
'380_918' 21 09 1980 4.6500e+03 1.6300e+01 2.0600e+01 1.6398e+00 3.6000e+00 0.0000e+00 8.0000e-01 -99.9
'380_918' 22 09 1980 9.6500e+03 1.3200e+01 2.2100e+01 1.5465e+00 2.6000e+00 2.6000e+00 1.7000e+00 -99.9
'380_918' 23 09 1980 1.4850e+04 1.0700e+01 2.1500e+01 1.3371e+00 2.1000e+00 0.0000e+00 2.5000e+00 -99.9
'380_918' 24 09 1980 5.3900e+03 1.1000e+01 1.8800e+01 1.4400e+00 2.6000e+00 6.0000e-01 9.0000e-01 -99.9
'380_918' 25 09 1980 7.5600e+03 8.7000e+00 1.5800e+01 1.2453e+00 2.1000e+00 2.0000e-01 1.2000e+00 -99.9
'380_918' 26 09 1980 1.3910e+04 5.4000e+00 1.7900e+01 1.0488e+00 2.6000e+00 0.0000e+00 2.1000e+00 -99.9
'380_918' 27 09 1980 1.1250e+04 9.0000e+00 2.0200e+01 1.2838e+00 2.1000e+00 0.0000e+00 1.8000e+00 -99.9
'380_918' 28 09 1980 1.3230e+04 1.0700e+01 2.1500e+01 1.4228e+00 1.5000e+00 0.0000e+00 2.2000e+00 -99.9
'380_918' 29 09 1980 3.4300e+03 1.1300e+01 1.5500e+01 1.4610e+00 2.1000e+00 0.0000e+00 6.0000e-01 -99.9
'380_918' 30 09 1980 7.7100e+03 7.4000e+00 1.7700e+01 1.1336e+00 3.6000e+00 0.0000e+00 1.2000e+00 -99.9
'380_918' 01 10 1980 1.2370e+04 6.2000e+00 1.6700e+01 1.0126e+00 3.6000e+00 1.5000e+00 1.9000e+00 -99.9
'380_918' 02 10 1980 7.2300e+03 6.8000e+00 1.4800e+01 1.0215e+00 3.1000e+00 0.0000e+00 1.1000e+00 -99.9
'380_918' 03 10 1980 1.2810e+04 4.3000e+00 1.5700e+01 9.0703e-01 2.1000e+00 0.0000e+00 1.9000e+00 -99.9
'380_918' 04 10 1980 8.9100e+03 3.5000e+00 1.6300e+01 9.1576e-01 3.1000e+00 0.0000e+00 1.3000e+00 -99.9
'380_918' 05 10 1980 1.0790e+04 4.2000e+00 1.3600e+01 8.9543e-01 2.6000e+00 0.0000e+00 1.5000e+00 -99.9
'380_918' 06 10 1980 3.2800e+03 7.8000e+00 1.3600e+01 1.0337e+00 8.2000e+00 1.1700e+01 5.0000e-01 -99.9
'380_918' 07 10 1980 3.8400e+03 7.7000e+00 1.3700e+01 1.0574e+00 1.0300e+01 1.2000e+00 6.0000e-01 -99.9
'380_918' 08 10 1980 5.9500e+03 6.9000e+00 1.0500e+01 9.1517e-01 8.2000e+00 3.0000e+00 8.0000e-01 -99.9
'380_918' 09 10 1980 7.6300e+03 4.9000e+00 1.0500e+01 8.9628e-01 4.6000e+00 0.0000e+00 1.0000e+00 -99.9
'380_918' 10 10 1980 1.1040e+04 4.0000e+00 1.1100e+01 8.1583e-01 5.7000e+00 7.0000e-01 1.5000e+00 -99.9
'380_918' 11 10 1980 1.8800e+03 4.9000e+00 7.0000e+00 8.3649e-01 6.7000e+00 6.9000e+00 2.0000e-01 -99.9
'380_918' 12 10 1980 5.2200e+03 4.0000e+00 9.0000e+00 8.5716e-01 4.1000e+00 1.0000e-01 7.0000e-01 -99.9
'380_918' 13 10 1980 8.4500e+03 1.7000e+00 1.0600e+01 8.0734e-01 1.5000e+00 0.0000e+00 1.1000e+00 -99.9
'380_918' 14 10 1980 8.0600e+03 5.0000e-01 1.1300e+01 7.1404e-01 1.5000e+00 0.0000e+00 1.0000e+00 -99.9
'380_918' 15 10 1980 8.7100e+03 1.1000e+00 1.2400e+01 7.2545e-01 1.5000e+00 0.0000e+00 1.2000e+00 -99.9
'380_918' 16 10 1980 4.5300e+03 6.8000e+00 1.6200e+01 1.1322e+00 4.1000e+00 1.1000e+01 7.0000e-01 -99.9
'380_918' 17 10 1980 2.1300e+03 8.6000e+00 1.4000e+01 1.1448e+00 5.1000e+00 7.0000e-01 3.0000e-01 -99.9
'380_918' 18 10 1980 2.9000e+03 5.0000e+00 9.4000e+00 9.0290e-01 4.6000e+00 2.1000e+00 4.0000e-01 -99.9
'380_918' 19 10 1980 9.6600e+03 1.6000e+00 9.7000e+00 7.0788e-01 5.7000e+00 7.8000e+00 1.3000e+00 -99.9
'380_918' 20 10 1980 7.4500e+03 3.4000e+00 9.7000e+00 8.1400e-01 2.1000e+00 0.0000e+00 1.0000e+00 -99.9
'380_918' 21 10 1980 8.7900e+03 6.7000e+00 1.3700e+01 9.6603e-01 4.1000e+00 0.0000e+00 1.3000e+00 -99.9
'380_918' 22 10 1980 7.2400e+03 7.8000e+00 1.7200e+01 9.4907e-01 5.7000e+00 4.4000e+00 1.1000e+00 -99.9
'380_918' 23 10 1980 5.0300e+03 9.6000e+00 1.3500e+01 1.1064e+00 7.7000e+00 2.8000e+00 8.0000e-01 -99.9
'380_918' 24 10 1980 1.5200e+03 5.4000e+00 1.0700e+01 9.7283e-01 5.1000e+00 3.9000e+00 2.0000e-01 -99.9
'380_918' 25 10 1980 3.9200e+03 5.5000e+00 1.0700e+01 9.0250e-01 4.1000e+00 0.0000e+00 5.0000e-01 -99.9
'380_918' 26 10 1980 7.1300e+03 5.8000e+00 1.1800e+01 8.6370e-01 5.1000e+00 1.7000e+00 1.0000e+00 -99.9
'380_918' 27 10 1980 2.5600e+03 9.8000e+00 1.5600e+01 1.2814e+00 7.7000e+00 0.0000e+00 4.0000e-01 -99.9
'380_918' 28 10 1980 8.0600e+03 1.2300e+01 1.9700e+01 1.3752e+00 7.7000e+00 4.5000e+00 1.3000e+00 -99.9
'380_918' 29 10 1980 4.4500e+03 7.2000e+00 1.5900e+01 1.0406e+00 6.7000e+00 5.0000e-01 7.0000e-01 -99.9
'380_918' 30 10 1980 5.0800e+03 1.7000e+00 9.9000e+00 7.4988e-01 2.1000e+00 2.0000e-01 7.0000e-01 -99.9
'380_918' 31 10 1980 8.1200e+03 1.0000e-01 8.6000e+00 6.4300e-01 3.1000e+00 0.0000e+00 1.0000e+00 -99.9
'380_918' 01 11 1980 8.3600e+03 -1.4000e+00 5.3000e+00 4.9734e-01 5.7000e+00 0.0000e+00 1.0000e+00 -99.9
'380_918' 02 11 1980 8.2500e+03 -4.3000e+00 1.4000e+00 3.5925e-01 6.2000e+00 0.0000e+00 8.0000e-01 -99.9
'380_918' 03 11 1980 3.9700e+03 -5.8000e+00 -1.2000e+00 3.6663e-01 5.1000e+00 0.0000e+00 4.0000e-01 -99.9
'380_918' 04 11 1980 6.0900e+03 -5.9000e+00 -5.0000e-01 3.6796e-01 6.2000e+00 0.0000e+00 6.0000e-01 -99.9
'380_918' 05 11 1980 4.7900e+03 -3.9000e+00 6.0000e-01 3.9455e-01 7.2000e+00 0.0000e+00 5.0000e-01 -99.9
'380_918' 06 11 1980 1.1900e+03 -1.0000e+00 1.0000e-01 5.0804e-01 7.2000e+00 1.1000e+00 1.0000e-01 -99.9
'380_918' 07 11 1980 1.8100e+03 -2.7000e+00 2.3000e+00 5.3796e-01 1.5000e+00 0.0000e+00 2.0000e-01 -99.9
'380_918' 08 11 1980 4.9800e+03 -4.4000e+00 2.4000e+00 4.9934e-01 2.6000e+00 0.0000e+00 5.0000e-01 -99.9
'380_918' 09 11 1980 3.7900e+03 -3.6000e+00 1.8000e+00 5.4862e-01 2.1000e+00 0.0000e+00 4.0000e-01 -99.9
'380_918' 10 11 1980 2.5900e+03 -1.2000e+00 2.4000e+00 6.0691e-01 2.1000e+00 1.8000e+00 3.0000e-01 -99.9
'380_918' 11 11 1980 1.7500e+03 2.4000e+00 5.5000e+00 7.2477e-01 5.7000e+00 2.0000e-01 2.0000e-01 -99.9
'380_918' 12 11 1980 2.7700e+03 4.0000e-01 6.0000e+00 6.8451e-01 4.1000e+00 1.0000e-01 3.0000e-01 -99.9
'380_918' 13 11 1980 3.5000e+03 -2.0000e-01 5.5000e+00 6.4319e-01 5.1000e+00 0.0000e+00 4.0000e-01 -99.9
'380_918' 14 11 1980 2.3100e+03 4.6000e+00 7.6000e+00 7.3029e-01 8.2000e+00 2.7000e+00 3.0000e-01 -99.9
'380_918' 15 11 1980 9.6000e+02 4.3000e+00 1.3700e+01 1.0102e+00 1.0800e+01 1.4500e+01 1.0000e-01 -99.9
'380_918' 16 11 1980 1.1800e+03 1.0700e+01 1.4000e+01 1.2837e+00 8.2000e+00 5.0000e-01 2.0000e-01 -99.9
'380_918' 17 11 1980 2.4700e+03 1.0800e+01 1.3900e+01 1.1990e+00 9.3000e+00 4.9000e+00 4.0000e-01 -99.9
'380_918' 18 11 1980 3.1900e+03 4.9000e+00 1.2200e+01 7.8602e-01 9.8000e+00 2.0000e-01 5.0000e-01 -99.9
'380_918' 19 11 1980 1.9500e+03 4.0000e+00 1.0800e+01 8.4960e-01 6.2000e+00 4.0000e-01 3.0000e-01 -99.9
'380_918' 20 11 1980 4.9900e+03 8.0000e+00 1.5400e+01 9.7127e-01 6.2000e+00 0.0000e+00 8.0000e-01 -99.9
'380_918' 21 11 1980 3.1200e+03 9.7000e+00 1.3400e+01 1.0804e+00 7.2000e+00 0.0000e+00 5.0000e-01 -99.9
'380_918' 22 11 1980 2.6900e+03 1.0200e+01 1.3900e+01 1.0749e+00 8.2000e+00 9.0000e-01 4.0000e-01 -99.9
'380_918' 23 11 1980 1.8000e+03 1.1800e+01 1.3900e+01 1.1690e+00 7.7000e+00 1.0000e-01 3.0000e-01 -99.9
'380_918' 24 11 1980 2.3200e+03 8.4000e+00 1.4900e+01 1.1224e+00 5.7000e+00 1.3000e+00 4.0000e-01 -99.9
'380_918' 25 11 1980 1.0500e+03 6.0000e+00 1.0500e+01 1.0020e+00 5.7000e+00 0.0000e+00 1.0000e-01 -99.9
'380_918' 26 11 1980 1.4300e+03 -2.2000e+00 6.2000e+00 6.1785e-01 3.6000e+00 0.0000e+00 2.0000e-01 -99.9
'380_918' 27 11 1980 4.3400e+03 -2.2000e+00 3.7000e+00 5.6618e-01 6.2000e+00 1.8000e+00 5.0000e-01 -99.9
'380_918' 28 11 1980 1.3400e+03 3.0000e-01 3.6000e+00 6.4207e-01 6.2000e+00 4.5000e+00 2.0000e-01 -99.9
'380_918' 29 11 1980 1.5800e+03 -1.2000e+00 1.9000e+00 5.6011e-01 8.7000e+00 0.0000e+00 2.0000e-01 -99.9
'380_918' 30 11 1980 3.8900e+03 -4.5000e+00 -1.0000e+00 3.9545e-01 7.2000e+00 0.0000e+00 4.0000e-01 -99.9
'380_918' 01 12 1980 6.6900e+03 -7.9000e+00 -1.9000e+00 3.5891e-01 2.6000e+00 2.0000e-01 6.0000e-01 -99.9
'380_918' 02 12 1980 1.0100e+03 -4.3000e+00 -5.0000e-01 4.7107e-01 6.7000e+00 1.9000e+00 1.0000e-01 -99.9
'380_918' 03 12 1980 3.6700e+03 -1.2000e+00 2.1000e+00 5.6366e-01 3.6000e+00 2.5000e+00 4.0000e-01 -99.9
'380_918' 04 12 1980 2.0900e+03 -1.8000e+00 2.1000e+00 5.8640e-01 4.6000e+00 1.5000e+00 2.0000e-01 -99.9
'380_918' 05 12 1980 9.4000e+02 -1.5000e+00 5.0000e+00 6.5260e-01 6.2000e+00 1.3200e+01 1.0000e-01 -99.9
'380_918' 06 12 1980 1.1500e+03 -5.0000e+00 3.6000e+00 4.8380e-01 5.1000e+00 1.6000e+00 1.0000e-01 -99.9
'380_918' 07 12 1980 2.5400e+03 -8.0000e+00 -4.0000e-01 4.0215e-01 2.6000e+00 2.0000e-01 2.0000e-01 -99.9
'380_918' 08 12 1980 3.6600e+03 -5.7000e+00 -6.0000e-01 4.4145e-01 4.6000e+00 0.0000e+00 3.0000e-01 -99.9
'380_918' 09 12 1980 3.8100e+03 -4.9000e+00 -2.0000e-01 3.5356e-01 6.7000e+00 0.0000e+00 4.0000e-01 -99.9
'380_918' 10 12 1980 1.8000e+03 -2.2000e+00 4.5000e+00 4.2437e-01 9.3000e+00 0.0000e+00 2.0000e-01 -99.9
'380_918' 11 12 1980 6.6000e+02 3.6000e+00 5.5000e+00 7.5913e-01 8.2000e+00 1.9000e+00 1.0000e-01 -99.9
'380_918' 12 12 1980 1.5400e+03 4.2000e+00 7.3000e+00 8.2209e-01 6.2000e+00 0.0000e+00 2.0000e-01 -99.9
'380_918' 13 12 1980 9.3000e+02 4.8000e+00 9.4000e+00 8.0609e-01 9.8000e+00 7.0000e-01 1.0000e-01 -99.9
'380_918' 14 12 1980 1.6100e+03 7.5000e+00 1.2400e+01 1.0854e+00 8.7000e+00 3.6000e+00 2.0000e-01 -99.9
'380_918' 15 12 1980 3.0300e+03 4.4000e+00 1.0600e+01 8.3956e-01 8.7000e+00 2.8000e+00 4.0000e-01 -99.9
'380_918' 16 12 1980 3.9300e+03 5.0000e-01 6.7000e+00 6.7003e-01 3.6000e+00 0.0000e+00 5.0000e-01 -99.9
'380_918' 17 12 1980 4.2900e+03 -1.0000e-01 5.3000e+00 5.4134e-01 8.2000e+00 1.4500e+01 5.0000e-01 -99.9
'380_918' 18 12 1980 1.8200e+03 5.0000e-01 4.8000e+00 6.7143e-01 5.7000e+00 0.0000e+00 2.0000e-01 -99.9
'380_918' 19 12 1980 2.1600e+03 -4.0000e-01 2.2000e+00 5.6463e-01 5.1000e+00 1.1000e+00 2.0000e-01 -99.9
'380_918' 20 12 1980 1.5400e+03 -1.0000e-01 4.8000e+00 6.2617e-01 6.2000e+00 8.5000e+00 2.0000e-01 -99.9
'380_918' 21 12 1980 7.3000e+02 1.4000e+00 4.6000e+00 7.2248e-01 4.6000e+00 5.0000e-01 1.0000e-01 -99.9
'380_918' 22 12 1980 1.4200e+03 1.0000e+00 7.5000e+00 7.7218e-01 5.7000e+00 5.0000e-01 2.0000e-01 -99.9
'380_918' 23 12 1980 7.0000e+02 7.2000e+00 1.1200e+01 1.1062e+00 7.7000e+00 1.0000e-01 1.0000e-01 -99.9
'380_918' 24 12 1980 1.1600e+03 9.2000e+00 1.1900e+01 1.0529e+00 7.7000e+00 0.0000e+00 2.0000e-01 -99.9
'380_918' 25 12 1980 1.1500e+03 3.1000e+00 9.3000e+00 7.5813e-01 7.7000e+00 1.0000e+00 2.0000e-01 -99.9
'380_918' 26 12 1980 1.6400e+03 4.0000e-01 4.0000e+00 6.3853e-01 6.2000e+00 3.2000e+00 2.0000e-01 -99.9
'380_918' 27 12 1980 1.0900e+03 -2.3000e+00 1.9000e+00 5.6465e-01 2.6000e+00 0.0000e+00 1.0000e-01 -99.9
'380_918' 28 12 1980 3.0500e+03 -2.5000e+00 2.8000e+00 5.5065e-01 5.1000e+00 4.0000e-01 3.0000e-01 -99.9
'380_918' 29 12 1980 6.7000e+02 2.4000e+00 5.9000e+00 7.7448e-01 6.7000e+00 2.0000e-01 1.0000e-01 -99.9
'380_918' 30 12 1980 5.5000e+02 4.8000e+00 6.2000e+00 8.3917e-01 7.7000e+00 7.0000e-01 1.0000e-01 -99.9
'380_918' 31 12 1980 2.1100e+03 2.4000e+00 6.9000e+00 6.9705e-01 1.0300e+01 2.3000e+00 3.0000e-01 -99.9
