* Source of data    : Royal Netherlands Meterological Institute (www.knmi.nl) stations 370 and 918
* File content      : Input file for Swap 3.2 (www.swap.alterra.nl) 
* File generated by : Alterra - Wageningen-UR (www.alterra.wur.nl) 
* File generated at : 2015-02-19 20:52:54
station DD MM YYYY Rad Tmin Tmax Hum Wind Rain ETref Wet
'380_918' 01 01 1979 5.2200e+03 -1.5900e+01 -9.7000e+00 1.9617e-01 2.6000e+00 0.0000e+00 3.0000e-01 -99.9
'380_918' 02 01 1979 1.9200e+03 -1.4500e+01 -2.0000e+00 2.6834e-01 6.2000e+00 2.5000e+00 1.0000e-01 -99.9
'380_918' 03 01 1979 5.7800e+03 -1.1800e+01 -6.0000e+00 2.5446e-01 3.6000e+00 0.0000e+00 4.0000e-01 -99.9
'380_918' 04 01 1979 3.9100e+03 -1.1000e+01 -4.8000e+00 2.5135e-01 5.7000e+00 0.0000e+00 3.0000e-01 -99.9
'380_918' 05 01 1979 4.4100e+03 -1.5100e+01 -9.6000e+00 2.0732e-01 3.6000e+00 0.0000e+00 3.0000e-01 -99.9
'380_918' 06 01 1979 6.7100e+03 -1.5000e+01 -6.4000e+00 2.1039e-01 2.6000e+00 0.0000e+00 4.0000e-01 -99.9
'380_918' 07 01 1979 4.1100e+03 -1.0600e+01 5.0000e-01 2.6295e-01 6.7000e+00 1.5000e+00 4.0000e-01 -99.9
'380_918' 08 01 1979 1.6400e+03 0.0000e+00 2.0000e+00 5.6332e-01 5.7000e+00 2.7000e+00 2.0000e-01 -99.9
'380_918' 09 01 1979 1.2700e+03 -1.3000e+00 1.1000e+00 5.7983e-01 4.6000e+00 4.0000e+00 1.0000e-01 -99.9
'380_918' 10 01 1979 2.5300e+03 -1.2000e+00 2.6000e+00 5.8522e-01 9.3000e+00 7.0000e+00 3.0000e-01 -99.9
'380_918' 11 01 1979 1.0000e+03 -1.0000e-01 1.5000e+00 6.2239e-01 8.7000e+00 3.5000e+00 1.0000e-01 -99.9
'380_918' 12 01 1979 1.9300e+03 -4.0000e-01 1.0000e+00 6.0486e-01 5.7000e+00 1.7000e+00 2.0000e-01 -99.9
'380_918' 13 01 1979 4.2100e+03 -2.0000e+00 1.0000e+00 5.4423e-01 4.1000e+00 0.0000e+00 4.0000e-01 -99.9
'380_918' 14 01 1979 6.7500e+03 -8.0000e+00 -8.0000e-01 3.6403e-01 4.1000e+00 0.0000e+00 6.0000e-01 -99.9
'380_918' 15 01 1979 5.8600e+03 -1.0100e+01 -1.3000e+00 3.2290e-01 2.1000e+00 0.0000e+00 5.0000e-01 -99.9
'380_918' 16 01 1979 3.4400e+03 -1.1000e+01 -4.0000e+00 3.2389e-01 1.5000e+00 0.0000e+00 3.0000e-01 -99.9
'380_918' 17 01 1979 1.6900e+03 -1.0600e+01 -3.3000e+00 3.3693e-01 3.1000e+00 0.0000e+00 1.0000e-01 -99.9
'380_918' 18 01 1979 3.0800e+03 -4.8000e+00 -2.9000e+00 3.7578e-01 7.2000e+00 0.0000e+00 3.0000e-01 -99.9
'380_918' 19 01 1979 4.8000e+03 -4.8000e+00 -5.0000e-01 3.7173e-01 6.7000e+00 0.0000e+00 5.0000e-01 -99.9
'380_918' 20 01 1979 1.8500e+03 -5.1000e+00 4.0000e-01 4.4205e-01 4.1000e+00 4.5000e+00 2.0000e-01 -99.9
'380_918' 21 01 1979 1.3600e+03 -2.5000e+00 9.0000e-01 5.5423e-01 3.1000e+00 0.0000e+00 1.0000e-01 -99.9
'380_918' 22 01 1979 2.1000e+03 -3.6000e+00 -6.0000e-01 5.0450e-01 4.6000e+00 5.3000e+00 2.0000e-01 -99.9
'380_918' 23 01 1979 1.0500e+03 -7.0000e-01 2.0000e+00 6.1800e-01 4.1000e+00 1.1000e+00 1.0000e-01 -99.9
'380_918' 24 01 1979 3.0000e+03 -2.5000e+00 3.0000e-01 5.4366e-01 5.1000e+00 8.0000e-01 3.0000e-01 -99.9
'380_918' 25 01 1979 2.8700e+03 -3.1000e+00 2.0000e-01 4.7956e-01 7.2000e+00 1.1000e+00 3.0000e-01 -99.9
'380_918' 26 01 1979 2.3400e+03 -1.6000e+00 1.5000e+00 5.5007e-01 7.2000e+00 0.0000e+00 2.0000e-01 -99.9
'380_918' 27 01 1979 3.7500e+03 -3.4000e+00 1.1000e+00 5.0899e-01 3.1000e+00 0.0000e+00 4.0000e-01 -99.9
'380_918' 28 01 1979 2.4700e+03 -9.5000e+00 -2.3000e+00 3.6596e-01 1.5000e+00 1.4000e+00 2.0000e-01 -99.9
'380_918' 29 01 1979 3.7600e+03 -9.6000e+00 3.4000e+00 3.8526e-01 5.7000e+00 3.0000e-01 4.0000e-01 -99.9
'380_918' 30 01 1979 1.8100e+03 8.0000e-01 2.9000e+00 6.5436e-01 4.1000e+00 2.0000e-01 2.0000e-01 -99.9
'380_918' 31 01 1979 2.7200e+03 3.0000e-01 2.7000e+00 6.3072e-01 5.7000e+00 2.0000e-01 3.0000e-01 -99.9
'380_918' 01 02 1979 2.4700e+03 1.5000e+00 4.5000e+00 6.4778e-01 8.2000e+00 1.0000e+01 3.0000e-01 -99.9
'380_918' 02 02 1979 1.3300e+03 -3.0000e-01 6.2000e+00 6.6735e-01 5.1000e+00 0.0000e+00 2.0000e-01 -99.9
'380_918' 03 02 1979 7.4100e+03 -1.6000e+00 2.9000e+00 5.0491e-01 5.7000e+00 0.0000e+00 8.0000e-01 -99.9
'380_918' 04 02 1979 3.4300e+03 -1.3000e+00 2.5000e+00 5.4942e-01 4.1000e+00 0.0000e+00 4.0000e-01 -99.9
'380_918' 05 02 1979 4.1600e+03 -2.1000e+00 1.8000e+00 5.4383e-01 4.1000e+00 0.0000e+00 4.0000e-01 -99.9
'380_918' 06 02 1979 6.3900e+03 -3.9000e+00 2.1000e+00 4.9572e-01 3.6000e+00 4.0000e-01 6.0000e-01 -99.9
'380_918' 07 02 1979 1.1600e+03 -2.4000e+00 6.5000e+00 6.2307e-01 4.1000e+00 5.6000e+00 1.0000e-01 -99.9
'380_918' 08 02 1979 8.1200e+03 -9.0000e-01 6.5000e+00 6.1137e-01 3.6000e+00 0.0000e+00 9.0000e-01 -99.9
'380_918' 09 02 1979 3.9400e+03 -1.8000e+00 1.4000e+00 5.2591e-01 4.1000e+00 0.0000e+00 4.0000e-01 -99.9
'380_918' 10 02 1979 4.8600e+03 -2.6000e+00 1.3000e+00 3.9177e-01 6.7000e+00 0.0000e+00 5.0000e-01 -99.9
'380_918' 11 02 1979 2.6600e+03 4.0000e-01 2.6000e+00 5.1577e-01 7.7000e+00 7.1000e+00 3.0000e-01 -99.9
'380_918' 12 02 1979 3.2800e+03 7.0000e-01 9.5000e+00 7.6747e-01 4.6000e+00 1.0000e+00 4.0000e-01 -99.9
'380_918' 13 02 1979 3.0600e+03 6.3000e+00 9.2000e+00 9.6529e-01 4.6000e+00 7.2000e+00 4.0000e-01 -99.9
'380_918' 14 02 1979 8.9000e+02 -6.5000e+00 7.8000e+00 5.3237e-01 5.7000e+00 6.8000e+00 1.0000e-01 -99.9
'380_918' 15 02 1979 4.4900e+03 -6.9000e+00 -3.5000e+00 3.7412e-01 3.1000e+00 0.0000e+00 4.0000e-01 -99.9
'380_918' 16 02 1979 3.6100e+03 -7.8000e+00 -3.7000e+00 3.4935e-01 5.1000e+00 0.0000e+00 3.0000e-01 -99.9
'380_918' 17 02 1979 2.7100e+03 -7.1000e+00 -4.3000e+00 3.6119e-01 4.1000e+00 2.1000e+00 2.0000e-01 -99.9
'380_918' 18 02 1979 1.8700e+03 -7.3000e+00 -4.3000e+00 3.5809e-01 5.0000e-01 0.0000e+00 2.0000e-01 -99.9
'380_918' 19 02 1979 2.5800e+03 -4.3000e+00 -1.6000e+00 4.3508e-01 1.5000e+00 0.0000e+00 2.0000e-01 -99.9
'380_918' 20 02 1979 3.1000e+03 -2.6000e+00 -7.0000e-01 5.1833e-01 2.6000e+00 0.0000e+00 3.0000e-01 -99.9
'380_918' 21 02 1979 3.6200e+03 -3.7000e+00 -1.9000e+00 4.8599e-01 1.0000e+00 0.0000e+00 3.0000e-01 -99.9
'380_918' 22 02 1979 2.1000e+03 -3.9000e+00 2.0000e-01 5.1617e-01 3.1000e+00 3.7000e+00 2.0000e-01 -99.9
'380_918' 23 02 1979 3.4000e+03 1.0000e-01 2.2000e+00 6.4209e-01 3.1000e+00 3.7000e+00 4.0000e-01 -99.9
'380_918' 24 02 1979 5.3800e+03 -2.6000e+00 2.8000e+00 5.6027e-01 4.1000e+00 0.0000e+00 6.0000e-01 -99.9
'380_918' 25 02 1979 2.1100e+03 -4.6000e+00 -2.6000e+00 4.5281e-01 1.5000e+00 0.0000e+00 2.0000e-01 -99.9
'380_918' 26 02 1979 8.1700e+03 -5.1000e+00 1.8000e+00 4.7535e-01 2.6000e+00 0.0000e+00 8.0000e-01 -99.9
'380_918' 27 02 1979 1.1210e+04 -2.9000e+00 5.7000e+00 4.8107e-01 5.1000e+00 0.0000e+00 1.2000e+00 -99.9
'380_918' 28 02 1979 1.1360e+04 3.0000e-01 7.9000e+00 5.0402e-01 6.2000e+00 0.0000e+00 1.4000e+00 -99.9
'380_918' 01 03 1979 9.8900e+03 -7.0000e-01 6.4000e+00 6.2990e-01 6.2000e+00 3.4000e+00 1.1000e+00 -99.9
'380_918' 02 03 1979 2.4100e+03 1.3000e+00 7.2000e+00 7.5993e-01 8.7000e+00 1.5000e+00 3.0000e-01 -99.9
'380_918' 03 03 1979 3.5000e+03 7.0000e+00 1.1300e+01 1.0319e+00 9.3000e+00 3.5000e+00 5.0000e-01 -99.9
'380_918' 04 03 1979 1.8300e+03 -9.0000e-01 9.5000e+00 7.2593e-01 5.1000e+00 5.4000e+00 2.0000e-01 -99.9
'380_918' 05 03 1979 9.1400e+03 -2.5000e+00 7.3000e+00 6.1130e-01 1.5000e+00 0.0000e+00 1.0000e+00 -99.9
'380_918' 06 03 1979 1.1160e+04 -2.4000e+00 8.7000e+00 5.7724e-01 4.1000e+00 0.0000e+00 1.4000e+00 -99.9
'380_918' 07 03 1979 7.0400e+03 9.0000e-01 8.8000e+00 7.0368e-01 7.7000e+00 4.5000e+00 9.0000e-01 -99.9
'380_918' 08 03 1979 8.9600e+03 1.3000e+00 8.6000e+00 7.1299e-01 6.7000e+00 2.0000e+00 1.1000e+00 -99.9
'380_918' 09 03 1979 1.8400e+03 3.0000e+00 8.2000e+00 7.8624e-01 1.0300e+01 1.5000e+01 2.0000e-01 -99.9
'380_918' 10 03 1979 1.1460e+04 1.0000e+00 7.1000e+00 5.4909e-01 6.2000e+00 5.8000e+00 1.4000e+00 -99.9
'380_918' 11 03 1979 1.3900e+03 3.4000e+00 1.0200e+01 9.2058e-01 7.2000e+00 1.2200e+01 2.0000e-01 -99.9
'380_918' 12 03 1979 6.4500e+03 5.5000e+00 9.8000e+00 7.7645e-01 7.2000e+00 0.0000e+00 9.0000e-01 -99.9
'380_918' 13 03 1979 2.9000e+03 3.8000e+00 7.0000e+00 8.1088e-01 3.6000e+00 1.2700e+01 4.0000e-01 -99.9
'380_918' 14 03 1979 2.2000e+03 3.5000e+00 5.6000e+00 8.0929e-01 4.6000e+00 1.2600e+01 3.0000e-01 -99.9
'380_918' 15 03 1979 4.5100e+03 3.1000e+00 1.4100e+01 9.3206e-01 5.1000e+00 6.5000e+00 6.0000e-01 -99.9
'380_918' 16 03 1979 1.8000e+03 1.8000e+00 9.6000e+00 7.5659e-01 5.7000e+00 8.0000e-01 2.0000e-01 -99.9
'380_918' 17 03 1979 1.1310e+04 9.0000e-01 8.5000e+00 6.9022e-01 4.1000e+00 1.6000e+00 1.4000e+00 -99.9
'380_918' 18 03 1979 4.5000e+03 -2.0000e-01 6.3000e+00 6.9430e-01 3.6000e+00 1.7100e+01 5.0000e-01 -99.9
'380_918' 19 03 1979 6.4000e+03 1.1000e+00 5.0000e+00 6.8490e-01 2.6000e+00 0.0000e+00 7.0000e-01 -99.9
'380_918' 20 03 1979 1.2490e+04 -1.0000e-01 1.1800e+01 6.8330e-01 3.1000e+00 1.0000e-01 1.6000e+00 -99.9
'380_918' 21 03 1979 8.5900e+03 6.0000e-01 1.0400e+01 7.1202e-01 7.2000e+00 1.9000e+00 1.1000e+00 -99.9
'380_918' 22 03 1979 1.3410e+04 5.0000e-01 8.7000e+00 6.4859e-01 7.2000e+00 7.8000e+00 1.7000e+00 -99.9
'380_918' 23 03 1979 1.2070e+04 -1.2000e+00 7.2000e+00 5.3410e-01 3.6000e+00 0.0000e+00 1.4000e+00 -99.9
'380_918' 24 03 1979 1.8070e+04 -3.0000e+00 8.7000e+00 4.5729e-01 3.1000e+00 2.0000e+00 2.2000e+00 -99.9
'380_918' 25 03 1979 5.2100e+03 6.0000e+00 1.3000e+01 9.6747e-01 8.7000e+00 1.3000e+00 8.0000e-01 -99.9
'380_918' 26 03 1979 1.2450e+04 5.0000e+00 1.1800e+01 7.7079e-01 1.0300e+01 2.0000e+00 1.8000e+00 -99.9
'380_918' 27 03 1979 7.5900e+03 5.6000e+00 1.0400e+01 8.8809e-01 9.8000e+00 1.3500e+01 1.0000e+00 -99.9
'380_918' 28 03 1979 7.0000e+03 2.1000e+00 8.2000e+00 7.4811e-01 7.2000e+00 1.6000e+00 9.0000e-01 -99.9
'380_918' 29 03 1979 1.4170e+04 5.0000e-01 9.5000e+00 6.2805e-01 3.6000e+00 9.0000e-01 1.8000e+00 -99.9
'380_918' 30 03 1979 1.4000e+03 2.8000e+00 4.2000e+00 7.5289e-01 5.7000e+00 3.0000e+00 2.0000e-01 -99.9
'380_918' 31 03 1979 5.7100e+03 2.7000e+00 5.9000e+00 6.7653e-01 3.6000e+00 0.0000e+00 7.0000e-01 -99.9
'380_918' 01 04 1979 4.2500e+03 4.4000e+00 9.1000e+00 8.4465e-01 4.1000e+00 1.4000e+00 6.0000e-01 -99.9
'380_918' 02 04 1979 1.0610e+04 3.5000e+00 9.8000e+00 8.0060e-01 5.1000e+00 7.3000e+00 1.4000e+00 -99.9
'380_918' 03 04 1979 8.8000e+03 0.0000e+00 6.3000e+00 6.6325e-01 5.1000e+00 1.0000e+00 1.1000e+00 -99.9
'380_918' 04 04 1979 4.2100e+03 1.0000e-01 4.6000e+00 6.6350e-01 2.1000e+00 1.0000e-01 5.0000e-01 -99.9
'380_918' 05 04 1979 6.1800e+03 6.0000e-01 5.1000e+00 6.6545e-01 2.6000e+00 1.5000e+00 7.0000e-01 -99.9
'380_918' 06 04 1979 9.8800e+03 8.0000e-01 8.1000e+00 6.5589e-01 3.6000e+00 0.0000e+00 1.2000e+00 -99.9
'380_918' 07 04 1979 1.7620e+04 -7.0000e-01 1.1500e+01 5.7744e-01 2.1000e+00 0.0000e+00 2.3000e+00 -99.9
'380_918' 08 04 1979 1.4250e+04 -2.0000e-01 1.1500e+01 6.0900e-01 3.6000e+00 0.0000e+00 1.9000e+00 -99.9
'380_918' 09 04 1979 1.6430e+04 2.8000e+00 1.8100e+01 7.3650e-01 4.1000e+00 0.0000e+00 2.4000e+00 -99.9
'380_918' 10 04 1979 1.5510e+04 6.0000e+00 2.0900e+01 8.1440e-01 4.6000e+00 0.0000e+00 2.5000e+00 -99.9
'380_918' 11 04 1979 7.7700e+03 9.2000e+00 1.6800e+01 1.1147e+00 4.1000e+00 1.6000e+00 1.2000e+00 -99.9
'380_918' 12 04 1979 1.7360e+04 9.2000e+00 1.6600e+01 9.9407e-01 5.1000e+00 0.0000e+00 2.7000e+00 -99.9
'380_918' 13 04 1979 2.0890e+04 8.2000e+00 2.0100e+01 8.9276e-01 3.6000e+00 0.0000e+00 3.4000e+00 -99.9
'380_918' 14 04 1979 1.9560e+04 6.7000e+00 2.0800e+01 8.4178e-01 3.6000e+00 0.0000e+00 3.2000e+00 -99.9
'380_918' 15 04 1979 1.9680e+04 8.8000e+00 2.1600e+01 9.1335e-01 2.1000e+00 0.0000e+00 3.3000e+00 -99.9
'380_918' 16 04 1979 4.2000e+03 4.0000e+00 1.3000e+01 8.9631e-01 4.6000e+00 1.7000e+00 6.0000e-01 -99.9
'380_918' 17 04 1979 1.8300e+03 3.7000e+00 6.2000e+00 8.1391e-01 4.6000e+00 6.0000e-01 2.0000e-01 -99.9
'380_918' 18 04 1979 1.6900e+04 1.9000e+00 8.3000e+00 6.3250e-01 4.1000e+00 0.0000e+00 2.1000e+00 -99.9
'380_918' 19 04 1979 2.0520e+04 -8.0000e-01 1.1700e+01 5.6049e-01 1.5000e+00 6.0000e-01 2.7000e+00 -99.9
'380_918' 20 04 1979 5.2300e+03 4.2000e+00 9.4000e+00 8.8366e-01 4.1000e+00 3.0000e+00 7.0000e-01 -99.9
'380_918' 21 04 1979 9.8800e+03 5.8000e+00 1.1900e+01 9.1039e-01 5.1000e+00 4.0000e-01 1.4000e+00 -99.9
'380_918' 22 04 1979 1.1320e+04 7.0000e+00 1.1800e+01 8.6045e-01 6.2000e+00 3.3000e+00 1.6000e+00 -99.9
'380_918' 23 04 1979 9.3800e+03 7.1000e+00 1.3100e+01 9.7939e-01 7.7000e+00 6.3000e+00 1.4000e+00 -99.9
'380_918' 24 04 1979 9.0600e+03 5.6000e+00 9.7000e+00 9.2240e-01 5.7000e+00 0.0000e+00 1.2000e+00 -99.9
'380_918' 25 04 1979 1.3780e+04 2.7000e+00 9.8000e+00 8.0083e-01 3.1000e+00 7.7000e+00 1.8000e+00 -99.9
'380_918' 26 04 1979 9.9200e+03 4.0000e+00 9.0000e+00 8.6668e-01 2.6000e+00 1.4000e+00 1.3000e+00 -99.9
'380_918' 27 04 1979 8.2200e+03 2.9000e+00 9.7000e+00 7.8730e-01 4.1000e+00 0.0000e+00 1.1000e+00 -99.9
'380_918' 28 04 1979 7.9100e+03 1.2000e+00 7.7000e+00 7.3422e-01 4.6000e+00 2.7000e+00 1.0000e+00 -99.9
'380_918' 29 04 1979 9.7300e+03 5.4000e+00 1.0800e+01 8.8006e-01 6.2000e+00 6.0000e+00 1.3000e+00 -99.9
'380_918' 30 04 1979 1.3570e+04 2.6000e+00 9.5000e+00 6.7298e-01 6.7000e+00 0.0000e+00 1.8000e+00 -99.9
'380_918' 01 05 1979 7.4200e+03 3.5000e+00 7.4000e+00 7.6643e-01 6.7000e+00 1.3800e+01 1.0000e+00 -99.9
'380_918' 02 05 1979 1.2810e+04 1.5000e+00 6.4000e+00 6.6978e-01 8.7000e+00 3.0000e+00 1.5000e+00 -99.9
'380_918' 03 05 1979 1.5720e+04 1.6000e+00 8.3000e+00 7.1702e-01 5.7000e+00 3.1000e+00 1.9000e+00 -99.9
'380_918' 04 05 1979 1.0530e+04 9.0000e-01 6.4000e+00 7.0730e-01 2.6000e+00 1.7000e+00 1.3000e+00 -99.9
'380_918' 05 05 1979 1.4870e+04 -8.0000e-01 8.7000e+00 6.4031e-01 3.1000e+00 4.3000e+00 1.8000e+00 -99.9
'380_918' 06 05 1979 1.5580e+04 1.0000e+00 1.0300e+01 6.8099e-01 3.1000e+00 4.0000e-01 2.0000e+00 -99.9
'380_918' 07 05 1979 2.4430e+04 1.0000e-01 1.3800e+01 5.8451e-01 4.1000e+00 0.0000e+00 3.4000e+00 -99.9
'380_918' 08 05 1979 2.4350e+04 2.2000e+00 1.8800e+01 5.9228e-01 3.1000e+00 0.0000e+00 3.7000e+00 -99.9
'380_918' 09 05 1979 2.1030e+04 6.0000e+00 1.9300e+01 8.1818e-01 4.1000e+00 0.0000e+00 3.3000e+00 -99.9
'380_918' 10 05 1979 1.8080e+04 5.3000e+00 1.2600e+01 7.4138e-01 3.1000e+00 5.1000e+00 2.5000e+00 -99.9
'380_918' 11 05 1979 3.1200e+03 7.2000e+00 1.2500e+01 1.0753e+00 6.2000e+00 9.2000e+00 5.0000e-01 -99.9
'380_918' 12 05 1979 1.4970e+04 1.0600e+01 1.8000e+01 1.3108e+00 3.1000e+00 0.0000e+00 2.4000e+00 -99.9
'380_918' 13 05 1979 2.2170e+04 8.5000e+00 1.9400e+01 1.1603e+00 1.5000e+00 0.0000e+00 3.6000e+00 -99.9
'380_918' 14 05 1979 2.5700e+04 9.9000e+00 2.5000e+01 1.2157e+00 1.5000e+00 0.0000e+00 4.5000e+00 -99.9
'380_918' 15 05 1979 2.5410e+04 1.1800e+01 2.6100e+01 1.1986e+00 2.6000e+00 0.0000e+00 4.6000e+00 -99.9
'380_918' 16 05 1979 2.5460e+04 1.3600e+01 2.7300e+01 1.2864e+00 6.2000e+00 2.0000e-01 4.7000e+00 -99.9
'380_918' 17 05 1979 7.1200e+03 1.1700e+01 1.5600e+01 1.3323e+00 5.7000e+00 7.0000e-01 1.1000e+00 -99.9
'380_918' 18 05 1979 1.2330e+04 7.5000e+00 1.3700e+01 9.4890e-01 4.1000e+00 0.0000e+00 1.9000e+00 -99.9
'380_918' 19 05 1979 2.5820e+04 6.4000e+00 1.8500e+01 8.4809e-01 3.1000e+00 0.0000e+00 4.1000e+00 -99.9
'380_918' 20 05 1979 4.4000e+03 1.2600e+01 1.9000e+01 1.4034e+00 5.7000e+00 2.0000e-01 7.0000e-01 -99.9
'380_918' 21 05 1979 1.8010e+04 9.4000e+00 1.7700e+01 1.1184e+00 7.7000e+00 1.6000e+00 2.8000e+00 -99.9
'380_918' 22 05 1979 1.4690e+04 1.0400e+01 1.7000e+01 1.1616e+00 5.1000e+00 4.0000e-01 2.3000e+00 -99.9
'380_918' 23 05 1979 6.3700e+03 1.0000e+01 1.5000e+01 1.2426e+00 4.1000e+00 6.3000e+00 1.0000e+00 -99.9
'380_918' 24 05 1979 1.2560e+04 7.1000e+00 1.4200e+01 1.0570e+00 2.6000e+00 8.0000e-01 1.9000e+00 -99.9
'380_918' 25 05 1979 1.4340e+04 6.5000e+00 1.3300e+01 9.8386e-01 5.7000e+00 1.0000e+00 2.1000e+00 -99.9
'380_918' 26 05 1979 1.5610e+04 6.7000e+00 2.0700e+01 1.1484e+00 6.2000e+00 5.5000e+00 2.5000e+00 -99.9
'380_918' 27 05 1979 1.4360e+04 9.2000e+00 1.5800e+01 1.2289e+00 4.6000e+00 2.8000e+00 2.2000e+00 -99.9
'380_918' 28 05 1979 2.5640e+04 8.4000e+00 2.0000e+01 1.0941e+00 4.6000e+00 0.0000e+00 4.2000e+00 -99.9
'380_918' 29 05 1979 1.7950e+04 1.4800e+01 2.6100e+01 1.7089e+00 5.1000e+00 1.1000e+00 3.3000e+00 -99.9
'380_918' 30 05 1979 2.1950e+04 1.4600e+01 2.7700e+01 1.8147e+00 3.6000e+00 3.0200e+01 4.1000e+00 -99.9
'380_918' 31 05 1979 2.3590e+04 1.4600e+01 2.7900e+01 1.8443e+00 3.1000e+00 0.0000e+00 4.3000e+00 -99.9
'380_918' 01 06 1979 3.1100e+03 1.3800e+01 1.6700e+01 1.6389e+00 3.6000e+00 0.0000e+00 5.0000e-01 -99.9
'380_918' 02 06 1979 1.4170e+04 1.2300e+01 2.2100e+01 1.7123e+00 3.6000e+00 0.0000e+00 2.4000e+00 -99.9
'380_918' 03 06 1979 1.4830e+04 1.6700e+01 2.6700e+01 1.9971e+00 2.6000e+00 0.0000e+00 2.8000e+00 -99.9
'380_918' 04 06 1979 2.1340e+04 1.6900e+01 2.8100e+01 2.0713e+00 2.6000e+00 1.0400e+01 4.0000e+00 -99.9
'380_918' 05 06 1979 6.7200e+03 1.4000e+01 1.8900e+01 1.6434e+00 2.6000e+00 0.0000e+00 1.1000e+00 -99.9
'380_918' 06 06 1979 2.2730e+04 1.2300e+01 2.0300e+01 1.1802e+00 3.1000e+00 1.0000e+00 3.8000e+00 -99.9
'380_918' 07 06 1979 1.5960e+04 9.7000e+00 1.9500e+01 1.3054e+00 3.1000e+00 4.0000e-01 2.5000e+00 -99.9
'380_918' 08 06 1979 1.6950e+04 9.5000e+00 1.7500e+01 1.1180e+00 5.1000e+00 2.6000e+00 2.7000e+00 -99.9
'380_918' 09 06 1979 1.7590e+04 1.2100e+01 2.1200e+01 1.4116e+00 2.6000e+00 0.0000e+00 3.0000e+00 -99.9
'380_918' 10 06 1979 2.1820e+04 9.9000e+00 2.2500e+01 1.3318e+00 4.1000e+00 2.9000e+00 3.7000e+00 -99.9
'380_918' 11 06 1979 1.9630e+04 1.3600e+01 2.2400e+01 1.5631e+00 5.1000e+00 7.0000e-01 3.4000e+00 -99.9
'380_918' 12 06 1979 2.2030e+04 1.0900e+01 2.1100e+01 1.3378e+00 3.1000e+00 1.5000e+01 3.7000e+00 -99.9
'380_918' 13 06 1979 1.5680e+04 1.2500e+01 1.9300e+01 1.5138e+00 6.2000e+00 1.0800e+01 2.6000e+00 -99.9
'380_918' 14 06 1979 7.1500e+03 1.0900e+01 1.5000e+01 1.2862e+00 8.2000e+00 2.3000e+00 1.1000e+00 -99.9
'380_918' 15 06 1979 1.8050e+04 6.9000e+00 1.5100e+01 1.0459e+00 4.6000e+00 1.8000e+00 2.7000e+00 -99.9
'380_918' 16 06 1979 1.9360e+04 7.9000e+00 1.7500e+01 1.0848e+00 3.6000e+00 0.0000e+00 3.0000e+00 -99.9
'380_918' 17 06 1979 1.1970e+04 6.2000e+00 1.6200e+01 1.0393e+00 3.1000e+00 0.0000e+00 1.9000e+00 -99.9
'380_918' 18 06 1979 1.6460e+04 8.0000e+00 1.9100e+01 1.1127e+00 4.1000e+00 0.0000e+00 2.7000e+00 -99.9
'380_918' 19 06 1979 2.1650e+04 1.0900e+01 2.1800e+01 1.3399e+00 2.6000e+00 0.0000e+00 3.7000e+00 -99.9
'380_918' 20 06 1979 2.6510e+04 1.1900e+01 2.4900e+01 1.4301e+00 2.1000e+00 0.0000e+00 4.8000e+00 -99.9
'380_918' 21 06 1979 2.5140e+04 1.4700e+01 2.7700e+01 1.5460e+00 2.1000e+00 1.1000e+00 4.7000e+00 -99.9
'380_918' 22 06 1979 1.0850e+04 1.2200e+01 1.9200e+01 1.4227e+00 3.1000e+00 0.0000e+00 1.8000e+00 -99.9
'380_918' 23 06 1979 2.5040e+04 1.0700e+01 2.3100e+01 1.2737e+00 2.6000e+00 8.0000e-01 4.4000e+00 -99.9
'380_918' 24 06 1979 1.2240e+04 1.2100e+01 2.0100e+01 1.4299e+00 5.1000e+00 2.3000e+00 2.1000e+00 -99.9
'380_918' 25 06 1979 2.4880e+04 9.7000e+00 1.9700e+01 1.0425e+00 5.7000e+00 1.0000e-01 4.1000e+00 -99.9
'380_918' 26 06 1979 9.5400e+03 1.3600e+01 1.9100e+01 1.4443e+00 3.1000e+00 1.2000e+00 1.6000e+00 -99.9
'380_918' 27 06 1979 1.4420e+04 1.4400e+01 2.0100e+01 1.4504e+00 2.1000e+00 0.0000e+00 2.5000e+00 -99.9
'380_918' 28 06 1979 2.3310e+04 1.0800e+01 2.3100e+01 1.2262e+00 3.1000e+00 0.0000e+00 4.1000e+00 -99.9
'380_918' 29 06 1979 8.5400e+03 1.2600e+01 1.9000e+01 1.4911e+00 5.1000e+00 8.0000e-01 1.4000e+00 -99.9
'380_918' 30 06 1979 1.1390e+04 1.0900e+01 1.6000e+01 1.1547e+00 3.6000e+00 0.0000e+00 1.8000e+00 -99.9
'380_918' 01 07 1979 1.5560e+04 1.0800e+01 1.5800e+01 1.0537e+00 2.6000e+00 0.0000e+00 2.4000e+00 -99.9
'380_918' 02 07 1979 1.3660e+04 9.4000e+00 1.6200e+01 1.0357e+00 1.5000e+00 0.0000e+00 2.1000e+00 -99.9
'380_918' 03 07 1979 2.1910e+04 8.0000e+00 2.1500e+01 1.0744e+00 2.1000e+00 0.0000e+00 3.7000e+00 -99.9
'380_918' 04 07 1979 1.9420e+04 1.1200e+01 1.9800e+01 1.3510e+00 3.1000e+00 0.0000e+00 3.2000e+00 -99.9
'380_918' 05 07 1979 2.5110e+04 9.1000e+00 2.0600e+01 1.1904e+00 2.1000e+00 0.0000e+00 4.2000e+00 -99.9
'380_918' 06 07 1979 1.8640e+04 1.0700e+01 2.2600e+01 1.3316e+00 2.6000e+00 0.0000e+00 3.2000e+00 -99.9
'380_918' 07 07 1979 2.2200e+04 1.2100e+01 2.3800e+01 1.3561e+00 5.7000e+00 2.0000e+00 3.9000e+00 -99.9
'380_918' 08 07 1979 1.8410e+04 1.3800e+01 2.1200e+01 1.3779e+00 5.1000e+00 9.0000e-01 3.2000e+00 -99.9
'380_918' 09 07 1979 6.5100e+03 1.1800e+01 1.8100e+01 1.4125e+00 5.1000e+00 1.8000e+00 1.1000e+00 -99.9
'380_918' 10 07 1979 1.5200e+04 1.1700e+01 1.9500e+01 1.2329e+00 2.6000e+00 0.0000e+00 2.5000e+00 -99.9
'380_918' 11 07 1979 2.0390e+04 1.1500e+01 2.2600e+01 1.2713e+00 3.1000e+00 0.0000e+00 3.5000e+00 -99.9
'380_918' 12 07 1979 1.1900e+04 1.1700e+01 2.0900e+01 1.4318e+00 5.7000e+00 0.0000e+00 2.0000e+00 -99.9
'380_918' 13 07 1979 3.3800e+03 1.3900e+01 1.7100e+01 1.6111e+00 3.1000e+00 1.0300e+01 6.0000e-01 -99.9
'380_918' 14 07 1979 2.1440e+04 1.2000e+01 2.2600e+01 1.5038e+00 3.1000e+00 0.0000e+00 3.6000e+00 -99.9
'380_918' 15 07 1979 1.6950e+04 1.2100e+01 1.8600e+01 1.2601e+00 2.1000e+00 0.0000e+00 2.8000e+00 -99.9
'380_918' 16 07 1979 1.0120e+04 1.0000e+01 1.6900e+01 1.2601e+00 3.1000e+00 9.0000e-01 1.6000e+00 -99.9
'380_918' 17 07 1979 7.5300e+03 1.4000e+01 2.1600e+01 1.6983e+00 3.1000e+00 0.0000e+00 1.3000e+00 -99.9
'380_918' 18 07 1979 1.4060e+04 1.4900e+01 2.2100e+01 1.6774e+00 6.2000e+00 1.5000e+00 2.5000e+00 -99.9
'380_918' 19 07 1979 6.6000e+03 1.3100e+01 1.7000e+01 1.4419e+00 3.6000e+00 0.0000e+00 1.1000e+00 -99.9
'380_918' 20 07 1979 8.6700e+03 1.2500e+01 1.7500e+01 1.3283e+00 4.6000e+00 0.0000e+00 1.4000e+00 -99.9
'380_918' 21 07 1979 1.3130e+04 1.2200e+01 1.7100e+01 1.2664e+00 7.7000e+00 4.2000e+00 2.1000e+00 -99.9
'380_918' 22 07 1979 1.7670e+04 1.0900e+01 1.8200e+01 1.1888e+00 4.1000e+00 0.0000e+00 2.9000e+00 -99.9
'380_918' 23 07 1979 6.0900e+03 1.1700e+01 1.6300e+01 1.3266e+00 3.1000e+00 0.0000e+00 1.0000e+00 -99.9
'380_918' 24 07 1979 9.9500e+03 1.0500e+01 1.9300e+01 1.3454e+00 4.1000e+00 0.0000e+00 1.6000e+00 -99.9
'380_918' 25 07 1979 2.1590e+04 1.1100e+01 2.2600e+01 1.4094e+00 3.6000e+00 0.0000e+00 3.8000e+00 -99.9
'380_918' 26 07 1979 1.9390e+04 1.1700e+01 2.4400e+01 1.3851e+00 2.6000e+00 0.0000e+00 3.4000e+00 -99.9
'380_918' 27 07 1979 1.9820e+04 1.3600e+01 2.7100e+01 1.5425e+00 2.1000e+00 0.0000e+00 3.6000e+00 -99.9
'380_918' 28 07 1979 1.9810e+04 1.6900e+01 2.8800e+01 1.7884e+00 2.1000e+00 0.0000e+00 3.8000e+00 -99.9
'380_918' 29 07 1979 1.6050e+04 1.6200e+01 2.6300e+01 1.9162e+00 4.6000e+00 2.8000e+00 2.9000e+00 -99.9
'380_918' 30 07 1979 1.4520e+04 1.5300e+01 2.1300e+01 1.6089e+00 5.1000e+00 8.0000e-01 2.5000e+00 -99.9
'380_918' 31 07 1979 9.0800e+03 1.3500e+01 2.1300e+01 1.5567e+00 5.7000e+00 5.0000e+00 1.6000e+00 -99.9
'380_918' 01 08 1979 9.4500e+03 1.3600e+01 1.8900e+01 1.5642e+00 6.7000e+00 6.5000e+00 1.6000e+00 -99.9
'380_918' 02 08 1979 2.0550e+04 1.4300e+01 2.2000e+01 1.4525e+00 6.7000e+00 0.0000e+00 3.6000e+00 -99.9
'380_918' 03 08 1979 1.6190e+04 1.2800e+01 2.2000e+01 1.4606e+00 3.6000e+00 1.5000e+00 2.8000e+00 -99.9
'380_918' 04 08 1979 1.2230e+04 1.1700e+01 2.0100e+01 1.4585e+00 2.6000e+00 5.0000e-01 2.0000e+00 -99.9
'380_918' 05 08 1979 1.9720e+04 9.6000e+00 2.3300e+01 1.2482e+00 1.5000e+00 0.0000e+00 3.4000e+00 -99.9
'380_918' 06 08 1979 1.9690e+04 1.2300e+01 2.6400e+01 1.3343e+00 2.1000e+00 0.0000e+00 3.6000e+00 -99.9
'380_918' 07 08 1979 1.7310e+04 1.5300e+01 2.5700e+01 1.6178e+00 4.1000e+00 2.6000e+00 3.2000e+00 -99.9
'380_918' 08 08 1979 7.7600e+03 1.1800e+01 1.8900e+01 1.3729e+00 5.1000e+00 1.0000e+00 1.3000e+00 -99.9
'380_918' 09 08 1979 4.3400e+03 1.0700e+01 1.6000e+01 1.3417e+00 5.1000e+00 1.2000e+01 7.0000e-01 -99.9
'380_918' 10 08 1979 9.4300e+03 1.0600e+01 1.7300e+01 1.2885e+00 4.1000e+00 5.0000e+00 1.5000e+00 -99.9
'380_918' 11 08 1979 7.9700e+03 9.5000e+00 1.7400e+01 1.2640e+00 2.6000e+00 0.0000e+00 1.3000e+00 -99.9
'380_918' 12 08 1979 6.8900e+03 1.1100e+01 2.0900e+01 1.4988e+00 2.6000e+00 6.0000e-01 1.2000e+00 -99.9
'380_918' 13 08 1979 1.4010e+04 1.5300e+01 2.4000e+01 1.8681e+00 3.1000e+00 0.0000e+00 2.5000e+00 -99.9
'380_918' 14 08 1979 1.9820e+04 1.6100e+01 2.7700e+01 1.7169e+00 5.7000e+00 0.0000e+00 3.7000e+00 -99.9
'380_918' 15 08 1979 1.0850e+04 1.4300e+01 1.9500e+01 1.4038e+00 2.6000e+00 1.8000e+00 1.8000e+00 -99.9
'380_918' 16 08 1979 8.2300e+03 1.2700e+01 1.6900e+01 1.3835e+00 2.6000e+00 4.0000e-01 1.3000e+00 -99.9
'380_918' 17 08 1979 1.2260e+04 1.1500e+01 1.8800e+01 1.3530e+00 5.7000e+00 3.0000e-01 2.0000e+00 -99.9
'380_918' 18 08 1979 1.0870e+04 1.0500e+01 1.9700e+01 1.3738e+00 2.6000e+00 0.0000e+00 1.8000e+00 -99.9
'380_918' 19 08 1979 3.2800e+03 1.4300e+01 1.8400e+01 1.6580e+00 2.6000e+00 0.0000e+00 6.0000e-01 -99.9
'380_918' 20 08 1979 1.0960e+04 1.3000e+01 1.8600e+01 1.4816e+00 2.6000e+00 0.0000e+00 1.8000e+00 -99.9
'380_918' 21 08 1979 4.9100e+03 1.1700e+01 1.6700e+01 1.4048e+00 4.6000e+00 2.6000e+00 8.0000e-01 -99.9
'380_918' 22 08 1979 1.4100e+04 9.6000e+00 1.7800e+01 1.0854e+00 3.6000e+00 0.0000e+00 2.3000e+00 -99.9
'380_918' 23 08 1979 1.0070e+04 1.0600e+01 1.7000e+01 1.0786e+00 3.6000e+00 2.4000e+00 1.6000e+00 -99.9
'380_918' 24 08 1979 9.9400e+03 8.8000e+00 1.6500e+01 1.1448e+00 5.1000e+00 5.8000e+00 1.5000e+00 -99.9
'380_918' 25 08 1979 8.2100e+03 9.1000e+00 1.6700e+01 1.2224e+00 4.1000e+00 4.0000e-01 1.3000e+00 -99.9
'380_918' 26 08 1979 1.0540e+04 7.8000e+00 1.7600e+01 1.1795e+00 3.1000e+00 2.8000e+00 1.6000e+00 -99.9
'380_918' 27 08 1979 1.3050e+04 9.2000e+00 1.5800e+01 1.1159e+00 4.1000e+00 7.0000e-01 2.0000e+00 -99.9
'380_918' 28 08 1979 9.2400e+03 8.5000e+00 1.5900e+01 1.0454e+00 2.6000e+00 0.0000e+00 1.4000e+00 -99.9
'380_918' 29 08 1979 1.9290e+04 6.8000e+00 2.1100e+01 9.6377e-01 2.6000e+00 0.0000e+00 3.1000e+00 -99.9
'380_918' 30 08 1979 1.9920e+04 1.0300e+01 2.6700e+01 1.1262e+00 2.6000e+00 0.0000e+00 3.5000e+00 -99.9
'380_918' 31 08 1979 1.6110e+04 1.3600e+01 2.7000e+01 1.4964e+00 2.6000e+00 0.0000e+00 2.9000e+00 -99.9
'380_918' 01 09 1979 1.5850e+04 1.4400e+01 2.7900e+01 1.4394e+00 2.6000e+00 0.0000e+00 3.0000e+00 -99.9
'380_918' 02 09 1979 8.1800e+03 1.2700e+01 2.4000e+01 1.4374e+00 5.1000e+00 2.8000e+00 1.4000e+00 -99.9
'380_918' 03 09 1979 7.1700e+03 1.1800e+01 1.7000e+01 1.2761e+00 7.2000e+00 4.8000e+00 1.2000e+00 -99.9
'380_918' 04 09 1979 9.4600e+03 1.1600e+01 1.8300e+01 1.3089e+00 3.1000e+00 0.0000e+00 1.6000e+00 -99.9
'380_918' 05 09 1979 1.6670e+04 1.0000e+01 2.2000e+01 1.1743e+00 2.1000e+00 0.0000e+00 2.8000e+00 -99.9
'380_918' 06 09 1979 1.8170e+04 1.0900e+01 2.5300e+01 1.2075e+00 3.1000e+00 0.0000e+00 3.2000e+00 -99.9
'380_918' 07 09 1979 6.0200e+03 1.3800e+01 1.9500e+01 1.5449e+00 2.6000e+00 0.0000e+00 1.0000e+00 -99.9
'380_918' 08 09 1979 1.3940e+04 1.3400e+01 2.4400e+01 1.5553e+00 1.5000e+00 8.9000e+00 2.5000e+00 -99.9
'380_918' 09 09 1979 8.9900e+03 1.5800e+01 2.1800e+01 1.7667e+00 2.6000e+00 9.0000e-01 1.6000e+00 -99.9
'380_918' 10 09 1979 1.1500e+04 1.3400e+01 2.2100e+01 1.5204e+00 1.5000e+00 1.0000e-01 2.0000e+00 -99.9
'380_918' 11 09 1979 7.3000e+03 1.2700e+01 1.8100e+01 1.3769e+00 4.1000e+00 0.0000e+00 1.2000e+00 -99.9
'380_918' 12 09 1979 1.5950e+04 1.1800e+01 2.0900e+01 1.3314e+00 3.1000e+00 0.0000e+00 2.7000e+00 -99.9
'380_918' 13 09 1979 5.3700e+03 9.2000e+00 1.7700e+01 1.1237e+00 3.1000e+00 0.0000e+00 9.0000e-01 -99.9
'380_918' 14 09 1979 1.5930e+04 5.7000e+00 1.6200e+01 8.3215e-01 2.6000e+00 3.0000e-01 2.4000e+00 -99.9
'380_918' 15 09 1979 1.3380e+04 5.6000e+00 1.4800e+01 7.9153e-01 3.6000e+00 0.0000e+00 2.0000e+00 -99.9
'380_918' 16 09 1979 1.8340e+04 3.0000e+00 1.6400e+01 7.1152e-01 1.5000e+00 0.0000e+00 2.7000e+00 -99.9
'380_918' 17 09 1979 1.7670e+04 7.1000e+00 2.1500e+01 8.4008e-01 6.2000e+00 0.0000e+00 2.9000e+00 -99.9
'380_918' 18 09 1979 9.1000e+03 1.1700e+01 1.9100e+01 1.1873e+00 7.7000e+00 0.0000e+00 1.5000e+00 -99.9
'380_918' 19 09 1979 1.2200e+04 1.4800e+01 2.2300e+01 1.4092e+00 6.7000e+00 1.0000e-01 2.1000e+00 -99.9
'380_918' 20 09 1979 7.7100e+03 9.2000e+00 1.9500e+01 1.2153e+00 5.1000e+00 2.4000e+00 1.3000e+00 -99.9
'380_918' 21 09 1979 1.5590e+04 6.1000e+00 1.5700e+01 8.7540e-01 3.1000e+00 0.0000e+00 2.3000e+00 -99.9
'380_918' 22 09 1979 1.2320e+04 6.1000e+00 1.4000e+01 8.2987e-01 4.1000e+00 0.0000e+00 1.8000e+00 -99.9
'380_918' 23 09 1979 1.3260e+04 2.4000e+00 1.4600e+01 7.2790e-01 1.5000e+00 0.0000e+00 1.8000e+00 -99.9
'380_918' 24 09 1979 7.5000e+03 3.9000e+00 1.4100e+01 8.6059e-01 2.6000e+00 3.0000e-01 1.1000e+00 -99.9
'380_918' 25 09 1979 9.3700e+03 3.8000e+00 1.4800e+01 8.4762e-01 2.6000e+00 2.0000e-01 1.4000e+00 -99.9
'380_918' 26 09 1979 1.0510e+04 1.0300e+01 1.9400e+01 1.1114e+00 5.7000e+00 0.0000e+00 1.7000e+00 -99.9
'380_918' 27 09 1979 5.0000e+03 1.1400e+01 1.9000e+01 1.3372e+00 3.6000e+00 8.0000e-01 8.0000e-01 -99.9
'380_918' 28 09 1979 8.4300e+03 5.3000e+00 1.4000e+01 8.8120e-01 3.6000e+00 2.0000e-01 1.2000e+00 -99.9
'380_918' 29 09 1979 1.1740e+04 3.3000e+00 1.6300e+01 8.4114e-01 3.1000e+00 0.0000e+00 1.7000e+00 -99.9
'380_918' 30 09 1979 1.2110e+04 4.8000e+00 1.6900e+01 8.5648e-01 3.6000e+00 0.0000e+00 1.8000e+00 -99.9
'380_918' 01 10 1979 1.2250e+04 5.4000e+00 1.9400e+01 9.1128e-01 2.1000e+00 0.0000e+00 1.9000e+00 -99.9
'380_918' 02 10 1979 1.0340e+04 6.4000e+00 1.7700e+01 9.6513e-01 3.6000e+00 0.0000e+00 1.6000e+00 -99.9
'380_918' 03 10 1979 8.1600e+03 9.5000e+00 1.8500e+01 1.1592e+00 2.6000e+00 1.0000e-01 1.3000e+00 -99.9
'380_918' 04 10 1979 8.0600e+03 1.4100e+01 2.2100e+01 1.5044e+00 4.1000e+00 5.0000e-01 1.4000e+00 -99.9
'380_918' 05 10 1979 3.8800e+03 1.2300e+01 1.6700e+01 1.4045e+00 3.1000e+00 1.1000e+01 6.0000e-01 -99.9
'380_918' 06 10 1979 1.0680e+04 9.8000e+00 1.9400e+01 1.2925e+00 2.6000e+00 0.0000e+00 1.7000e+00 -99.9
'380_918' 07 10 1979 6.2800e+03 8.9000e+00 1.7100e+01 1.1805e+00 3.1000e+00 5.0000e-01 1.0000e+00 -99.9
'380_918' 08 10 1979 8.7600e+03 1.1900e+01 2.0300e+01 1.4422e+00 2.1000e+00 0.0000e+00 1.5000e+00 -99.9
'380_918' 09 10 1979 1.0820e+04 1.1100e+01 2.3600e+01 1.3822e+00 2.6000e+00 0.0000e+00 1.9000e+00 -99.9
'380_918' 10 10 1979 1.0240e+04 1.2300e+01 2.5400e+01 1.2910e+00 3.6000e+00 1.3000e+00 1.8000e+00 -99.9
'380_918' 11 10 1979 6.7500e+03 1.3500e+01 2.1000e+01 1.5840e+00 2.6000e+00 6.5000e+00 1.2000e+00 -99.9
'380_918' 12 10 1979 5.3000e+03 1.2000e+01 1.7200e+01 1.3746e+00 3.6000e+00 1.0000e+00 9.0000e-01 -99.9
'380_918' 13 10 1979 4.5900e+03 1.1800e+01 1.9700e+01 1.4165e+00 2.6000e+00 3.2000e+00 7.0000e-01 -99.9
'380_918' 14 10 1979 4.8800e+03 8.7000e+00 1.5000e+01 1.0306e+00 5.7000e+00 6.0000e-01 8.0000e-01 -99.9
'380_918' 15 10 1979 2.0800e+03 8.5000e+00 1.3100e+01 1.1510e+00 2.6000e+00 1.5000e+00 3.0000e-01 -99.9
'380_918' 16 10 1979 5.0200e+03 5.9000e+00 1.4000e+01 1.0459e+00 1.5000e+00 0.0000e+00 7.0000e-01 -99.9
'380_918' 17 10 1979 4.2300e+03 5.2000e+00 1.3100e+01 9.9263e-01 2.1000e+00 5.0000e-01 6.0000e-01 -99.9
'380_918' 18 10 1979 5.9800e+03 4.8000e+00 1.4700e+01 8.8648e-01 5.1000e+00 0.0000e+00 9.0000e-01 -99.9
'380_918' 19 10 1979 9.3800e+03 4.1000e+00 1.5200e+01 8.8923e-01 4.1000e+00 0.0000e+00 1.3000e+00 -99.9
'380_918' 20 10 1979 8.4700e+03 5.4000e+00 1.5100e+01 9.9002e-01 2.6000e+00 0.0000e+00 1.2000e+00 -99.9
'380_918' 21 10 1979 3.1300e+03 5.0000e+00 1.2100e+01 9.1690e-01 4.6000e+00 0.0000e+00 4.0000e-01 -99.9
'380_918' 22 10 1979 8.8700e+03 3.4000e+00 1.0400e+01 6.7471e-01 6.2000e+00 0.0000e+00 1.2000e+00 -99.9
'380_918' 23 10 1979 1.0140e+04 1.9000e+00 1.0600e+01 5.7041e-01 7.2000e+00 0.0000e+00 1.3000e+00 -99.9
'380_918' 24 10 1979 5.3800e+03 4.6000e+00 1.4300e+01 8.9295e-01 3.6000e+00 0.0000e+00 7.0000e-01 -99.9
'380_918' 25 10 1979 8.5600e+03 3.5000e+00 1.3600e+01 6.9968e-01 4.6000e+00 0.0000e+00 1.2000e+00 -99.9
'380_918' 26 10 1979 5.8000e+03 1.8000e+00 8.3000e+00 4.8507e-01 5.1000e+00 0.0000e+00 7.0000e-01 -99.9
'380_918' 27 10 1979 8.0700e+03 -1.0000e-01 8.7000e+00 4.9661e-01 3.1000e+00 0.0000e+00 1.0000e+00 -99.9
'380_918' 28 10 1979 5.6800e+03 -1.2000e+00 9.3000e+00 5.6816e-01 1.5000e+00 2.3000e+00 7.0000e-01 -99.9
'380_918' 29 10 1979 1.3000e+03 4.5000e+00 8.0000e+00 8.6847e-01 3.1000e+00 1.4000e+00 2.0000e-01 -99.9
'380_918' 30 10 1979 5.5300e+03 5.7000e+00 1.1600e+01 9.1042e-01 2.6000e+00 0.0000e+00 8.0000e-01 -99.9
'380_918' 31 10 1979 2.0400e+03 6.9000e+00 1.0500e+01 9.3749e-01 6.7000e+00 5.1000e+00 3.0000e-01 -99.9
'380_918' 01 11 1979 5.1000e+03 8.5000e+00 1.3000e+01 1.0968e+00 4.6000e+00 1.5000e+00 8.0000e-01 -99.9
'380_918' 02 11 1979 6.0700e+03 3.2000e+00 1.1900e+01 8.4237e-01 3.1000e+00 0.0000e+00 8.0000e-01 -99.9
'380_918' 03 11 1979 3.1200e+03 2.0000e+00 9.4000e+00 7.3313e-01 3.6000e+00 0.0000e+00 4.0000e-01 -99.9
'380_918' 04 11 1979 1.5600e+03 7.7000e+00 1.2100e+01 9.8844e-01 8.2000e+00 1.2900e+01 2.0000e-01 -99.9
'380_918' 05 11 1979 3.4100e+03 5.5000e+00 9.1000e+00 8.4193e-01 6.7000e+00 7.8000e+00 5.0000e-01 -99.9
'380_918' 06 11 1979 1.9500e+03 6.5000e+00 1.0900e+01 9.4478e-01 5.1000e+00 4.0000e-01 3.0000e-01 -99.9
'380_918' 07 11 1979 5.3100e+03 5.6000e+00 1.2500e+01 9.2800e-01 6.2000e+00 1.0900e+01 8.0000e-01 -99.9
'380_918' 08 11 1979 3.2700e+03 4.5000e+00 1.2100e+01 8.4439e-01 5.1000e+00 1.4400e+01 5.0000e-01 -99.9
'380_918' 09 11 1979 5.2400e+03 2.0000e+00 9.0000e+00 7.3445e-01 5.7000e+00 1.6000e+00 7.0000e-01 -99.9
'380_918' 10 11 1979 3.0200e+03 1.0000e-01 5.7000e+00 6.4794e-01 4.1000e+00 2.0000e-01 4.0000e-01 -99.9
'380_918' 11 11 1979 5.4700e+03 1.0000e-01 7.7000e+00 6.2890e-01 6.2000e+00 1.7000e+00 7.0000e-01 -99.9
'380_918' 12 11 1979 7.6000e+02 3.3000e+00 7.5000e+00 7.7138e-01 6.7000e+00 1.1000e+00 1.0000e-01 -99.9
'380_918' 13 11 1979 3.8200e+03 -7.0000e-01 5.5000e+00 6.7156e-01 2.6000e+00 1.0000e-01 4.0000e-01 -99.9
'380_918' 14 11 1979 3.9000e+03 -3.0000e-01 9.5000e+00 6.6807e-01 4.6000e+00 2.5000e+00 5.0000e-01 -99.9
'380_918' 15 11 1979 5.4900e+03 1.1000e+00 6.4000e+00 6.5068e-01 5.1000e+00 0.0000e+00 7.0000e-01 -99.9
'380_918' 16 11 1979 3.9400e+03 -3.0000e-01 5.6000e+00 5.9164e-01 4.1000e+00 0.0000e+00 5.0000e-01 -99.9
'380_918' 17 11 1979 5.1200e+03 -2.3000e+00 6.5000e+00 5.5204e-01 3.1000e+00 0.0000e+00 6.0000e-01 -99.9
'380_918' 18 11 1979 1.4400e+03 9.0000e-01 5.4000e+00 6.5716e-01 5.7000e+00 1.3000e+00 2.0000e-01 -99.9
'380_918' 19 11 1979 1.5100e+03 3.0000e+00 6.9000e+00 8.0897e-01 3.6000e+00 1.0000e-01 2.0000e-01 -99.9
'380_918' 20 11 1979 1.1800e+03 3.7000e+00 5.4000e+00 8.1013e-01 2.1000e+00 0.0000e+00 1.0000e-01 -99.9
'380_918' 21 11 1979 2.1400e+03 2.0000e+00 5.9000e+00 7.0593e-01 2.1000e+00 0.0000e+00 3.0000e-01 -99.9
'380_918' 22 11 1979 5.1800e+03 -1.4000e+00 6.9000e+00 6.1036e-01 1.5000e+00 0.0000e+00 6.0000e-01 -99.9
'380_918' 23 11 1979 5.3400e+03 -1.8000e+00 5.1000e+00 5.4564e-01 4.6000e+00 7.0000e-01 6.0000e-01 -99.9
'380_918' 24 11 1979 1.1800e+03 1.4000e+00 4.5000e+00 7.0523e-01 4.6000e+00 0.0000e+00 1.0000e-01 -99.9
'380_918' 25 11 1979 3.6200e+03 1.1000e+00 3.9000e+00 6.1836e-01 6.7000e+00 0.0000e+00 4.0000e-01 -99.9
'380_918' 26 11 1979 1.8900e+03 3.1000e+00 1.0700e+01 8.0506e-01 9.8000e+00 6.5000e+00 3.0000e-01 -99.9
'380_918' 27 11 1979 9.4000e+02 6.6000e+00 1.0800e+01 1.0571e+00 3.1000e+00 9.0000e-01 1.0000e-01 -99.9
'380_918' 28 11 1979 4.0200e+03 6.3000e+00 1.1500e+01 8.7455e-01 6.7000e+00 2.0000e-01 6.0000e-01 -99.9
'380_918' 29 11 1979 5.2200e+03 1.0000e+00 1.3300e+01 7.0748e-01 3.6000e+00 1.0000e-01 7.0000e-01 -99.9
'380_918' 30 11 1979 3.2700e+03 3.5000e+00 1.0900e+01 7.2551e-01 7.2000e+00 5.7000e+00 4.0000e-01 -99.9
'380_918' 01 12 1979 7.0000e+02 9.0000e+00 1.1300e+01 1.0388e+00 7.2000e+00 3.0000e-01 1.0000e-01 -99.9
'380_918' 02 12 1979 2.6900e+03 7.7000e+00 1.2300e+01 9.5762e-01 7.7000e+00 0.0000e+00 4.0000e-01 -99.9
'380_918' 03 12 1979 1.4500e+03 1.0100e+01 1.3000e+01 1.0433e+00 7.2000e+00 3.0000e-01 2.0000e-01 -99.9
'380_918' 04 12 1979 4.0000e+03 6.8000e+00 1.2700e+01 9.4545e-01 5.7000e+00 0.0000e+00 6.0000e-01 -99.9
'380_918' 05 12 1979 1.9000e+03 1.0000e+01 1.3300e+01 9.3969e-01 8.7000e+00 2.6000e+00 3.0000e-01 -99.9
'380_918' 06 12 1979 3.4000e+02 8.7000e+00 1.2300e+01 1.2221e+00 4.1000e+00 9.0000e-01 1.0000e-01 -99.9
'380_918' 07 12 1979 3.1600e+03 9.5000e+00 1.4400e+01 1.0198e+00 6.2000e+00 1.8000e+00 5.0000e-01 -99.9
'380_918' 08 12 1979 9.3000e+02 8.4000e+00 1.1000e+01 1.0669e+00 6.7000e+00 2.7000e+00 1.0000e-01 -99.9
'380_918' 09 12 1979 1.1800e+03 7.9000e+00 1.1500e+01 1.0866e+00 7.7000e+00 9.9000e+00 2.0000e-01 -99.9
'380_918' 10 12 1979 2.9100e+03 8.4000e+00 1.2300e+01 1.0338e+00 8.7000e+00 6.5000e+00 4.0000e-01 -99.9
'380_918' 11 12 1979 3.5000e+02 5.1000e+00 1.2700e+01 9.7871e-01 1.0800e+01 1.8900e+01 0.0000e+00 -99.9
'380_918' 12 12 1979 2.7200e+03 1.5000e+00 5.6000e+00 6.8549e-01 3.6000e+00 5.9000e+00 3.0000e-01 -99.9
'380_918' 13 12 1979 1.0800e+03 4.1000e+00 7.7000e+00 8.1042e-01 6.2000e+00 1.1600e+01 1.0000e-01 -99.9
'380_918' 14 12 1979 9.3000e+02 5.7000e+00 1.0100e+01 8.3151e-01 9.3000e+00 4.3000e+00 1.0000e-01 -99.9
'380_918' 15 12 1979 1.9000e+03 4.6000e+00 1.0700e+01 7.9779e-01 1.1800e+01 1.1300e+01 3.0000e-01 -99.9
'380_918' 16 12 1979 9.5000e+02 2.9000e+00 5.9000e+00 6.6525e-01 8.7000e+00 2.0000e-01 1.0000e-01 -99.9
'380_918' 17 12 1979 6.0000e+02 5.2000e+00 9.4000e+00 7.7868e-01 1.0300e+01 2.9000e+00 1.0000e-01 -99.9
'380_918' 18 12 1979 2.1200e+03 5.0000e-01 6.4000e+00 6.0347e-01 8.2000e+00 1.9000e+00 3.0000e-01 -99.9
'380_918' 19 12 1979 1.4200e+03 3.0000e-01 2.5000e+00 6.6030e-01 4.1000e+00 0.0000e+00 2.0000e-01 -99.9
'380_918' 20 12 1979 1.0300e+03 -1.2000e+00 1.6000e+00 6.1022e-01 2.6000e+00 1.7000e+00 1.0000e-01 -99.9
'380_918' 21 12 1979 2.4100e+03 -1.3000e+00 1.4000e+00 5.3675e-01 3.6000e+00 0.0000e+00 3.0000e-01 -99.9
'380_918' 22 12 1979 1.8700e+03 -1.1000e+00 7.0000e-01 5.4666e-01 5.1000e+00 1.0000e-01 2.0000e-01 -99.9
'380_918' 23 12 1979 5.7000e+02 3.0000e-01 2.0000e+00 5.9641e-01 6.7000e+00 1.0000e+00 1.0000e-01 -99.9
'380_918' 24 12 1979 1.4500e+03 -1.0000e-01 2.9000e+00 5.7771e-01 3.1000e+00 3.0000e+00 2.0000e-01 -99.9
'380_918' 25 12 1979 1.1400e+03 -6.0000e-01 3.9000e+00 6.3098e-01 5.1000e+00 5.0000e-01 1.0000e-01 -99.9
'380_918' 26 12 1979 1.9500e+03 -3.6000e+00 2.0000e-01 4.9620e-01 3.6000e+00 0.0000e+00 2.0000e-01 -99.9
'380_918' 27 12 1979 2.1700e+03 -4.2000e+00 6.1000e+00 4.2479e-01 7.7000e+00 4.4000e+00 2.0000e-01 -99.9
'380_918' 28 12 1979 4.8000e+02 1.5000e+00 7.9000e+00 7.1469e-01 8.2000e+00 1.2000e+00 1.0000e-01 -99.9
'380_918' 29 12 1979 5.1000e+02 5.0000e-01 3.7000e+00 6.4931e-01 7.2000e+00 5.3000e+00 1.0000e-01 -99.9
'380_918' 30 12 1979 1.5900e+03 1.0000e-01 2.8000e+00 6.2101e-01 6.7000e+00 6.9000e+00 2.0000e-01 -99.9
'380_918' 31 12 1979 1.0100e+03 0.0000e+00 3.2000e+00 6.6047e-01 5.1000e+00 2.1000e+00 1.0000e-01 -99.9
